Time,raw_angle_left_rad,raw_angle_right_rad,motor_command_left,motor_command_right,vel_L,vel_R,angle_L,angle_R,gait_phase_left,gait_phase_right,amplitude_left,amplitude_right
0,0.08654663,0.1080577,-0,0,0.761303916675932,0.950524781780478,0.00761303916675932,0.00950524781780478,0,0,-7.7965366221365e-06,0.477562472889506
0.01,0.08656102,0.1080547,-0,0,0.688512906072269,0.859458111957984,0.014498168227482,0.0180998289373846,0,0,-5.16809852281854e-08,0.00337860597894128
0.02,0.08672733,0.1081564,-0,0,0.618017750951039,0.770526852400481,0.0206783457369924,0.0258050974613894,0,0,-2.37196891589879e-10,1.46040063698558e-05
0.03,0.08712769,0.1085652,-0,0,0.550887174557509,0.686016439689663,0.0261872174825675,0.0326652618582861,0,0,-7.77236666546309e-13,4.51053673040348e-08
0.04,0.08713832,0.108607,-0,0,0.481859944877502,0.600265629418001,0.0310058169313425,0.0386679181524661,0,0,-1.00882526321225e-15,5.95728742962023e-11
0.05,0.08753459,0.1090885,-0,0,0.418460217577551,0.521145968776252,0.035190419107118,0.0438793778402286,0,0,-9.37853302387938e-19,5.46489504185744e-14
0.06,0.08754534,0.1091265,-0,0,0.353902319513509,0.440920003021374,0.0387294423022531,0.0482885778704423,0,0,-2.43411044824739e-22,1.4466165150826e-17
0.07,0.087938,0.1095747,-0,0,0.295540852228461,0.367818188050135,0.0416848508245377,0.0519667597509437,0,0,-3.61131212480052e-26,2.03781053344093e-21
0.08,0.08791333,0.109599,-0,0,0.236254267647619,0.294446749127822,0.0440473935010139,0.0549112272422219,0,0,-7.12669865081263e-31,4.30957774475622e-26
0.09,0.08819016,0.110034,-0,0,0.182908313505959,0.228741198937747,0.0458764766360735,0.0571986392315994,0,0,-3.86356644908538e-36,2.7457087823171e-31
0.1,0.08816244,0.1100535,-0,0,0.130064587523152,0.163270405098529,0.047177122511305,0.0588313432825847,0,0,-7.29234435258673e-43,6.07705996656211e-38
0.11,0.08843217,0.1104606,-0,0,0.0833856276217091,0.105588071552451,0.0480109787875221,0.0598872239981092,0,0,-9.46449021969902e-51,1.05172689849235e-45
0.12,0.08850248,0.1106716,-0,0,0.0383221944064269,0.0503242078419106,0.0483942007315864,0.0603904660765283,0,0,-2.17629017361827e-60,3.86195326994153e-55
0.13,0.08846171,0.110653,-0,0,-0.00413979984397006,-0.00259833746520144,0.0483528027331467,0.0603644827018762,0,0,-1.29805253890164e-65,7.44878448229055e-61
0.14,0.08858236,0.1108869,-0,0,-0.0415011887989953,-0.0487318300557247,0.0479377908451567,0.059877164401319,0,0,-8.30983122063267e-60,1.56383245807677e-55
0.15,0.08854035,0.1108872,-0,0,-0.0767698521063949,-0.0925901284934785,0.0471700923240928,0.0589512631163842,0,0,-3.54796354204379e-52,6.85413300975383e-48
0.16,0.08850169,0.1108869,-0,0,-0.108394264555872,-0.131980937858606,0.0460861496785341,0.0576314537377982,0,0,-2.33006746912801e-46,5.4114873395862e-42
0.17,0.08847725,0.1109092,-0,0,-0.136352407160468,-0.166786503765996,0.0447226256069294,0.0559635887001382,0,0,-4.52298552932671e-42,1.20035803026694e-37
0.18,0.08847848,0.1109084,-0,0,-0.160647454931625,-0.197538362025638,0.0431161510576131,0.0539882050798818,0,0,-7.27463125204433e-39,2.38573554255663e-34
0.19,0.08855541,0.1111105,-0,0,-0.180971130514237,-0.222365972389372,0.0413064397524708,0.0517645453559881,0,0,-1.75702564446589e-36,5.48673168168493e-32
0.2,0.08852229,0.1110969,-0,0,-0.199147416879278,-0.245276435229547,0.039314965583678,0.0493117810036926,0,0,-1.53729148336058e-34,5.32004794523751e-30
0.21,0.08846595,0.111134,-0,0,-0.214458521046512,-0.263916132233425,0.0371703803732129,0.0466726196813584,0,0,-5.02847610247966e-33,1.6617620124078e-28
0.22,0.0884528,0.1110861,-0,0,-0.226451914861095,-0.279707583846744,0.0349058612246019,0.0438755438428909,0,0,-6.55641076338362e-32,2.58252851209168e-27
0.23,0.08844405,0.1110652,-0,0,-0.235665684018935,-0.291790560219109,0.0325492043844126,0.0409576382406999,0,0,-4.29433044233566e-31,1.89808321088691e-26
0.24,0.08829746,0.1109546,-0,0,-0.243522234495093,-0.301422210485081,0.0301139820394616,0.037943416135849,0,0,-2.01658495923288e-30,8.75737211682192e-26
0.25,0.08831174,0.1109343,-0,0,-0.247450811829327,-0.307158346304903,0.0276394739211684,0.0348718326728,0,0,-4.18772269113791e-30,2.08966932860909e-25
0.26,0.08817189,0.1107895,-0,0,-0.250535139852178,-0.31118395710327,0.0251341225226466,0.0317599931017673,0,0,-7.32947636785836e-30,3.76951289211137e-25
0.27,0.08820631,0.1107975,-0,0,-0.249935642608797,-0.311177552398756,0.0226347660965586,0.0286482175777797,0,0,-6.20879065224869e-30,3.58891345744611e-25
0.28,0.08822305,0.1107865,-0,0,-0.247667454261026,-0.309002976371114,0.0201580915539483,0.0255581878140686,0,0,-3.7848533994145e-30,2.4270089554783e-25
0.29,0.08820039,0.1107316,-0,0,-0.244084192779456,-0.305084010084732,0.0177172496261538,0.0225073477132213,0,0,-1.76584020576329e-30,1.23827803615648e-25
0.3,0.08825373,0.110751,-0,0,-0.238313041849992,-0.29856326968689,0.0153341192076539,0.0195217150163524,0,0,-5.18994538010325e-31,4.08367752597207e-26
0.31,0.08827303,0.1107516,-0,0,-0.231557270848348,-0.290537480205308,0.0130185464991704,0.0166163402142993,0,0,-1.202539018117e-31,1.01971066293274e-26
0.32,0.08831888,0.110766,-0,0,-0.223421491105372,-0.280913284840383,0.0107843315881167,0.0138072073658955,0,0,-1.96982550911001e-32,1.85235925818579e-27
0.33,0.08849683,0.1108366,-0,0,-0.213160872923325,-0.269530665935949,0.00865272285888342,0.011111900706536,0,0,-1.84570940805765e-33,2.3001738357786e-28
0.34,0.08855607,0.1108699,-0,0,-0.203245674274769,-0.257452603422068,0.00662026611613572,0.00853737467231532,0,0,-1.68070805368171e-34,2.28934096032705e-29
0.35,0.08863243,0.1109012,-0,0,-0.192526629397196,-0.244522887125885,0.00469499982216376,0.00609214580105647,0,0,-1.10639082745541e-35,1.72038831761575e-30
0.36,0.08942602,0.11146,-0,0,-0.175001993210046,-0.226262257254938,0.0029449798900633,0.00382952322850708,0,0,-9.29260296209203e-38,3.5206989634343e-32
0.37,0.08946978,0.1114666,-0,0,-0.16430149242373,-0.212766014507934,0.001301964965826,0.00170186308342775,0,0,-3.94158163323023e-39,1.61704056988068e-33
0.38,0.08951212,0.1114474,-0,0,-0.153327934607147,-0.199094364101936,-0.000231314380245471,-0.000289080557591611,0,0,-1.24165901633879e-40,5.83290043531041e-35
0.39,0.08962224,0.1114207,-0,0,-0.141580871601576,-0.185206077277739,-0.00164712309626123,-0.002141141330369,0,0,-2.31532429985292e-42,1.57443976808736e-36
0.4,0.08999838,0.1116665,-0,0,-0.127475900207196,-0.168765372487264,-0.00292188209833319,-0.00382879505524164,0,0,-1.23032661754067e-44,1.52288588419794e-38
0.41,0.08999766,0.1116478,-0,0,-0.116978266332026,-0.154840914024715,-0.00409166476165345,-0.00537720419548879,0,0,-1.70391456886403e-46,2.09067048812307e-40
0.42,0.09002409,0.1115801,-0,0,-0.106300309546687,-0.141424177222802,-0.00515466785712032,-0.00679144596771681,0,0,-1.46264923683208e-48,2.31262745590533e-42
0.43,0.09000329,0.1115412,-0,0,-0.0961928766870982,-0.127889689812856,-0.0061165966239913,-0.00807034286584537,0,0,-1.0324519271189e-50,1.5770279015112e-44
0.44,0.08996832,0.1114826,-0,0,-0.0863921315066503,-0.11477642405374,-0.0069805179390578,-0.00921810710638277,0,0,-5.0965574300265e-53,7.50508997204302e-47
0.45,0.08995172,0.1114668,-0,0,-0.0766596161985663,-0.101599071299472,-0.00774711410104347,-0.0102340978193775,0,0,-1.4176450807708e-55,1.84931205715824e-49
0.46,0.08979427,0.1112853,-0,0,-0.0684620053493621,-0.0902921801293308,-0.00843173415453709,-0.0111370196206708,0,0,-5.60847110778014e-58,5.74590090878703e-52
0.47,0.08973041,0.1112264,-0,0,-0.0596669759449338,-0.0782486928550588,-0.00902840391398643,-0.0119195065492214,0,0,-7.00484514232893e-61,5.44281260187616e-55
0.48,0.08969401,0.1112048,-0,0,-0.0509746123621074,-0.066371950683721,-0.0095381500376075,-0.0125832260560586,0,0,-3.5830061160453e-64,1.97487401396135e-58
0.49,0.08939394,0.1110159,-0,0,-0.0449981086420748,-0.0565328772145275,-0.00998813112402825,-0.0131485548282039,0,0,-9.8810861619596e-67,9.99902071979067e-62
0.5,0.08910889,0.1108799,-0,0,-0.0390960575108966,-0.0466951402810734,-0.0103790916991372,-0.0136155062310146,0,0,-1.4421284202947e-69,1.45360789576334e-65
0.51,0.08905604,0.1108335,-0,0,-0.0313995095812654,-0.0366103161600133,-0.0106930867949499,-0.0139816093926147,0,0,-7.08611255379153e-74,2.95995110448179e-70
0.52,0.08873149,0.1106598,-0,0,-0.0265477244905892,-0.0282784648090542,-0.0109585640398558,-0.0142643940407053,0,0,-5.27928113674808e-77,7.03073722537698e-75
0.53,0.0884079,0.1105174,-0,0,-0.0219331332405459,-0.0202175025708609,-0.0111778953722612,-0.0144665690664139,0,0,-2.37064505952511e-80,3.87378265350686e-80
0.54,0.08834662,0.1104649,-0,0,-0.0152754102547137,-0.0119511352635921,-0.0113306494748084,-0.0145860804190498,0,0,-5.91942766874407e-86,3.8587761192526e-86
0.55,0.08775198,0.1100303,-0,0,-0.013786523749286,-0.00769534423982154,-0.0114685147123012,-0.014663033861448,0,0,-3.13074582473675e-87,5.82781485154394e-89
0.56,0.08758897,0.109959,-0,0,-0.00855457805313309,-0.000596895539523024,-0.0115540604928325,-0.0146690028168433,0,0,-4.95705069496668e-92,1.41548475329413e-91
0.57,0.08748768,0.1098962,-0,0,-0.0031930603422945,0.00593286571011298,-0.0115859910962555,-0.0146096741597421,0,0,-6.37397834018045e-96,5.03793633893226e-90
0.58,0.08703326,0.1094617,-0,0,-0.00139284290587049,0.00856521220384532,-0.0115999195253142,-0.0145240220377037,0,0,-1.5526802896313e-96,1.43787009756998e-88
0.59,0.08697867,0.1094347,-0,0,0.00375142931641026,0.0144467188556738,-0.0115624052321501,-0.0143795548491469,0,0,-1.12723499159178e-95,1.89080918320486e-84
0.6,0.08690603,0.109387,-0,0,0.0082420020425884,0.0195009449693553,-0.0114799852117242,-0.0141845453994534,0,0,-2.10614403842241e-92,8.44181227181113e-81
0.61,0.0868361,0.1093452,-0,0,0.012284969230326,0.0239943729140206,-0.011357135519421,-0.0139446016703132,0,0,-9.73149625306933e-89,9.50047491064078e-78
0.62,0.08668747,0.1092869,-0,0,0.0151757847551934,0.0277475956860103,-0.011205377671869,-0.0136671257134531,0,0,-3.93589209415041e-86,2.15044220202896e-75
0.63,0.08650643,0.1089498,-0,0,0.0174004360370372,0.0285024692892966,-0.0110313733114986,-0.0133821010205601,0,0,-3.22846122467416e-84,5.24708319626739e-75
0.64,0.08644728,0.1089175,-0,0,0.0203540963554356,0.0316256652145925,-0.0108278323479443,-0.0130658443684142,0,0,-8.93577528116392e-82,3.35659648163956e-73
0.65,0.08629975,0.1089609,-0,0,0.02210777009931,0.0348809947986144,-0.0106067546469512,-0.012717034420428,0,0,-1.94720803853833e-80,1.98311653202933e-71
0.66,0.08627255,0.1089367,-0,0,0.02458366758268,0.0369796402699807,-0.0103609179711244,-0.0123472380177282,0,0,-1.31952875901282e-78,2.28366393133585e-70
0.67,0.08604467,0.1088816,-0,0,0.0248873452089082,0.0383293718242834,-0.0101120445190353,-0.0119639442994854,0,0,-1.8656447094625e-78,9.97476912792831e-70
0.68,0.08591297,0.1089096,-0,0,0.0258092410176574,0.0399846346205104,-0.00985395210885873,-0.0115640979532803,0,0,-7.57039296495027e-78,6.02199614434161e-69
0.69,0.08574276,0.1089128,-0,0,0.0261090839752151,0.040962590903731,-0.00959286126910658,-0.011154472044243,0,0,-1.06495207526484e-77,1.61781320423934e-68
0.7,0.08570005,0.1089013,-0,0,0.0272942627629758,0.041404748466723,-0.00931991864147682,-0.0107404245595757,0,0,-6.51445156068051e-77,2.3575960513609e-68
0.71,0.08546802,0.108912,-0,0,0.0265039446447366,0.0416779576775366,-0.00905487919502946,-0.0103236449828004,0,0,-1.50329398111027e-77,2.84941923333863e-68
0.72,0.08522518,0.1088719,-0,0,0.0254818908635088,0.0411591867591757,-0.00880006028639437,-0.00991205311520863,0,0,-2.22743804638665e-78,1.40717227938465e-68
0.73,0.08489561,0.1087473,-0,0,0.0235926602669311,0.0396283702561689,-0.00856413368372506,-0.00951576941264694,0,0,-6.2474576022239e-80,2.09834545735844e-69
0.74,0.08482802,0.1087234,-0,0,0.0239808056848623,0.0388045038386718,-0.00832432562687644,-0.00912772437426022,0,0,-1.09990230161182e-79,6.94588077760971e-70
0.75,0.0841452,0.1083024,-0,0,0.0187651506082859,0.0342857782193743,-0.00813667412079358,-0.00878486659206648,0,0,-2.24415706293073e-84,1.81547533064158e-72
0.76,0.08413665,0.1083036,-0,0,0.0197659823474735,0.0335848318642482,-0.00793901429731884,-0.00844901827342399,0,0,-1.70867493551639e-83,6.11437669061025e-73
0.77,0.08404779,0.1082716,-0,0,0.0198264457327235,0.0323980421024387,-0.00774074983999161,-0.00812503785239961,0,0,-1.64263086050783e-83,1.00255103813577e-73
0.78,0.08320962,0.1075062,-0,0,0.0131749606982687,0.0246682463388469,-0.00760900023300892,-0.00787835538901114,0,0,-8.42528908843053e-91,2.98094606927458e-79
0.79,0.08321694,0.10751,-0,0,0.0144073588390146,0.0241385176493762,-0.00746492664461877,-0.00763697021251738,0,0,-2.10894869183077e-89,9.64311953673343e-80
0.8,0.08325179,0.1074874,-0,0,0.0156667128709176,0.0232427720485155,-0.0073082595159096,-0.00740454249203222,0,0,-5.00590724894527e-88,1.50251007267513e-80
0.81,0.08321074,0.1073686,-0,0,0.0160365965782838,0.021411893298103,-0.00714789355012676,-0.00719042355905119,0,0,-1.08645612689259e-87,3.20490631234171e-82
0.82,0.08319301,0.1072631,-0,0,0.0164605088061014,0.019697371815098,-0.00698328846206575,-0.00699344984090021,0,0,-2.70381759552026e-87,6.64255527182056e-84
0.83,0.08324056,0.1072227,-0,0,0.0172979849808488,0.0185545773480654,-0.00681030861225726,-0.00680790406741956,0,0,-1.89354298255871e-86,4.0436394371939e-85
0.84,0.08335472,0.1072358,-0,0,0.0185183100315558,0.0178416147236278,-0.0066251255119417,-0.00662948792018328,0,0,-3.16693407734707e-85,6.14925235062036e-86
0.85,0.08351549,0.1072421,-0,0,0.019903992805537,0.0170009036974513,-0.00642608558388633,-0.00645947888320877,0,0,-6.86213212755557e-84,6.31819909619271e-87
0.86,0.08381974,0.1074144,-0,0,0.0222771005653934,0.0175561415901001,-0.0062033145782324,-0.00628391746730776,0,0,-1.03917744618252e-81,2.20398904764481e-86
0.87,0.08420617,0.1076619,-0,0,0.0249970183555799,0.0185907032344013,-0.0059533443946766,-0.00609801043496375,0,0,-2.024578261662e-79,2.4389952846625e-85
0.88,0.0843201,0.1077621,-0,0,0.024912119360718,0.0181174276710716,-0.00570422320106942,-0.00591683615825303,0,0,-1.54265014720533e-79,6.57745646303427e-86
0.89,0.08436274,0.1077883,-0,0,0.024027857839489,0.0169103638447475,-0.00546394462267453,-0.00574773251980556,0,0,-2.48929221417819e-80,2.55606969980718e-87
0.9,0.08603033,0.1090863,-0,0,0.0372453148002883,0.0267598171235803,-0.00509149147467164,-0.00548013434856976,0,0,-3.69418128097406e-71,4.29660877680763e-78
0.91,0.0861659,0.1091874,-0,0,0.0356392865863795,0.0251337882416667,-0.00473509860880785,-0.00522879646615309,0,0,-3.97510287937969e-72,1.931226982476e-79
0.92,0.08739826,0.110278,-0,0,0.0434901471569957,0.0320774270773223,-0.00430019713723789,-0.00490802219537987,0,0,-6.88797403257238e-68,2.36667307001802e-74
0.93,0.08746413,0.1103399,-0,0,0.0401351447777886,0.0292251735193737,-0.00389884568946001,-0.00461577046018613,0,0,-1.23348207431077e-69,2.33494496015984e-76
0.94,0.08755613,0.1103991,-0,0,0.0370002252371168,0.0263841536587907,-0.00352884343708884,-0.00435192892359822,0,0,-2.0962598909817e-71,1.48428992393679e-78
0.95,0.08829967,0.1110473,-0,0,0.0395531713989468,0.0287206090552541,-0.00313331172309937,-0.00406472283304568,0,0,-5.49415374478337e-70,8.66794457044265e-77
0.96,0.08835799,0.1110963,-0,0,0.0356007615985886,0.0254298582214093,-0.00277730410711349,-0.00381042425083159,0,0,-2.8297944352466e-72,2.09500749186902e-79
0.97,0.08841293,0.1111089,-0,0,0.0316978236766812,0.0219240758541861,-0.00246032587034667,-0.00359118349228973,0,0,-8.50355170369348e-75,1.40103718727402e-82
0.98,0.08848892,0.1111412,-0,0,0.0280832901534019,0.0187365194444462,-0.00217949296881265,-0.00340381829784527,0,0,-1.99761030868918e-77,6.30812100166895e-86
0.99,0.08857627,0.1111669,-0,0,0.024675290350494,0.0156345241564075,-0.00193274006530771,-0.00324747305628119,0,0,-3.10766751906168e-80,9.45703018689124e-90
1,0.08871219,0.1111617,-0,0,0.0218068649670839,0.0124249975771886,-0.00171467141563687,-0.0031232230805093,0,0,-6.44905064473999e-83,1.55936977612586e-94
1.01,0.08881794,0.1112492,-0,0,0.0187654530808021,0.0102147519095027,-0.00152701688482885,-0.00302107556141428,0,0,-3.56880903594376e-86,1.53021880726255e-98
1.02,0.0889027,0.1113008,-0,0,0.0156698649790051,0.00781651585721177,-0.0013703182350388,-0.00294291040284216,0,0,-4.45543914397832e-90,7.99583386292202e-104
1.03,0.08894664,0.1112423,-0,0,0.0123754454032685,0.00462069729594727,-0.00124656378100612,-0.00289670342988269,0,0,-3.5527293724333e-95,4.43680743675226e-113
1.04,0.08903581,0.111291,-0,0,0.00967606994316343,0.00260926166941061,-0.00114980308157448,-0.00287061081318858,0,0,-1.77869693691713e-100,1.77972945214494e-120
1.05,0.08902183,0.1111851,-0,0,0.00624564711836095,-0.000579400022012622,-0.00108734661039087,-0.00287640481340871,0,0,-8.24099843917474e-110,1.53902934787059e-126
1.06,0.08911094,0.1112461,-0,0,0.00397412476691789,-0.00202678475349194,-0.0010476053627217,-0.00289667266094363,0,0,-3.19440803562531e-119,1.71561805945894e-122
1.07,0.08917271,0.1112786,-0,0,0.00163965745433385,-0.00356935856834495,-0.00103120878817836,-0.00293236624662708,0,0,-1.47605486400302e-135,1.1023308257793e-116
1.08,0.08925089,0.1113489,-0,0,-0.000352430137391876,-0.00461161679669686,-0.00103473308955228,-0.00297848241459404,0,0,-5.57207216994121e-148,6.17883038352647e-113
1.09,0.08947353,0.1114533,-0,0,-0.000899806046984933,-0.00522074562066011,-0.00104373115002212,-0.00303068987080065,0,0,-5.97288349993866e-143,7.1244237586908e-111
1.1,0.08952536,0.1115489,-0,0,-0.00287460313706023,-0.00580262183705049,-0.00107247718139273,-0.00308871608917115,0,0,-1.43466259724874e-125,5.04275158867204e-109
1.11,0.08961316,0.111651,-0,0,-0.00433313960969478,-0.00622194168275436,-0.00111580857748968,-0.00315093550599869,0,0,-2.23937448887898e-117,9.72669300632863e-108
1.12,0.09019227,0.1123352,-0,0,-0.00133809050982063,-0.00149480187140488,-0.00112918948258788,-0.00316588352471274,0,0,-9.45456429106425e-138,1.05375696262429e-122
1.13,0.0902953,0.1124158,-0,0,-0.00273833980049354,-0.00239324237279903,-0.00115657288059282,-0.00318981594844073,0,0,-2.94787884202504e-126,7.07248849434515e-120
1.14,0.09042843,0.112518,-0,0,-0.00372497854299354,-0.00299690500084759,-0.00119382266602275,-0.00321978499844921,0,0,-2.695752622095e-120,9.52951200865524e-118
1.15,0.09108568,0.11327,-0,0,-1.90422755299013e-05,0.00212391666001649,-0.00119401308877805,-0.00319854583184904,0,0,-4.6358446675371e-146,1.06320107311573e-120
1.16,0.09123768,0.1133834,-0,0,-0.00103399103048213,0.00125523428994145,-0.00120435299908287,-0.00318599348894963,0,0,-7.01808866764423e-140,3.48189618358226e-123
1.17,0.09143291,0.1135082,-0,0,-0.00156797320614051,0.000562712182593517,-0.00122003273114428,-0.00318036636712369,0,0,-5.24379967967179e-135,1.8683255440543e-124
1.18,0.09228782,0.1143946,-0,0,0.00371513532770168,0.00654225067842562,-0.00118288137786726,-0.00311494386033944,0,0,-2.29103003389669e-120,6.57213426978537e-107
1.19,0.09244739,0.1145021,-0,0,0.00245469256203606,0.00520949410497273,-0.0011583344522469,-0.00306284891928971,0,0,-3.13007573858136e-128,7.51873230507634e-111
1.2,0.09267396,0.1146183,-0,0,0.00187657646384971,0.0040401895124218,-0.0011395686876084,-0.00302244702416549,0,0,-7.75248167942052e-133,9.09192273662118e-115
1.21,0.09304297,0.1148251,-0,0,0.00258303775905309,0.0037375086536735,-0.00111373831001787,-0.00298507193762876,0,0,-1.8653160897065e-127,6.29703492037954e-116
1.22,0.09322856,0.114989,-0,0,0.0016166873321406,0.00307366104703588,-0.00109757143669647,-0.0029543353271584,0,0,-2.28971323392853e-135,1.99556662757146e-118
1.23,0.09365628,0.1152593,-0,0,0.00283918340033584,0.00337739776667184,-0.00106917960269311,-0.00292056134949168,0,0,-8.17438903592987e-126,2.01434179020523e-117
1.24,0.09376885,0.1154216,-0,0,0.00119410690430544,0.00270422913495749,-0.00105723853365005,-0.00289351905814211,0,0,-8.8986516493853e-140,5.01463655107946e-120
1.25,0.09393881,0.1155942,-0,0,0.000190318667646572,0.00217001047957455,-0.00105533534697359,-0.00287181895334636,0,0,-2.13758809523114e-148,4.21628066228363e-122
1.26,0.09430417,0.1160263,-0,0,0.000981941014225718,0.0039254112785515,-0.00104551593683133,-0.00283256484056084,0,0,-4.41993529202567e-142,1.14360436131444e-115
1.27,0.09441306,0.1161628,-0,0,-0.000530549727540561,0.00294983412244099,-0.00105082143410674,-0.00280306649933643,0,0,-2.26314273667084e-146,1.94344104387634e-119
1.28,0.09453262,0.1163248,-0,0,-0.00180715726389404,0.00226934428618225,-0.00106889300674568,-0.00278037305647461,0,0,-8.31407923590019e-134,3.64036790321275e-122
1.29,0.0946444,0.1164983,-0,0,-0.00301951397884838,0.00174104195199698,-0.00109908814653416,-0.00276296263695464,0,0,-1.44759796680728e-124,3.25183035947547e-124
1.3,0.09474735,0.1166712,-0,0,-0.00417302767599548,0.00125258695494157,-0.00114081842329411,-0.00275043676740523,0,0,-4.14975721307907e-118,6.74981275789317e-126
1.31,0.09480089,0.1167625,-0,0,-0.00561725365689558,0.000100991929853855,-0.00119699095986307,-0.00274942684810669,0,0,-5.90557278549371e-112,6.16114067150806e-128
1.32,0.09493527,0.1169709,-0,0,-0.0061813983286495,7.55227675961478e-05,-0.00125880494314957,-0.00274867162043073,0,0,-6.43321886932878e-110,5.98755890578346e-128
1.33,0.0949996,0.117055,-0,0,-0.00725181845270156,-0.00101364769293588,-0.00133132312767658,-0.00275880809736009,0,0,-1.56731985523042e-106,1.67446674328952e-126
1.34,0.09538732,0.1175969,-0,0,-0.00535008216154381,0.00197498652096328,-0.00138482394929202,-0.00273905823215045,0,0,-8.61065322913557e-113,1.73142091449658e-123
1.35,0.09547177,0.1176383,-0,0,-0.00620641820542289,0.000368701473751565,-0.00144688813134625,-0.00273537121741294,0,0,-1.07045923054586e-109,7.23132000225957e-128
1.36,0.09573427,0.117654,-0,0,-0.00538310412386564,-0.00131148513886914,-0.0015007191725849,-0.00274848606880163,0,0,-1.50384076229946e-112,9.88071623707874e-126
1.37,0.09600086,0.1177444,-0,0,-0.00454735133692041,-0.00217747421779557,-0.00154619268595411,-0.00277026081097958,0,0,-7.73904156498323e-116,1.45287300824006e-122
1.38,0.09620394,0.1176617,-0,0,-0.00429513540929483,-0.00443839612042907,-0.00158914404004706,-0.00281464477218388,0,0,-7.15683132188113e-117,6.98438834378715e-114
1.39,0.09637074,0.1176513,-0,0,-0.00434044514374454,-0.00583159704323344,-0.0016325484914845,-0.00287296074261621,0,0,-1.33732595041906e-116,2.8941259003698e-109
1.4,0.09650777,0.1175011,-0,0,-0.00460040095256192,-0.00825645320922386,-0.00167855250101012,-0.00295552527470845,0,0,-2.04032123033522e-115,9.15498547953647e-103
1.41,0.09657673,0.1172863,-0,0,-0.00538742714220181,-0.0109554185463494,-0.00173242677243214,-0.00306507946017194,0,0,-2.82078658314681e-112,4.09831106672498e-97
1.42,0.09662146,0.1170401,-0,0,-0.00626797856759378,-0.0135965660620754,-0.00179510655810808,-0.0032010451207927,0,0,-3.35105456736433e-109,1.17512788947384e-92
1.43,0.09663993,0.1169818,-0,0,-0.00724473979611048,-0.0142675511255516,-0.00186755395606918,-0.00334372063204821,0,0,-3.25517518598041e-106,1.29096112938632e-91
1.44,0.09657321,0.1166497,-0,0,-0.00881449391204253,-0.0171276147057586,-0.00195569889518961,-0.0035149967791058,0,0,-3.93120569700136e-102,8.82405605049047e-88
1.45,0.09640115,0.1162133,-0,0,-0.0110886677136839,-0.0204974848586821,-0.00206658557232645,-0.00371997162769262,0,0,-2.67666583152419e-97,5.62060668921622e-84
1.46,0.09637758,0.1159968,-0,0,-0.0117797225049573,-0.0215055429389739,-0.00218438279737602,-0.00393502705708236,0,0,-5.45427398454258e-96,6.28048628013178e-83
1.47,0.09630729,0.1158731,-0,0,-0.0127184217890302,-0.0214476684595241,-0.00231156701526632,-0.0041495037416776,0,0,-2.44021577605746e-94,6.03808073600974e-83
1.48,0.09630752,0.115745,-0,0,-0.0128558407713755,-0.0212549171751276,-0.00244012542298008,-0.00436205291342887,0,0,-4.48962731096891e-94,4.3033024822701e-83
1.49,0.09635322,0.1157015,-0,0,-0.012478510118224,-0.0201718597129588,-0.00256491052416232,-0.00456377151055846,0,0,-1.17581738594746e-94,3.91025661501863e-84
1.5,0.09649817,0.115724,-0,0,-0.0111660342011788,-0.0184445938496131,-0.0026765708661741,-0.00474821744905459,0,0,-6.52306276226017e-97,6.35414786873279e-86
1.51,0.0967349,0.1158378,-0,0,-0.00907478579413884,-0.0159225720650069,-0.00276731872411549,-0.00490744316970466,0,0,-4.67904351170337e-101,7.92212768842711e-89
1.52,0.09707187,0.1160089,-0,0,-0.00621503315074851,-0.0129874072729074,-0.00282946905562298,-0.00503731724243374,0,0,-3.38952098169494e-108,1.02471754674526e-92
1.53,0.09746592,0.1162133,-0,0,-0.00305084036581871,-0.00990439478420246,-0.00285997745928117,-0.00513636119027576,0,0,-7.60075890815669e-119,1.55001807033391e-97
1.54,0.09794938,0.1164558,-0,0,0.000648064793168202,-0.00666863516618843,-0.00285349681134948,-0.00520304754193764,0,0,-1.34227586109249e-126,1.5031446942569e-103
1.55,0.09852324,0.1168196,-0,0,0.00481554219297092,-0.00259727393529874,-0.00280534138941977,-0.00522902028129063,0,0,-1.31140046024646e-112,1.34309230745192e-111
1.56,0.09913841,0.1172094,-0,0,0.00895165725695191,0.0013812120326816,-0.00271582481685026,-0.00521520816096382,0,0,-2.31255163621834e-101,2.58541203227463e-113
1.57,0.09972984,0.1175136,-0,0,0.0124617799553836,0.00428291554381455,-0.00259120701729642,-0.00517237900552567,0,0,-1.1258483981858e-94,1.46748406449419e-108
1.58,0.1004503,0.1180032,-0,0,0.0167017189976506,0.00851817936809462,-0.00242418982731991,-0.00508719721184472,0,0,-1.50429227847972e-88,4.38619816158173e-100
1.59,0.1007314,0.1181277,-0,0,0.016633503520394,0.00918643897458526,-0.00225785479211597,-0.00499533282209887,0,0,-1.1490371855369e-88,6.06440756129595e-99
1.6,0.1010555,0.118354,-0,0,0.0168254016461806,0.0106230528036922,-0.00208960077565417,-0.00488910229406195,0,0,-1.89395863897446e-88,1.62667557057387e-96
1.61,0.1013011,0.1186061,-0,0,0.0161982610723061,0.0120937480722901,-0.00192761816493111,-0.00476816481333905,0,0,-2.74795527740648e-89,3.23373457897565e-94
1.62,0.1015004,0.1189343,-0,0,0.0151067066116979,0.0140190383408934,-0.00177655109881413,-0.00462797442993011,0,0,-8.32778267025247e-91,1.87031202009964e-91
1.63,0.1015863,0.119205,-0,0,0.0130168160521035,0.0151919921362618,-0.00164638293829309,-0.0044760545085675,0,0,-5.13414044274949e-94,6.27297304257439e-90
1.64,0.1016202,0.1195488,-0,0,0.0105653749376203,0.0167951205740973,-0.00154072918891689,-0.00430810330282652,0,0,-1.72039950449818e-98,5.80673221364699e-88
1.65,0.101538,0.119903,-0,0,0.0072447134055868,0.0182395181451475,-0.00146828205486102,-0.00412570812137505,0,0,-1.78247436621169e-106,2.54302374315481e-86
1.66,0.1014083,0.1203315,-0,0,0.00375325915641189,0.0200781971014601,-0.0014307494632969,-0.00392492615036045,0,0,-1.01499415790981e-119,2.27150035862009e-84
1.67,0.1012061,0.1207632,-0,0,-8.63261498730838e-05,0.0216501118770397,-0.00143161272479563,-0.00370842503159005,0,0,-4.4014676090272e-142,7.94128630426404e-83
1.68,0.1009593,0.1212094,-0,0,-0.00397036805160228,0.0230630313587513,-0.00147131640531166,-0.00347779471800254,0,0,-1.41765133426019e-118,1.59534767507741e-81
1.69,0.1006726,0.1216659,-0,0,-0.0078244769482938,0.0242842026146933,-0.00154956117479459,-0.0032349526918556,0,0,-8.00508244078409e-105,1.86245369575515e-80
1.7,0.1003736,0.1221263,-0,0,-0.0113825686894902,0.0252646881887116,-0.0016633868616895,-0.00298230580996849,0,0,-7.15070190018301e-97,1.22702348266434e-79
1.71,0.1000568,0.1225941,-0,0,-0.0146900214661104,0.0260488052478129,-0.0018102870763506,-0.00272181775749036,0,0,-2.12656108133636e-91,5.25051453500341e-79
1.72,0.0997184,0.1231302,-0,0,-0.0177760403015057,0.027171983181445,-0.00198804747936566,-0.00245009792567591,0,0,-2.7518508145423e-87,4.04483180273597e-78
1.73,0.09944489,0.1236453,-0,0,-0.0198850698964522,0.0278261208074084,-0.00218689817833018,-0.00217183671760183,0,0,-7.40969856243612e-85,1.26324449961991e-77
1.74,0.09912349,0.1244155,-0,0,-0.0220651690089536,0.0304276676344263,-0.00240754986841971,-0.00186756004125756,0,0,-1.33897287156867e-82,1.04032947960754e-75
1.75,0.09893104,0.1251717,-0,0,-0.0227570200882971,0.032467658944141,-0.00263512006930269,-0.00154288345181615,0,0,-6.50568758620797e-82,2.57011573373692e-74
1.76,0.098706,0.1264403,-0,0,-0.0234877108801077,0.0385184067564725,-0.00286999717810376,-0.00115769938425143,0,0,-3.27988199904425e-81,1.27682875396574e-70
1.77,0.09854186,0.1280125,-0,0,-0.0234358273964568,0.0463866434891985,-0.00310435545206833,-0.000693832949359443,0,0,-3.13170598862779e-81,1.36455051871425e-66
1.78,0.09842562,0.1300961,-0,0,-0.0227823568808813,0.057646888202645,-0.00333217902087714,-0.000117364067332993,0,0,-8.36876472889089e-82,7.10807178542986e-62
1.79,0.09832844,0.1327709,-0,0,-0.0218348617936149,0.0726072978323093,-0.00355052763881329,0.0006087089109901,0,0,-1.1318529978428e-82,7.28937253477109e-57
1.8,0.09827808,0.1363465,-0,0,-0.0203848138170344,0.0935040162697063,-0.00375437577698364,0.00154374907368716,0,0,-4.36947499861661e-84,2.27711896274144e-51
1.81,0.09819303,0.1407722,-0,0,-0.0191943921498612,0.119226862442597,-0.00394631969848225,0.00273601769811314,0,0,-2.63718786704282e-85,4.33845619673258e-46
1.82,0.09810193,0.1461895,-0,0,-0.0180013874665263,0.150383957901652,-0.00412633357314751,0.00423985727712966,0,0,-1.3621057640518e-86,4.80414072459136e-41
1.83,0.09792663,0.1527168,-0,0,-0.0174932984595646,0.187285927329001,-0.00430126655774316,0.00611271655041967,0,0,-3.92490448683115e-87,2.81663433061723e-36
1.84,0.09777066,0.1604949,-0,0,-0.0167152640343584,0.230370795501653,-0.00446841919808674,0.0084164245054362,0,0,-5.22402236049944e-88,8.88723519276553e-32
1.85,0.09791047,0.1698331,-0,0,-0.0132958802760084,0.281438226483624,-0.00460137800084683,0.0112308067702724,0,0,-1.68644308045651e-92,1.99224744699962e-27
1.86,0.09747107,0.1798271,-0,0,-0.015087951117227,0.331618819082026,-0.0047522575120191,0.0145469949610927,0,0,-5.90754878192898e-90,7.34081543284585e-24
1.87,0.09686027,0.1908324,-0,0,-0.0180836516837399,0.383666570496059,-0.0049330940288565,0.0183836606660533,0,0,-2.86109346156509e-86,1.08520149290866e-20
1.88,0.09607568,0.2027474,-0,0,-0.0221759885175529,0.436147398078693,-0.00515485391403203,0.0227451346468402,0,0,-4.76900512036087e-82,6.66907535299099e-18
1.89,0.09518569,0.2155355,-0,0,-0.0266440583743475,0.488308082215537,-0.0054212944977755,0.0276282154689956,0,0,-3.41488741148022e-78,1.91562484259549e-15
1.9,0.09379179,0.2283902,-0,0,-0.0348799530463901,0.532828366415036,-0.0057700940282394,0.032956499133146,0,0,-1.71727340093251e-72,1.52664360106246e-13
1.91,0.09212225,0.2414664,-0,0,-0.044511098236692,0.571360768755317,-0.00621520501060632,0.0386701068206991,0,0,-2.79242016730584e-67,5.10569362366036e-12
1.92,0.09004113,0.2543365,-0,0,-0.0565217516606979,0.600441444927786,-0.0067804225272133,0.044674521269977,0,0,-3.79162684686755e-62,6.25726572761668e-11
1.93,0.08711568,0.2661553,-0,0,-0.0743688188111191,0.613381746857579,-0.00752411071532449,0.0508083387385528,0,0,-3.11191789475719e-56,1.8780073661802e-10
1.94,0.08422241,0.2776734,-0,0,-0.0897993436010036,0.617930794516208,-0.00842210415133453,0.0569876466837149,0,0,-3.72955795930431e-52,2.83046806318166e-10
1.95,0.08088236,0.288167,-5.990511856568e-50,0,-0.107061108737678,0.6085375542107,-0.00949271523871131,0.0630730222258219,-1.5707963267949,0,-2.3962047426272e-48,1.3909056655321e-10
1.96,0.07730083,0.2975685,-9.47865591599089e-47,0,-0.124079195450072,0.585883322662217,-0.010733507193212,0.068931855452444,-1.5707963267949,0,-3.79146236639635e-45,2.25285654902284e-11
1.97,0.07327708,0.305607,-9.50813204792689e-44,0,-0.142485097414655,0.54894191395918,-0.0121583581673586,0.0744212745920358,-1.5707963267949,0,-3.80325281917076e-42,9.70460055645705e-13
1.98,0.06903353,0.3121422,-3.22305598460161e-41,0,-0.160084782624923,0.498006792777155,-0.0137592059936078,0.0794013425198074,-1.5707963267949,0,-1.28922239384064e-39,8.85578847685648e-15
1.99,0.06467438,0.3172383,-3.62380857818984e-39,0,-0.175906878990103,0.435212069251102,-0.0155182747835088,0.0837534632123184,-1.5707963267949,0,-1.44952343127594e-37,1.38927272331317e-17
2,0.05994482,0.3209827,-3.06749907319725e-37,0,-0.192193140932608,0.362796258696552,-0.0174402061928349,0.0873814257992839,-1.5707963267949,0,-1.2269996292789e-35,2.56041921221435e-21
2.01,0.05508059,0.3232573,-1.19467924291103e-35,0,-0.206729751660749,0.281110368719817,-0.0195075037094424,0.0901925294864821,-1.5707963267949,0,-4.7787169716441e-34,2.09199838015821e-26
2.02,0.05015093,0.3242888,-2.16016818772884e-34,0,-0.218952929337735,0.193513090679311,-0.0216970330028198,0.0921276603932752,-1.5707963267949,0,-8.64067275091536e-33,2.32522144157852e-33
2.03,0.04519985,0.3243079,-1.91443046262951e-33,0,-0.228584312372976,0.103152652454732,-0.0239828761265495,0.0931591869178225,-1.5707963267949,0,-7.65772185051805e-32,9.17461319940459e-43
2.04,0.04020868,0.3232684,-9.65593624208243e-33,0,-0.235932949369227,0.0105433061111508,-0.0263422056202418,0.093264619978934,-1.5707963267949,0,-3.86237449683297e-31,2.73296471171049e-51
2.05,0.03544217,0.3215934,-1.87101566264411e-32,0,-0.238838754643515,-0.0797885301037482,-0.0287305931666769,0.0924667346778965,-1.5707963267949,0,-7.48406265057644e-31,1.42707193506234e-45
2.06,0.0306686,0.3199889,-2.36195581922854e-32,2.29259729070948e-38,-0.239671384382917,-0.161291567347748,-0.0311273070105061,0.0908538190044191,-1.5707963267949,-2.49998545218048,-9.44782327691414e-31,1.53310351332338e-36
2.07,0.02579433,0.3171538,-2.39318349984822e-32,8.67245323667724e-31,-0.239412388001803,-0.245304807500853,-0.0335214308905241,0.0884007709294105,-1.5707963267949,-2.16964461766478,-9.57273399939286e-31,4.20632505743409e-29
2.08,0.02153237,0.3152706,-5.47252479915683e-33,4.69807051135221e-26,-0.231965579317504,-0.312221484018574,-0.0358410866836992,0.0852785560892248,-1.5707963267949,-2.00460726978888,-2.18900991966273e-31,2.07610812118845e-24
2.09,0.01728022,0.312863,-9.12731721555796e-34,2.68527947456533e-22,-0.223235618373628,-0.375705289195157,-0.0380734428674355,0.0815215031972732,-1.5707963267949,-1.89387420232634,-3.65092688622319e-32,1.13446305061081e-20
2.1,0.01351992,0.3112782,-4.29754006851154e-35,8.31046778554135e-20,-0.209212523236979,-0.423997759355561,-0.0401655680998052,0.0772815256037176,-1.5707963267949,-1.82183454266521,-1.71901602740462e-33,3.43503629970626e-18
2.11,0.01026605,0.3104326,-5.0612078454935e-37,3.55417783702037e-18,-0.190331415114583,-0.458764423304984,-0.0420688822509511,0.0726938813706678,-1.5707963267949,-1.76896529458762,-2.0244831381974e-35,1.45091853936912e-16
2.12,0.007505401,0.3106334,-1.25825507565162e-39,2.5453678350589e-17,-0.167268610441301,-0.478271353341234,-0.0437415683553641,0.0679111678372554,-1.5707963267949,-1.72796841805747,-5.0330203026065e-38,1.0312415305546e-15
2.13,0.005288222,0.3117009,-4.0598070478134e-43,4.86024896093692e-17,-0.140123093856262,-0.48522884793459,-0.0451427992939267,0.0630588793579095,-1.5707963267949,-1.69323170196239,-1.62392281912536e-41,1.95920911828648e-15
2.14,0.003519939,0.3135755,-1.24011514786693e-47,3.03572225065426e-17,-0.1102737812363,-0.481178874516326,-0.0462455371062897,0.0582470906127463,-1.5707963267949,-1.66192957401604,-4.9604605914677e-46,1.21950261466294e-15
2.15,0.002010094,0.315423,-3.59916433264664e-53,1.40721207045116e-17,-0.0798331391940348,-0.474263735509235,-0.0470438684982301,0.0535044532576539,-1.5707963267949,-1.63071885986952,-1.43966573305866e-51,5.63927600746509e-16
2.16,0.001280007,0.3185523,-7.8824808334279e-61,1.46985142015802e-18,-0.0445578496117696,-0.453540046004888,-0.0474894469943478,0.048969052797605,-1.5707963267949,-1.60080451153084,-3.15299233337116e-59,5.88213402139555e-17
2.17,0.001379283,0.3229911,-1.47233125437923e-67,3.17558258242627e-20,-0.0047039522121235,-0.420114359940387,-0.047536486516469,0.0447679091982012,-1.5707963267949,-1.57002919882569,-5.88932501751692e-66,1.27023341803729e-18
2.18,0.001606061,0.3267028,6.60265635105135e-62,1.08842073450888e-21,0.0329374552432462,-0.392816519077315,-0.0472071119640365,0.040839744007428,1.5707963267949,-1.53596501966468,-6.60265635105135e-62,4.35640526757628e-20
2.19,0.002057144,0.3295415,7.03501366804777e-54,7.54479610956023e-23,0.0691121977394049,-0.372575721953997,-0.0465159899866425,0.037113986787888,1.5707963267949,-1.49941924740617,-7.03501366804777e-54,3.02585617288938e-21
2.2,0.003644808,0.3333746,7.19637857490615e-46,1.17729796855656e-24,0.111589395615816,-0.342904433281287,-0.0454000960304843,0.0336849424550752,1.5707963267949,-1.45721087045604,-7.19637857490615e-46,4.74066365234147e-23
2.21,0.005149988,0.3357121,2.32030722730086e-40,9.41952287162855e-26,0.148918532151392,-0.326205678955402,-0.0439109107089704,0.0304228856655212,1.5707963267949,-1.41533831689809,-2.32030722730086e-40,3.81520494083808e-24
2.22,0.007400862,0.3372889,1.25748801292139e-35,1.62565202962415e-26,0.188448202063746,-0.315179593306412,-0.0420264286883329,0.027271089732457,1.5707963267949,-1.37408938968353,-1.25748801292139e-35,6.63438446348639e-25
2.23,0.01040228,0.337918,1.56129898446982e-31,8.00377987855521e-27,0.229727050034097,-0.311021054729566,-0.039729158187992,0.0241608791851614,1.5707963267949,-1.33671634592562,-1.56129898446982e-31,3.29401363763912e-25
2.24,0.01395944,0.3367936,4.26934133632963e-28,3.19901798936612e-26,0.270596107005614,-0.320080354597166,-0.0370231971179358,0.0209600756391897,1.5707963267949,-1.31118443428639,-4.26934133632963e-28,1.32532546304931e-24
2.25,0.01879352,0.3355283,9.80385363121068e-25,9.3815734500683e-26,0.317035431371175,-0.327314548106066,-0.0338528428042241,0.0176869301581291,1.5707963267949,-1.28512665598412,-9.80385363121068e-25,3.91593498550966e-24
2.26,0.0253629,0.3341438,2.64025266298405e-21,2.02985819881018e-25,0.372182607202127,-0.332637987247495,-0.0301310167322028,0.0143605502856541,1.5707963267949,-1.25825021065697,-2.64025266298405e-21,8.54520805995877e-24
2.27,0.03305005,0.3312787,3.16384022741908e-18,1.84594013666723e-24,0.429498543393489,-0.347844973134541,-0.0258360312982679,0.0108821005543087,1.5707963267949,-1.24238460311015,-3.16384022741908e-18,7.81305615971092e-23
2.28,0.04235592,0.3276697,2.89462794525917e-15,2.19679043894901e-23,0.492700346865075,-0.365649265872165,-0.0209090278296172,0.00722560789558706,1.5707963267949,-1.22950005276169,-2.89462794525917e-15,9.34087592153605e-22
2.29,0.0535772,0.3235776,2.29276330966665e-12,2.33793005641673e-22,0.563364308683548,-0.38345504138975,-0.0152753847427817,0.00339105748168956,1.5707963267949,-1.2167509328424,-2.29276330966665e-12,9.98814948651597e-21
2.3,0.06687857,0.319152,1.52228701180393e-09,1.88089618518935e-21,0.641726971392997,-0.399841888605499,-0.00885811502885173,-0.000607361404365427,1.5707963267949,-1.20282972179736,-1.52228701180393e-09,8.07891269367249e-20
2.31,0.08241861,0.3146228,8.24695017227603e-07,9.2698367348245e-21,0.727891384972505,-0.412831764511224,-0.00157920117912668,-0.00473567904947767,1.5707963267949,-1.18607152865569,-8.24695017227603e-07,4.00864187568225e-19
2.32,0.1000572,0.3099117,0.000305996272520866,3.23754889788476e-20,0.819298791990812,-0.423287537959353,0.00661378674078144,-0.00896855442907121,1.5707963267949,-1.1674913194243,-0.000305996272520866,1.41110890972271e-18
2.33,0.1196964,0.3051676,0.0719662909139969,7.18553337925103e-20,0.91393753644227,-0.430065228296889,0.0157531621052041,-0.0132692067120401,1.5707963267949,-1.14605696518638,-0.0719662909139969,3.16199218086964e-18
2.34,0.1406749,0.299882,3.68366077202512,1.76112361909478e-19,1.00505263675486,-0.437779883686907,0.0258036884727528,-0.0176470055489092,1.5707963267949,-1.12627914753,-3.68366077202512,7.82224469366525e-18
2.35,0.1636233,0.2954044,6.44079307878318,1.25183565551403e-19,1.09771015324979,-0.434728666209559,0.0367807900052506,-0.0219942922110048,1.5707963267949,-1.09631238357128,-6.44079307878318,5.64394812291312e-18
2.36,0.1871777,0.2904184,6.49836005597245,1.05493466612243e-19,1.17921059672719,-0.433126486981983,0.0485728959725226,-0.0263255570808246,1.5707963267949,-1.06851955178036,-6.49836005597245,4.82710060426908e-18
2.37,0.2109091,0.2850837,6.49989805174914,8.88527388711115e-20,1.24614979005371,-0.431484415332196,0.0610343938730596,-0.0306404012341465,1.5707963267949,-1.04136645959297,-6.49989805174914,4.1283959390431e-18
2.38,0.234529,0.2794064,6.49998635859338,7.44260991170041e-20,1.29674635417276,-0.429759158843813,0.0740018574147873,-0.0349379928225847,1.5707963267949,-1.01481263974552,-6.49998635859338,3.51311406622603e-18
2.39,0.2576334,0.2733516,6.49999603628376,6.42887724296666e-20,1.32849773102136,-0.428261222962917,0.0872868347250009,-0.0392206050522138,1.5707963267949,-0.989235558211548,-6.49999603628376,3.08342134713296e-18
2.4,0.2797185,0.2663758,6.49999735508194,9.81578921874138e-20,1.33839694049113,-0.431625030144738,0.100670804129912,-0.0435368553536612,1.5707963267949,-0.97031998991633,-6.49999735508194,4.76597106613837e-18
2.41,0.3011245,0.2595036,6.49999667680814,9.08469821064445e-20,1.33119272195122,-0.430632204280098,0.113982731349424,-0.0478431773964622,1.5707963267949,-0.94668235879647,-6.49999667680814,4.48159515978836e-18
2.42,0.3212459,0.2519914,6.49999086716139,1.11177287009902e-19,1.30314577932239,-0.432018066416462,0.127014189142648,-0.0521633580606268,1.5707963267949,-0.926742268454095,-6.49999086716139,5.56103145634199e-18
2.43,0.3403903,0.2439452,6.49995211562657,1.57508553520831e-19,1.25892656683848,-0.434651068282848,0.139603454811033,-0.0565098687434553,1.5707963267949,-0.909029934729547,-6.49995211562657,7.97885387928833e-18
2.44,0.3584777,0.2354326,6.49951053160585,2.37527220341783e-19,1.19956099661027,-0.437818259516407,0.151599064777136,-0.0608880513386194,1.5707963267949,-0.892583551369914,-6.49951053160585,1.21784773141781e-17
2.45,0.3754484,0.226128,6.48987756651759,5.14729037523093e-19,1.12627738794475,-0.444223753320626,0.162861838656583,-0.0653302888718256,1.5707963267949,-0.880735174983944,-6.48987756651759,2.66272790517024e-17
2.46,0.39184,0.2172513,6.16168452711329,4.82164944544437e-19,1.04549161084798,-0.44310262288298,0.173316754765063,-0.0697613151006554,1.5707963267949,-0.859856060477414,-6.16168452711329,2.53493947146794e-17
2.47,0.4073085,0.2078721,1.30832478722173,5.11177775097702e-19,0.955467385192836,-0.44305262689205,0.182871428616991,-0.0741918413695759,1.5707963267949,-0.840990081126079,-1.30832478722173,2.72863601214095e-17
2.48,0.4219141,0.1980099,0.01044626874078,5.94885422308361e-19,0.858199531452623,-0.443804649680674,0.191453423931518,-0.0786298878663827,1.5707963267949,-0.823756775540781,-0.01044626874078,3.22165396885927e-17
2.49,0.4358628,0.1883775,3.08208409533358e-05,3.83422577442514e-19,0.756831139809414,-0.439181307268562,0.199021735329612,-0.0830217009390683,1.5707963267949,-0.80020807409999,-3.08208409533358e-05,2.1199399058311e-17
2.5,0.4490691,0.1787195,3.51564548279772e-08,1.82549539329212e-19,0.651736891793295,-0.431850187613531,0.205539104247545,-0.0873402028152036,1.5707963267949,-0.773759094951192,-3.51564548279772e-08,1.03474270710403e-17
2.51,0.4615568,0.1692454,1.3262841832226e-11,5.32618117706837e-20,0.54424256580127,-0.420296383118163,0.210981529905557,-0.0915431666463852,1.5707963267949,-0.74224028766123,-1.3262841832226e-11,3.1183165092756e-18
2.52,0.4732925,0.1599725,1.31777160169618e-15,9.52087873657376e-21,0.435071543592841,-0.404807194872991,0.215332245341486,-0.0955912385951151,1.5707963267949,-0.705728707182157,-1.31777160169618e-15,5.81402634582639e-19
2.53,0.4843196,0.151116,3.05506655755254e-20,8.35064111491951e-22,0.325566909797441,-0.383986697437836,0.21858791443946,-0.0994311055694935,1.5707963267949,-0.661737187931142,-3.05506655755254e-20,5.41206017203755e-20
2.54,0.4945166,0.1425164,1.88977622748367e-25,4.20905292343103e-23,0.215525354428951,-0.359795721049583,0.22074316798375,-0.103029062779989,1.5707963267949,-0.612486930210433,-1.88977622748367e-25,2.96061929188921e-21
2.55,0.5038753,0.1341971,2.16236127374171e-30,1.16267845790542e-24,0.105748432659517,-0.332492075292297,0.221800652310345,-0.106353983532912,1.5707963267949,-0.557814610108983,-2.16236127374171e-30,9.11243101171776e-23
2.56,0.5124483,0.12622,-3.22052409223442e-34,1.5954987252832e-26,-0.00250267340485166,-0.302005017459212,0.221775625576296,-0.109374033707504,-1.5707963267949,-0.49701334159153,-1.28820963689377e-32,1.41813828700804e-24
2.57,0.5202312,0.1187261,-3.87086520711613e-32,8.86082287538362e-29,-0.10858330576438,-0.267616428596744,0.220689792518653,-0.112050197993472,-2.4003435646896,-0.428152053443837,-2.26870551194424e-30,8.75662323229281e-27
2.58,0.5271925,0.1115246,-1.89205650443857e-27,2.59308911824205e-31,-0.212157491342758,-0.231534050298491,0.218568217605225,-0.114365538496457,-2.28724792736838,-0.354684124493708,-9.99097899557939e-26,2.59431741314445e-29
2.59,0.5334554,0.1046448,-1.10164367389804e-22,3.15457744529382e-34,-0.311592589223224,-0.193909162251826,0.215452291712993,-0.116304630118975,-2.19415735233267,-0.276795149196863,-5.43174784564981e-21,3.38285749302563e-32
2.6,0.5389757,0.09796926,-1.61942491605203e-18,1.12045502423025e-37,-0.406879906721429,-0.15614471088689,0.211383492645778,-0.117866077227844,-2.11598910379882,-0.197437588382996,-7.59450652420144e-17,2.42879773044652e-35
2.61,0.5438268,0.09148044,-5.06196459648238e-15,-1.43115203879003e-41,-0.497022906492344,-0.118672067632787,0.206413263580855,-0.119052797904172,-2.04951825721775,-0.117940027420303,-2.28722841779881e-13,1.23288291753029e-38
2.62,0.5480211,0.08513781,-4.21103211726385e-12,6.83714871897169e-44,-0.581680625952963,-0.0820795719724838,0.200596457321325,-0.119873593623897,-1.99194962856135,-0.0400438795431749,-1.85003008932116e-10,8.38377433731627e-42
2.63,0.5515781,0.0788051,-1.18044880142426e-09,-6.42350021203774e-46,-0.660517923062137,-0.0477167894072341,0.193991278090704,-0.120350761517969,-1.94123663803852,0.0329189615440341,-5.07528070617119e-08,2.63353825235566e-44
2.64,0.5545828,0.07245353,-1.30628047278252e-07,-1.12264735321005e-46,-0.732706382513296,-0.0158837947532788,0.186664214265571,-0.120509599465502,-1.89602381243266,0.100014544412407,-5.52279648229307e-06,1.12459620463321e-45
2.65,0.5571146,0.06601127,-6.50346542521825e-06,-1.48046828013218e-46,-0.797587855112813,0.0127955189081916,0.178688335714443,-0.12038164427642,-1.85521111902519,0.159866025998202,-0.000271356663062828,9.18129314699545e-46
2.66,0.5592188,0.05940201,-0.000163815369556919,-1.31058770374645e-45,-0.854910030152944,0.0377351303034441,0.170139235412914,-0.120004292973385,-1.81785383781042,0.21140998821199,-0.00676406922690977,6.25872701511993e-45
2.67,0.5608758,0.05244103,-0.00232722246738946,-2.11993675999598e-44,-0.905063150811113,0.0575009057300715,0.161088603904802,-0.119429283916085,-1.78310667335445,0.252048068196225,-0.0952924592900377,8.55119798326531e-44
2.68,0.5621456,0.04500517,-0.018216023910198,-2.11827928970314e-43,-0.947767235099896,0.0713440401921943,0.151610931553803,-0.118715843514163,-1.75045148342536,0.280689839640168,-0.740924371323231,7.69247796668274e-43
2.69,0.5632045,0.03729726,-0.0644078171054486,-1.23705014937715e-42,-0.981813524236397,0.0814058498381343,0.141792796311439,-0.117901785015781,-1.71959703229651,0.301886584032179,-2.60597856850445,4.18257329729709e-42
2.7,0.5641532,0.02918921,-0.110054731916964,-3.01485719675578e-42,-1.00682073163031,0.0868474057988156,0.131724588995136,-0.117033310957793,-1.69016421790844,0.314098578742081,-4.43469982438231,9.80396746654196e-42
2.71,0.5649313,0.0204792,-0.133020603150167,-2.12830392690218e-42,-1.02390207314673,0.0863053679368466,0.121485568263669,-0.116170257278425,-1.66168765722686,0.31460646086911,-5.34354824838738,6.91002094552021e-42
2.72,0.5657333,0.01128993,-0.140318862255999,-5.9529202322713e-43,-1.03192695774306,0.0813472280085854,0.111166298686239,-0.115356784998339,-1.6339807450579,0.306272872364404,-5.62431723484478,1.98441038124937e-42
2.73,0.5666189,0.001649738,-0.138742292370165,-7.88193921706468e-44,-1.03109829700179,0.0726337128543886,0.100855315716221,-0.114630447869795,-1.60675529765974,0.290097972604278,-5.55339034006017,2.77124956254069e-43
2.74,0.5678033,-0.008237245,-0.124951545449454,-8.31727702747033e-45,-1.02032185984534,0.0622974263264719,0.0906520971177672,-0.11400747360653,-1.57979472355244,0.270124710886614,-4.99827029777983,3.13596406361183e-44
2.75,0.5692251,-0.01838545,-0.0899427425398793,-8.02605548921169e-46,-1.00106990812655,0.0504353418763461,0.0806413980365016,-0.113503120187767,-1.55279286425912,0.246416226533486,-3.59831048216052,3.30922684776529e-45
2.76,0.5709451,-0.02866939,-0.0375484826006778,-1.02573447696835e-46,-0.973689558346653,0.0383417100980363,0.0709045024530351,-0.113119703086786,-1.52549984930465,0.221614122420003,-1.50352815342456,4.68366712488373e-46
2.77,0.5730224,-0.03889921,-0.00724199652713151,-2.35132689428893e-47,-0.938577793537926,0.0277514767588798,0.0615187245176558,-0.112842188319198,-1.49765756639017,0.199491804612474,-0.29047993912927,1.18597417787365e-46
2.78,0.5754209,-0.0490851,-0.000763389029961742,-8.83495006009652e-48,-0.896977164480211,0.0185323683977767,0.0525489528728537,-0.11265686463522,-1.46903139232284,0.179943272491885,-0.0306991888695336,4.90573510352563e-47
2.79,0.5784839,-0.05872063,-4.21667410475374e-05,-6.31664918083198e-48,-0.846788074935771,0.0149621911425779,0.044081072123496,-0.112507242723794,-1.43914667743292,0.172405711237993,-0.00170184098643739,3.64991158678333e-47
2.8,0.5818079,-0.06781124,-1.51614644870582e-06,-6.59845543835732e-48,-0.792621075122871,0.0165425970956523,0.0361548613722673,-0.112341816752838,-1.40799974310549,0.176000284866159,-6.14832897324906e-05,3.74017909932367e-47
2.81,0.5857031,-0.07622123,-2.88816949633451e-08,-1.15311198755869e-47,-0.732541137559108,0.0239834570643911,0.0288294499966762,-0.112101982182194,-1.37496779836306,0.192316246726446,-1.17846745582956e-06,6.01866278362859e-47
2.82,0.5899402,-0.08358753,-3.14760189684863e-10,-7.33916588567289e-47,-0.669492597603691,0.039829954542423,0.0221345240206393,-0.111703682636769,-1.33998862014281,0.226717371770023,-1.29438576742352e-08,3.27899934464015e-46
2.83,0.5948143,-0.08934819,-1.47787140393031e-12,-9.89402675624641e-45,-0.601653837260622,0.0680434400117971,0.0161179856480331,-0.111023248236652,-1.30212426052804,0.286963695578671,-6.13814538603409e-11,3.51596269834769e-44
2.84,0.6000755,-0.0936024,-3.1151834590535e-15,-4.11021614666675e-41,-0.532106106615162,0.106513947364524,0.0107969245818815,-0.109958108763006,-1.26136112830265,0.366819725285308,-1.31007089918958e-13,1.14816334565491e-40
2.85,0.6055791,-0.09595232,-2.83531355807195e-18,-3.4501789978774e-36,-0.462770071227817,0.157474993128485,0.00616922386960331,-0.108383358831721,-1.21765723475135,0.467385737810073,-1.21089345265074e-16,7.65084396496121e-36
2.86,0.6111313,-0.09628698,-1.12067657693406e-21,-9.59898330608376e-31,-0.395819147162706,0.220429428461536,0.00221103239797625,-0.106179064547106,-1.17139426808163,0.582044987174519,-4.87631856895335e-20,1.74541325321286e-30
2.87,0.616511,-0.094308,-2.0743457792336e-25,-2.9050322633651e-25,-0.333456531969407,0.296431291372265,-0.00112353292171783,-0.103214751633383,-1.1235379181469,0.705141711008137,-9.22567325223408e-24,4.48282623469369e-25
2.88,0.6212184,-0.09009722,-3.30940817715996e-29,-3.56643044623419e-20,-0.280067167585286,0.383105040777762,-0.00392420459757068,-0.0993837012256058,-1.07723500950154,0.825806859311993,-1.50714382146767e-27,4.85218276169849e-20
2.89,0.6249791,-0.08347286,-8.86979340304307e-33,-1.63993035533277e-15,-0.237639827477503,0.480446752351671,-0.00630060287234572,-0.0945792337020891,-1.03551786216116,0.938955472200656,-4.13527410570903e-31,2.03226226416346e-15
2.9,0.6272317,-0.07450519,-2.01359974327365e-35,-2.49856907955702e-11,-0.210384299109582,0.586224215815308,-0.00840444586344153,-0.088716991543936,-1.00377331324706,1.04001324487541,-9.56957210597358e-34,2.89706922839751e-11
2.91,0.6277381,-0.06309508,-1.34566884197829e-36,-1.45904252732531e-07,-0.199237990422572,0.699777193502889,-0.0103968257676673,-0.0817192196089071,-0.984885969011057,1.12861871210638,-6.47211249751586e-35,1.61423700087109e-07
2.92,0.6265123,-0.04892093,-3.29913071875979e-36,-0.000419127892818043,-0.202756246388114,0.822339686693612,-0.0124243882315484,-0.073495822741971,-0.978438863412618,1.20640923660175,-1.59337405152024e-34,0.000448566584864212
2.93,0.6222691,-0.03295551,-2.14591786603912e-33,-0.366345892997969,-0.230726155927523,0.943941021211731,-0.0147316497908236,-0.0640564125298537,-0.991345325001388,1.27144728316833,-1.02784386119483e-31,0.383387554473401
2.94,0.6168209,-0.01333259,-2.28547177666093e-30,-6.18725708227353,-0.265162981367331,1.07966273660565,-0.0173832796044969,-0.0532597851637972,-1.00665098899113,1.33051532428563,-1.0842261891094e-28,6.37017539616337
2.95,0.608658,0.008383562,-2.12679015012893e-26,-6.38293228892206,-0.318262185026821,1.21396007926697,-0.0205659014547652,-0.0411201843711275,-1.03124478842644,1.38098308658022,-9.94048677169892e-25,6.49961076052743
2.96,0.5985097,0.03274051,-1.90525947873797e-22,-6.43157275772114,-0.381701247746405,1.35061920274577,-0.0243829139322292,-0.0276139923436698,-1.05652638321405,1.42553267159708,-8.77620466331561e-21,6.49999808693545
2.97,0.5860242,0.05888406,-1.58831819237932e-18,-6.46342534360723,-0.457127571670595,1.48114085650512,-0.0289541896489352,-0.0128025837786186,-1.08190556643992,1.46463637103223,-7.21531809891937e-17,6.49999998084491
2.98,0.5729445,0.08860484,-2.14866432803217e-15,-6.48401250673973,-0.527889685879452,1.6203275643983,-0.0342330865077297,0.00340069186536445,-1.09885476330465,1.50062719320814,-9.67466282158909e-14,6.49999999978486
2.99,0.5580469,0.119582,-1.89130671078608e-12,-6.49535406886364,-0.604393557389323,1.74662669611333,-0.0402770220816229,0.0208669588264977,-1.11351413890343,1.53297566604613,-8.45307713312988e-11,6.49999999999497
3,0.5418661,0.1519274,-7.45113148795019e-10,-6.49979280929899,-0.680943467809813,1.86113931647419,-0.047086456759721,0.0394783519912396,-1.12392486186743,1.56280988871197,-3.3132766511879e-08,6.49999999999979
3.01,0.5246301,0.1853167,-1.31677017899013e-07,-6.49869387236964,-0.754975360618213,1.96123750896023,-0.0546362103659032,0.059090727080842,-1.13005486128256,1.5908487531352,-5.83801500189679e-06,6.49999999999998
3.02,0.5064684,0.2191411,-1.12898764896591e-05,-6.49284684205452,-0.825018926690196,2.04220029739594,-0.0628863996328051,0.0795127300548014,-1.13232224148589,1.61772687259038,-0.000500006486626985,6.5
3.03,0.487422,0.2528282,-0.000521679368621753,-6.48256432759674,-0.890520396563863,2.10014933946937,-0.0717916035984437,0.100514223449495,-1.13132713597459,1.6440759709778,-0.0231150868024278,6.5
3.04,0.4675484,0.2857519,-0.0129011750665504,-6.46770235014452,-0.950866371344023,2.13124809872478,-0.081300267311884,0.121826704436743,-1.12749879326125,1.67055078690416,-0.572685306050741,6.5
3.05,0.4472746,0.3179338,-0.0846793491601591,-6.44781922377965,-1.00235062635437,2.13769501638479,-0.0913237735754277,0.143203654600591,-1.12031315752015,1.69762371467066,-3.77203832084287,6.5
3.06,0.4263543,0.3485472,-0.13475620942909,-6.42179143955006,-1.04745440129794,2.11445390776139,-0.101798317588407,0.164348193678205,-1.11092724128658,1.72611734727779,-6.03060751351654,6.5
3.07,0.405262,0.3776177,-0.142254852544852,-6.38819614358355,-1.08228230789751,2.06439596317931,-0.112621140667382,0.184992153309998,-1.098586374898,1.75658499724874,-6.40610729239229,6.5
3.08,0.383669,0.4045939,-0.142720363204238,-6.34443665417582,-1.1102684871029,1.98542963031026,-0.123723825538411,0.204846449613101,-1.08448286406234,1.7900714384556,-6.47454270295453,6.49999999999999
3.09,0.3619232,0.4294276,-0.141783351192231,-6.2870405998708,-1.12877841297149,1.88014455857386,-0.135011609668126,0.223647895198839,-1.0680374362845,1.82754359987974,-6.4893453563973,6.49999999999991
3.1,0.3399789,0.4519503,-0.140421785441763,-6.21056143181243,-1.13886013856917,1.75008141136896,-0.146400211053818,0.241148709312529,-1.04963684824505,1.87041254408413,-6.49352843885199,6.49999999999714
3.11,0.3179961,0.4721968,-0.138768210593577,-6.10707530854102,-1.13976630002902,1.59856851434719,-0.157797874054108,0.257134394456001,-1.02910346792827,1.92035896685504,-6.49417103386273,6.49999999977664
3.12,0.2960927,0.4902411,-0.136823802232926,-5.96452620663155,-1.13124204096642,1.42914746237158,-0.169110294463772,0.271425869079716,-1.00634174468388,1.97962967574452,-6.49215399723844,6.49999995275762
3.13,0.2741805,0.5060531,-0.134567695770629,-5.76323594230305,-1.11490159290576,1.24430524005346,-0.18025931039283,0.283868921480251,-0.981759360581955,2.05161255269362,-6.48521159784187,6.49996721288101
3.14,0.2525074,0.5198435,-0.131640745427861,-5.39791747821446,-1.08938349833672,1.0484858993992,-0.191153145376197,0.294353780474243,-0.954825796292655,2.14042621321783,-6.45813808957184,6.409835960968
3.15,0.2310934,0.5316845,-0.126380379131365,-0.0222869544268424,-1.05547335375216,0.844660698977318,-0.201707878913719,0.302800387464016,-0.925621557088635,2.25207454088657,-6.32648436312138,0.0286928710403346
3.16,0.2099732,0.5417219,-0.10821331672951,-1.34177925029174e-07,-1.01382681010068,0.636232394882185,-0.211846147014725,0.309162711412838,-0.894161626265599,2.39386531126372,-5.54180208218621,1.97362793949927e-07
3.17,0.1892756,0.5501633,-0.0457366377869569,-5.51346396992935e-14,-0.964289014362919,0.426877451014246,-0.221489037158355,0.313431485922981,-0.860148277654364,2.57265501719948,-2.40400815912526,1.02288798126088e-13
3.18,0.169001,0.5571117,-0.00439674462869785,-3.76134579682186e-21,-0.907883019607631,0.219078329180569,-0.230567867354431,0.315622269214786,-0.823674396838984,2.79129080420726,-0.238126314747893,1.09902797706947e-20
3.19,0.1492954,0.5627912,-0.000168299573104032,-6.6218216296768e-26,-0.84434246062812,0.016125868064524,-0.239011291960712,0.315783527895432,-0.784321121607891,3.0392951649235,-0.0094432694414905,6.46641376360163e-25
3.2,0.1301022,0.5672435,-3.66916716768634e-06,8.90802029117288e-24,-0.775219283765072,-0.180556140234799,-0.246763484798363,0.313977966493084,-0.742381087039499,-2.47736362204207,-0.000214785873951584,5.75209566453003e-22
3.21,0.1116511,0.5706174,-4.02227756180981e-08,1.63033761464579e-17,-0.699512847373455,-0.368798894130329,-0.253758613272097,0.31028997755178,-0.697049173473267,-2.36323831713908,-2.48316091651018e-06,9.20010531904362e-16
3.22,0.09353995,0.572726,-2.66067510199581e-10,1.02182179055311e-11,-0.621789814064773,-0.549536622500508,-0.259976511412745,0.304794611326775,-0.650103458803139,-2.26598774467049,-1.75525101835616e-08,5.30669046269582e-10
3.23,0.075978,0.5736763,-9.04981981058404e-13,5.40290125613354e-07,-0.540982324556467,-0.721174920801392,-0.26538633465831,0.297582862118761,-0.600817295698969,-2.18244922897257,-6.50614662430911e-11,2.64290353113995e-05
3.24,0.05955311,0.5740589,-1.01853142826052e-15,0.00268622068737562,-0.452882413720602,-0.878200183554828,-0.269915158795516,0.288800860283213,-0.546601494988303,-2.11117746341042,-8.17223786900893e-14,0.12561392765918
3.25,0.04211042,0.5716025,-1.94543381415517e-18,0.140775962101695,-0.377280682506647,-1.04005579769902,-0.273687965620582,0.278400302306223,-0.498347413989157,-2.04383605011796,-1.72464167951362e-16,6.34221412306271
3.26,0.02575724,0.5684285,-1.54475577432156e-21,0.148432337555639,-0.295527616970602,-1.18706786788789,-0.276643241790288,0.266529623627344,-0.445579488462007,-1.98464567011085,-1.49716915790618e-19,6.49964098474814
3.27,0.009680059,0.5637498,-1.47952398912848e-24,0.151830072979887,-0.215735669701907,-1.32612452203184,-0.278800598487307,0.253268378407025,-0.392962745758691,-1.93028753366902,-1.48667222047439e-22,6.4999980288082
3.28,-0.006046152,0.557677,-3.41034182663174e-27,0.154574099924259,-0.137667582932348,-1.45593581645068,-0.280177274316631,0.238709020242519,-0.340425046200516,-1.87998908787598,-3.40914387064229e-25,6.4999999766765
3.29,-0.02137189,0.5503671,-5.23594690528076e-29,0.156777510711551,-0.0613137622554731,-1.57499250941038,-0.280790411939186,0.222959095148415,-0.28801903668044,-1.83312152234718,-5.46714525972471e-27,6.49999999945855
3.3,-0.03614562,0.5420856,-1.34849712974894e-29,0.158524035775131,0.0142232764085115,-1.68106898044381,-0.2806481791751,0.206148405343977,-0.235161551190874,-1.78921499196361,-1.7736824959891e-27,6.49999999997647
3.31,-0.05037601,0.5330673,-4.60631912957445e-29,0.159885525113784,0.0883909802794882,-1.77248221707664,-0.279764269372306,0.18842358317321,-0.182244990460188,-1.74777173155317,-1.53319514340165e-26,6.49999999999817
3.32,-0.0635167,0.5238751,2.52673882337755e-27,0.160914550461339,0.165464218649188,-1.84500767804925,-0.278109627185814,0.169973506392718,-0.126117564769932,-1.70853272821413,-2.06064812561141e-24,6.49999999999974
3.33,-0.07559241,0.5146897,-6.97939513993468e-24,0.161661190455303,0.244417012571752,-1.89817153612339,-0.275665457060096,0.150991791031484,-0.0673833542042263,-1.67094196760631,-1.34864980858893e-21,6.49999999999993
3.34,-0.08647814,0.5057092,-4.07687383403497e-21,0.162160095451186,0.325582581667742,-1.93153408766386,-0.272409631243419,0.131676450154845,-0.00569166377481279,-1.63452978999195,-1.61230521398246e-18,6.49999999999997
3.35,-0.09579638,0.4973184,1.282413884458e-16,0.162433787187721,0.411417049835329,-1.94324791696705,-0.268295460745065,0.112243970985175,0.0609248700298235,-1.59892182493494,-2.36829790762545e-15,6.49999999999998
3.36,-0.1036931,0.4893592,3.38056876802464e-13,0.162495713754614,0.499628630761713,-1.93640628167933,-0.263299174437448,0.0928799081683816,0.130704757305889,-1.56364059081189,-2.54774727128146e-12,6.49999999999997
3.37,-0.1101199,0.4820549,3.50670314117098e-10,0.162349150771102,0.589771755866241,-1.91072498980638,-0.257401456878786,0.0737726582703178,0.203185199604334,-1.52834227373908,-1.73853396774611e-09,6.49999999999994
3.38,-0.1152823,0.4754556,1.70927604201843e-07,0.161989476486968,0.67924227179244,-1.86755862431709,-0.250609034160862,0.0550970720271469,0.276157015662468,-1.49268128885036,-6.30695761825693e-07,6.49999999999983
3.39,-0.1187269,0.4699266,5.46526390776878e-05,0.16140303722658,0.771325886580676,-1.8055905625044,-0.242895775295055,0.0370411664021029,0.351867375041331,-1.45625687908549,-0.000158994901284185,6.49999999999905
3.4,-0.1207177,0.4655248,0.00995102898287368,0.160566832800914,0.86283681489213,-1.72637911847556,-0.234267407146133,0.0197773752173472,0.42758609395131,-1.41867515269646,-0.0239874799118532,6.49999999999099
3.41,-0.1215952,0.4623831,0.726921285414608,0.159446146259114,0.950211434649692,-1.63083224433917,-0.224765292799637,0.00346905277395559,0.500548217831189,-1.37947886382667,-1.51332247557485,6.49999999984426
3.42,-0.1211568,0.4607261,3.31030873321314,0.157988785273505,1.03488624684428,-1.5191188691511,-0.214416430331194,-0.0117221359175554,0.57171794103339,-1.33806324393677,-6.11503600633616,6.49999999459645
3.43,-0.1194268,0.4606052,3.87819940242132,0.156125538795674,1.11624620231912,-1.3929869607278,-0.203253968308003,-0.0256520055248334,0.640652022452892,-1.29381069078016,-6.48825146667344,6.49999959085289
3.44,-0.1163778,0.4619809,4.22272007260555,0.153766804374813,1.1941951945864,-1.2549152967011,-0.191312016362139,-0.0382011584918444,0.707327958052852,-1.24608069019116,-6.49951696193274,6.49992550429927
3.45,-0.1118663,0.4642717,4.53501151032471,0.150142778008387,1.2696687551108,-1.11187017238881,-0.178615328811031,-0.0493198602157325,0.77233632311075,-1.19493536116883,-6.49997396149537,6.46932299525118
3.46,-0.1057016,0.4673129,4.82378081524089,0.0247509884149527,1.34394425444673,-0.966714737837312,-0.165175886266563,-0.0589870075941057,0.836333800827195,-1.14010620334088,-6.49999829755699,1.09216749085385
3.47,-0.09791275,0.4700054,5.08692898523588,1.51951753512298e-05,1.41630765798108,-0.830028857919085,-0.151012809686753,-0.0672872961732965,0.898869654067549,-1.08354429389049,-6.49999986438897,0.000689675980921669
3.48,-0.08825033,0.4721115,5.32733366295417,4.40634085204964e-09,1.48851302477101,-0.704102564279296,-0.136127679439042,-0.0743283218160895,0.960665411965337,-1.02630994340165,-6.49999998784224,2.06554036265417e-07
3.49,-0.07658105,0.472858,5.54486315622457,1.1662969587856e-12,1.56116503826905,-0.595503354268509,-0.120516029056352,-0.0802833553587746,1.02174901566541,-0.971533578424311,-6.49999999880886,5.65833094585587e-11
3.5,-0.06339709,0.4710573,5.73364490985003,8.74734922401093e-16,1.62943769994661,-0.513629999393338,-0.104221652056886,-0.0854196553527079,1.08021851913671,-0.92469509905758,-6.49999999985321,4.38171012194349e-14
3.51,-0.04686343,0.4679596,5.90910253469777,1.01499817555592e-18,1.70894398900549,-0.446162942761509,-0.0871322121668309,-0.089881284780323,1.141014439757,-0.882860451925508,-6.49999999998593,5.24219941311827e-17
3.52,-0.02739472,0.4632617,6.06184964749751,3.23824007638019e-21,1.7945426162789,-0.394931491487093,-0.0691867860040419,-0.0938305996951939,1.20144685405777,-0.847996243952022,-6.49999999999874,1.71870210303956e-19
3.53,-0.005452102,0.4561557,6.18813790098469,9.65995826855563e-23,1.88108802232316,-0.365772361230807,-0.0503759057808102,-0.097488323307502,1.2597001938295,-0.823900295326408,-6.49999999999988,5.23079315414723e-21
3.54,0.01862408,0.4469181,6.28866978362405,2.57724990037296e-23,1.96490578676273,-0.354652789189679,-0.030726847913183,-0.101034851199399,1.3150384074826,-0.809155592525969,-6.49999999999999,1.41357742227506e-21
3.55,0.04420651,0.4354457,6.36545571221169,6.62943380301038e-23,2.04019168218588,-0.360974766115154,-0.0103249310913242,-0.10464459886055,1.36692757124089,-0.803384976445336,-6.5,3.65490770194035e-21
3.56,0.07221674,0.4229037,6.42319481424462,3.56089092902417e-22,2.11500334877922,-0.373293728008099,0.010825102396468,-0.108377536140631,1.41687793285494,-0.800507991798295,-6.5,1.96827815890456e-20
3.57,0.1008949,0.4084035,6.46278392927152,8.42159769686461e-21,2.1736822036121,-0.398535476185758,0.032561924432589,-0.112362890902489,1.46370863655747,-0.80355760055554,-6.5,4.64223440065734e-19
3.58,0.1306462,0.3931252,6.48743371115695,1.98737367792707e-19,2.22062456935953,-0.425377096734909,0.0547681701261843,-0.116616661869838,1.50858916581953,-0.806618696133572,-6.5,1.09250115523863e-17
3.59,0.1606015,0.3770047,6.49883730258917,4.72446882567768e-18,2.24899384788222,-0.454014621941251,0.0772581086050065,-0.121156808089251,1.55187695660769,-0.809728680070958,-6.5,2.58997580066364e-16
3.6,0.1907375,0.3609121,6.49819249179452,5.22004425720592e-17,2.25993743890038,-0.476681279752666,0.0998574829940103,-0.125923620886777,1.59438573540674,-0.80944878873016,-6.5,2.86236149319501e-15
3.61,0.2201051,0.3447168,6.48580723775514,3.38017953146727e-16,2.24668791685521,-0.494811669830474,0.122324362162562,-0.130871737585082,1.63690818906474,-0.806736326671499,-6.5,1.85796098444844e-14
3.62,0.2481312,0.3285894,6.46089592920416,1.20954758201348e-15,2.2064646094457,-0.507193199420913,0.144389008257019,-0.135943669579291,1.68056939631371,-0.801294676616901,-6.5,6.68100069997993e-14
3.63,0.275788,0.3142882,6.42195582790655,6.53272307957472e-16,2.15019057138413,-0.499291511472132,0.165890913970861,-0.140936584694012,1.72595369699006,-0.787136297525077,-6.5,3.65578018556277e-14
3.64,0.3014426,0.3005996,6.36492775213028,1.61590655853753e-16,2.06560812137391,-0.483166810020499,0.1865469951846,-0.145768252794217,1.77506607711746,-0.769759103173436,-6.5,9.19549605837368e-15
3.65,0.325223,0.28804,6.2838393907754,1.21188375359968e-17,1.95684027137023,-0.455238842021672,0.206115397898302,-0.150320641214434,1.82947681554111,-0.747558918331181,-6.49999999999999,7.05492169796696e-16
3.66,0.3473074,0.277048,6.16984426250923,1.78620746389096e-19,1.8282647258577,-0.412979194405521,0.224398045156879,-0.154450433158489,1.89096273674988,-0.719194970787999,-6.49999999999965,1.07324019626147e-17
3.67,0.3673202,0.2672643,6.00721839364203,6.21116186496004e-22,1.67928073325614,-0.360945596037917,0.24119085248944,-0.158059889118868,1.96277495369126,-0.686425840824443,-6.49999999997837,3.88801741969824e-20
3.68,0.3852881,0.2586744,5.77186365888598,4.21431240038104e-25,1.51294388420417,-0.300455793290228,0.256320291331482,-0.161064447051771,2.04874435769065,-0.649464901733281,-6.49999999673016,2.78297375592639e-23
3.69,0.4011693,0.2509945,5.42439280621551,6.35761350378151e-29,1.3315909599435,-0.235061169789184,0.269636200930917,-0.163415058749663,2.15437501933722,-0.609695623383959,-6.49999856096047,4.49498535461752e-27
3.7,0.4149924,0.2440253,4.90148842026067,3.06872404361684e-33,1.13807500476836,-0.16732869058534,0.281016950978601,-0.165088345655516,2.28685728236657,-0.568173099026989,-6.4977005303689,2.35407485585147e-31
3.71,0.4268561,0.2375311,1.08923037843897,1.82682628067968e-37,0.935700642490666,-0.0999366721480577,0.290373957403507,-0.166087712376997,2.45433622668618,-0.526218126311451,-1.71713140697881,1.52987534382645e-35
3.72,0.4369032,0.2314439,1.81967535628764e-05,2.27184239261201e-40,0.727931579062471,-0.0339095005949055,0.297653273194132,-0.166426807382946,2.66270363455385,-0.484360965804947,-3.94534320691209e-05,2.06874469955772e-38
3.73,0.4453342,0.2254109,1.25528313409285e-11,1.38978624540636e-40,0.518473172281851,0.0274109653160437,0.302838004916951,-0.166152697729785,2.90795988537074,-0.444731786576183,-5.44887262498048e-11,1.34844716230951e-38
3.74,0.4522818,0.2195746,-4.6214720682151e-20,1.92098578670012e-38,0.310146322120893,0.0851964718343368,0.305939468138159,-0.165300733011442,-3.11271401374614,-0.406704764123349,-5.88476736056115e-18,1.9248997880703e-36
3.75,0.4579114,0.2137486,-2.29023350380855e-26,2.21122730544989e-35,0.105801307452751,0.137759570918114,0.306997481212687,-0.163923137302261,-2.86306906696281,-0.371549812271132,-2.44449623043465e-24,2.21840228461468e-33
3.76,0.4625133,0.2081306,-1.17461231789014e-26,2.99896229487876e-32,-0.0909085862277053,0.186845143478557,0.30608839535041,-0.162054685867475,-2.64973868285307,-0.338177545555707,-1.05455896101484e-24,2.99831642895781e-30
3.77,0.4661363,0.202661,-6.29752061833904e-21,1.93725826060014e-29,-0.278774509326354,0.231898307359682,0.303300650257146,-0.159735702793878,-2.37426393864271,-0.30707551789965,-3.5923282240863e-19,1.9664886339807e-27
3.78,0.4689652,0.1976642,-7.92356143904014e-15,7.11034312712005e-27,-0.455583963985422,0.275689698978946,0.298744810617292,-0.156978805804089,-2.29611892383321,-0.276203853433716,-4.21406629290432e-13,7.63749607330773e-25
3.79,0.4709462,0.1928594,-8.9708026541849e-10,1.00764529022176e-24,-0.621445504966918,0.315639627890514,0.292530355567623,-0.153822409525184,-2.22832015815796,-0.247560422273937,-4.53040899190622e-08,1.21922536405307e-22
3.8,0.4720266,0.1884726,-1.01179131264396e-05,7.31208143756112e-23,-0.776523384157368,0.353705378416052,0.284765121726049,-0.150285355741023,-2.16858210440794,-0.219636972281586,-0.000490398134889489,1.11410110171324e-20
3.81,0.4723679,0.1849243,-0.0156671905516066,3.44588806955295e-21,-0.919211906351673,0.393337443537911,0.275573002662533,-0.146351981305644,-2.11563114282177,-0.189502428460948,-0.734576497976837,9.09801996469311e-19
3.82,0.4718198,0.182087,-0.139953415474248,2.9941822428588e-20,-1.05080400356176,0.433042384744795,0.265064962626915,-0.142021557458196,-2.06775683291721,-0.158201945344256,-6.3853600313609,5.605415009525e-17
3.83,0.4704238,0.1800863,-0.145705146662816,-3.55038382648011e-18,-1.17091837158294,0.473595645871951,0.253355778911086,-0.137285600999477,-2.02404174398804,-0.124860738471799,-6.49922418894021,2.87959458136751e-15
3.84,0.4683993,0.178932,-0.148481184100975,1.74417889752761e-16,-1.27776113561447,0.514717385306119,0.240578167554941,-0.132138427146415,-1.98402741386533,-0.0894755535889166,-6.49998705198592,1.21428646697304e-13
3.85,0.4658965,0.1789271,-0.150822887560266,3.90776394330499e-14,-1.37038275375399,0.558631054457109,0.226874340017401,-0.126552116601844,-1.94718076087586,-0.0496440292055261,-6.49999952440301,5.15872909945906e-12
3.86,0.4630708,0.1798212,-0.152813755824757,5.62646772946184e-13,-1.44797750860387,0.602663597330892,0.212394564931362,-0.120525480628535,-1.91305257340251,-0.00749846232004365,-6.49999996503026,1.74761056371842e-10
3.87,0.4602304,0.1818423,-0.154500374824518,-1.64866703317554e-10,-1.50860261242938,0.648417117549005,0.197308538807068,-0.114041309453045,-1.88144027022687,0.0389100079334833,-6.49999999498792,5.44995620002615e-09
3.88,0.4573925,0.1845161,-0.155939633363428,-9.44300509297408e-09,-1.55310996433303,0.691399158339431,0.181777439163738,-0.107127317869651,-1.8518275383811,0.0853602904586701,-6.49999999872626,1.14007040058534e-07
3.89,0.4547125,0.1878437,-0.157168216077686,-2.24817926572962e-07,-1.58120765430404,0.731541027692115,0.165965362620698,-0.0998119075927299,-1.82394369058701,0.131880959127261,-6.49999999944473,1.67923094920845e-06
3.9,0.4522071,0.1915692,-0.158220700669572,-2.78330201803955e-06,-1.59394418391532,0.766623439147745,0.150025920781544,-0.0921456732012524,-1.79743571301181,0.176112046313711,-6.49999999960781,1.57671751181251e-05
3.91,0.4497153,0.1952538,-0.159127807381544,-1.68592723667978e-05,-1.59391730005916,0.793101275698403,0.134086747780953,-0.0842146604442684,-1.77187578062201,0.213881578032295,-6.49999999958974,7.96292579283485e-05
3.92,0.4472175,0.1989925,-0.15990721912472,-6.00043249537669e-05,-1.58238051704483,0.812307770293535,0.118262942610505,-0.076091582741333,-1.74703378508204,0.24619684641954,-6.4999999993878,0.00024761769463451
3.93,0.4444492,0.2021704,-0.160575965149524,-9.6147445312532e-05,-1.56267007944974,0.81950567660584,0.102636241816007,-0.0678965259752746,-1.72255699850098,0.26668816997078,-6.49999999881747,0.000367079251489222
3.94,0.4414227,0.2049601,-0.161140222813086,-8.29558652080935e-05,-1.5355213990055,0.817109611478812,0.0872810278259522,-0.0597254298604865,-1.69833845254552,0.276867918491352,-6.49999999708192,0.000305324565312879
3.95,0.4379198,0.2071778,-0.161606350749275,-3.63448545882938e-05,-1.50363830026101,0.804380158544174,0.0722446448233421,-0.0516816282750448,-1.67416674729954,0.274053923264102,-6.49999999147471,0.000135113817270617
3.96,0.4338137,0.2088572,-0.16197609285736,-8.43583601026448e-06,-1.46874281269722,0.782555115948514,0.0575572166963699,-0.0438560771155596,-1.64992914229776,0.257555381574954,-6.49999997188328,3.33199555590559e-05
3.97,0.4291017,0.2100893,-0.162248704778259,-1.09086035575826e-06,-1.43136812832781,0.753321624948017,0.0432435354130918,-0.0363228608660794,-1.62559366260784,0.227107968652068,-6.49999989638063,4.86572375011767e-06
3.98,0.4236967,0.2111529,-0.162423046441873,-9.12112191616202e-08,-1.39274098977302,0.719866517536186,0.0293161255153615,-0.0291241956907176,-1.60111546519769,0.185040350961684,-6.49999958829518,4.93479562332575e-07
3.99,0.4175408,0.2123726,-0.162497250289201,-5.79366735397901e-09,-1.353742813731,0.685531805383145,0.0157786973780516,-0.0222688776368861,-1.57648280743642,0.135128433520189,-6.49999828355408,4.22420139795983e-08
4,0.410535,0.2140508,-0.162469300042658,-2.93347877714362e-10,-1.31553258142239,0.653193404462842,0.00262337156382769,-0.0157369435922577,-1.55170164946375,0.0818786122371886,-6.49999279242336,3.72651707923488e-09
4.01,0.4026541,0.2165324,-0.162337298943245,-1.00399657482956e-11,-1.2785301451716,0.625834481951184,-0.0101619298878883,-0.00947859877274588,-1.52680734043395,0.0315334334321764,-6.49997003068119,4.34888589919037e-10
4.02,0.3937637,0.219967,-0.162099438276018,3.67929183003117e-13,-1.24404557600964,0.604492563045947,-0.0226023856479848,-0.00343367314228641,-1.50185948174583,-0.0123345280087691,-6.4998831825698,7.63504808782471e-11
4.03,0.3839526,0.2245524,-0.161751747523203,1.87562756069949e-13,-1.21134425891918,0.590482427654398,-0.0347158282371765,0.00247115113425757,-1.47690586130472,-0.0450119761767084,-6.49956288971942,2.36293841356824e-11
4.04,0.3733126,0.2302763,-0.161279625010612,6.94809634892423e-14,-1.17971299479179,0.58317505677425,-0.0465129581850944,0.00830290170200007,-1.45197590995644,-0.0656703519316113,-6.49838889926495,1.27368190243457e-11
4.05,0.3618123,0.2371946,-0.160633586191219,5.34767969346964e-14,-1.14954839942483,0.582521215652545,-0.0580084421793427,0.0141281138585255,-1.42713375008152,-0.0719749289182483,-6.49426471759869,1.21586520295759e-11
4.06,0.3499362,0.2452053,-0.159546630950557,1.02180107888954e-13,-1.11677940125374,0.587089664431041,-0.0691762361918801,0.0199990105028359,-1.40217834543425,-0.0647304433311868,-6.47648252493195,1.82274824014102e-11
4.07,0.3376523,0.2540127,-0.156728941508545,2.50419502307402e-13,-1.08213030878083,0.593890578527694,-0.0799975392796883,0.0259379162881129,-1.37714106270657,-0.0495770560846448,-6.39222951745959,3.30312863341184e-11
4.08,0.3252383,0.263454,-0.144345995464507,4.97007397404633e-13,-1.04362250612943,0.601295886272765,-0.0904337643409826,0.0319508751508405,-1.35183340621014,-0.0296563414687288,-5.91939156215829,6.27968187097969e-11
4.09,0.3128548,0.2733507,-0.0895083701422399,4.25315815105124e-13,-1.0004802604575,0.607675474861239,-0.100438566945558,0.0380276298994529,-1.32611661922715,-0.00939239896889697,-3.69360414660704,1.09379117878277e-10
4.1,0.3006912,0.2834288,-0.016469059428769,-1.49969297380023e-13,-0.951779561909545,0.610738190648129,-0.109956362564653,0.0441350118059342,-1.29979387887816,0.00202240810212227,-0.684474382319476,1.45284543556526e-10
4.11,0.2889619,0.2935713,-0.00101121885312905,1.54327040677397e-13,-0.896504626921597,0.609734387811727,-0.118921408833869,0.0502323556840515,-1.27259889365679,-0.00234769698602462,-0.0423725880343654,1.39119854084146e-10
4.12,0.2777397,0.3035165,-3.31070069994835e-05,6.71822710693727e-13,-0.834989060838589,0.602785442817286,-0.127271299442255,0.0562602101122243,-1.24439494725717,-0.0395330811151268,-0.00140029383135815,8.22663140833732e-11
4.13,0.2670542,0.3131482,-6.01061864459304e-07,-3.42114099653699e-14,-0.767952869147518,0.589444394145617,-0.13495082813373,0.0621546540536805,-1.21508916849108,-0.128373598721191,-2.56948662245197e-05,2.85174768454995e-11
4.14,0.2570524,0.3224431,-5.27356459267915e-09,5.58644749519515e-14,-0.695091466961703,0.570136712988313,-0.141901742803347,0.0678560211835636,-1.18438252602595,-0.289573935409265,-2.28209210015572e-07,5.8154049298119e-12
4.15,0.2476864,0.3313247,-2.09315942022766e-11,8.13439289533107e-15,-0.617837860256602,0.544844880351518,-0.148080121405913,0.0733044699870788,-1.15227994335658,-0.53932639277904,-9.18487871260282e-10,6.62726408491243e-13
4.16,0.2389155,0.3397412,-3.40774171815034e-14,7.54280352237607e-16,-0.537473232042885,0.51380673160446,-0.153454853726342,0.0784425373031234,-1.11879507721752,-0.846188238238021,-1.5191055804009e-12,4.00923330598487e-14
4.17,0.2307763,0.3477764,-1.87402284515004e-17,3.01706326907464e-17,-0.454531961784207,0.478430924124165,-0.158000173344184,0.0832268465443651,-1.08378236587063,-1.12420593329064,-8.50470741204961e-16,1.34140764470945e-15
4.18,0.2229167,0.35526,-3.94334287429149e-21,4.91704964525799e-19,-0.372847462857367,0.437887021561076,-0.161728647972758,0.0876057167599758,-1.04813273055754,-1.32765153902717,-1.82508750870816e-19,2.02824564482922e-17
4.19,0.2154796,0.3623709,-2.43486420730538e-25,3.76085327074043e-21,-0.291679995658018,0.394412147086351,-0.164645447929338,0.0915498382308394,-1.01151888300739,-1.45817924723805,-1.15163908883386e-23,1.51422327752793e-19
4.2,0.2083207,0.3690799,-5.31821536154415e-30,1.22646831705334e-23,-0.212805765827305,0.348312644247741,-0.166773505587611,0.0950329646733168,-0.974490446032315,-1.53946320371398,-2.57515069303887e-28,4.90835539901345e-22
4.21,0.2013126,0.375373,-9.40177945263763e-35,1.47779483724715e-26,-0.137689229932047,0.300018496622663,-0.168150397886931,0.0980331496395434,-0.937687685587945,-1.58930928407046,-4.66685296767461e-33,5.91222312401543e-25
4.22,0.1943776,0.3812439,-1.18869258061278e-38,5.43381019621315e-30,-0.0672160493296161,0.250004279252217,-0.168822558380228,0.100533192432066,-0.901689080856027,-1.61898069059505,-6.05381098252178e-37,2.17612620723821e-28
4.23,0.1874263,0.3866123,-2.95821183970521e-40,4.26140424771923e-34,-0.00226144385393212,0.198090756759537,-0.168845172818767,0.102514099999661,-0.867216465563623,-1.63520839521083,-1.54629842401273e-38,1.70821126695238e-32
4.24,0.1802858,0.3915655,-3.27284735605225e-39,6.86035469236502e-39,0.0557009320144601,0.145547651400758,-0.168288163498622,0.103969576513669,-0.835482823916712,-1.64244876048534,-1.75500025255869e-37,2.7514154373051e-37
4.25,0.1730173,0.395875,-9.66162823179512e-37,2.10867232636549e-44,0.1073766507748,0.0908672547099663,-0.167214396990874,0.104878249060768,-0.806595723647209,-1.64302618180126,-5.31130927365622e-35,8.4574086979572e-43
4.26,0.1654914,0.3995975,-4.43087819742736e-34,2.8985266928142e-49,0.151827209662891,0.0351021986929698,-0.165696124894245,0.105229271047698,-0.781631886549987,-1.63886973523862,-2.49252651134636e-32,1.16218385230405e-47
4.27,0.1576792,0.4026621,-9.27285893449216e-32,5.39685014158892e-50,0.189106899265145,-0.0218559736652093,-0.163805055901594,0.105010711311046,-0.761085880601678,-1.63114999405576,-5.32288382824641e-30,2.16279707630973e-48
4.28,0.1495606,0.4050335,-6.5234717132744e-30,1.30655363680253e-45,0.219393215976957,-0.0797975105316731,-0.161611123741824,0.104212736205729,-0.745311142789735,-1.620729479986,-3.80670988086144e-28,5.23293424016138e-44
4.29,0.1410709,0.4066429,-1.47552300121499e-28,-1.43413212126581e-38,0.242518640216179,-0.138804616570601,-0.159185937339663,0.102824690040023,-0.73483315854637,2.83765204010887,-8.70903374672607e-27,4.81672974432297e-38
4.3,0.132254,0.4075311,-1.27580792999516e-27,-3.55308083880112e-33,0.259307942041456,-0.198016358769548,-0.156592857919248,0.100844526452328,-0.729343877148456,2.88678410367154,-7.5766473268039e-26,1.41811611604352e-32
4.31,0.123097,0.4076808,-4.63735772977509e-27,-1.27978599609686e-28,0.270079615218915,-0.257134128515872,-0.153892061767059,0.0982731851671688,-0.72878480211537,2.93777145764881,-2.75573222915614e-25,6.32622945135702e-28
4.32,0.1135957,0.4071265,-7.72638824135827e-27,-7.73407548731638e-25,0.275241047053917,-0.315448205668739,-0.15113965129652,0.0951187031104814,-0.732913838565057,2.9905094716096,-4.57011811658723e-25,5.06026155384987e-24
4.33,0.1037969,0.4059482,-6.68308000725216e-27,-9.05181141332297e-22,0.275640612590509,-0.371926031684492,-0.148383245170615,0.0913994427936365,-0.741033259997875,3.04453169602609,-3.91785516600771e-25,9.38416107036829e-21
4.34,0.09376112,0.404273,-3.38050340412395e-27,-1.67328501653889e-19,0.272207526701022,-0.425238057068208,-0.145661169903604,0.0871470622229544,-0.752302304490228,3.09894642795726,-1.95813999521672e-25,4.9113907697276e-18
4.35,0.08357678,0.4023279,-1.14860781957771e-27,3.28836483730222e-18,0.266058189659258,-0.473342953101945,-0.143000588007012,0.082413632691935,-0.765699946209567,-3.13132596424597,-6.56273029325813e-26,7.86957747155304e-16
4.36,0.07301278,0.3999014,-1.99138227284756e-28,3.38757608803985e-16,0.255499323124099,-0.518123504173051,-0.140445594775771,0.0772323976502045,-0.782347003910301,-3.07752652942482,-1.11945964791302e-26,5.93172621783665e-14
4.37,0.06227709,0.3973617,-2.34857208718236e-29,-1.97390038795579e-15,0.242771091024668,-0.556418364367901,-0.138017883865524,0.0716682140065255,-0.800252259485527,-3.02631535535394,-1.29847132382947e-27,1.82655826814898e-12
4.38,0.05139615,0.3948943,-1.97255112091106e-30,2.14410503651854e-14,0.228385370990646,-0.586926833822405,-0.135734030155618,0.0657989456683014,-0.818841665432457,-2.97949276843803,-1.07277635970444e-28,2.38626000280319e-11
4.39,0.04030341,0.3925014,-1.08374699261946e-31,8.13282281025144e-13,0.212027178307281,-0.610066247606337,-0.133613758372545,0.0596982831922381,-0.838158984781706,-2.93696156045018,-5.79849459391585e-30,1.53191713686758e-10
4.4,0.02903565,0.3903129,-4.15554489093833e-33,3.91753842605653e-12,0.194306773197068,-0.625193050612508,-0.131670690640574,0.053446352686113,-0.857575104763361,-2.90026750611385,-2.18869148094822e-31,4.92809671528967e-10
4.41,0.01752778,0.3883042,-1.02341661200718e-34,8.12281195510903e-12,0.174921139607731,-0.633080071004911,-0.129921479244497,0.0471155519760639,-0.877129294876903,-2.8692998465788,-5.30877264076719e-33,8.82705224191481e-10
4.42,0.005779968,0.3864945,-1.67047989276542e-36,8.99964798494831e-12,0.154163705535458,-0.634119737532549,-0.128379842189142,0.0407743546007384,-0.896449294137589,-2.84471436828793,-8.54034943385723e-35,9.25283945714198e-10
4.43,-0.005751067,0.3852965,-4.113123798723e-38,4.43931987847321e-12,0.136217446759247,-0.625388537227098,-0.12701766772155,0.0345204692284674,-0.912856516272366,-2.83364176320123,-2.07782004557014e-36,4.5023561182369e-10
4.44,-0.01851477,0.3831109,-1.43941943922933e-40,3.16460908111905e-12,0.108585448317061,-0.621308505311488,-0.125931813238379,0.0283073841753525,-0.933909990354651,-2.81141223317286,-7.16379239554458e-39,3.16805432326329e-10
4.45,-0.03038921,0.3820606,-3.47285537423324e-42,7.28513362855604e-13,0.0904519245397744,-0.60355082917956,-0.125027293992981,0.0222718758835569,-0.947934245788865,-2.81504083631556,-1.71173718681018e-40,7.30096836360048e-11
4.46,-0.04302806,0.3802613,-4.22419682706103e-44,2.183051768614e-13,0.0670044168960615,-0.589339708633535,-0.124357249824021,0.0163784787972216,-0.963838211921249,-2.81180961828767,-2.0598485614884e-42,2.18565210885622e-11
4.47,-0.05632414,0.3775739,-7.21830918014907e-46,9.4406632914219e-14,0.0397941030252991,-0.579650812232266,-0.123959308793768,0.0105819706748989,-0.980320114496315,-2.79583218763969,-3.48195686343984e-44,9.43742813990809e-12
4.48,-0.06857665,0.3760022,-1.41784638864263e-46,1.29935940537036e-14,0.0238888112978213,-0.557220130691364,-0.12372042068079,0.00500976936798526,-0.989656906993693,-2.81779088930113,-6.79845427311179e-45,1.30355941329758e-12
4.49,-0.08167448,0.3729557,-5.71500925897241e-47,4.36620042520148e-15,0.00229875310213323,-0.545191451225509,-0.123697433149768,-0.000442145144269825,-1.00096548592839,-2.80935505766996,-2.72080060404366e-45,4.36890261969609e-13
4.5,-0.09399829,0.3708134,-7.09451775923992e-47,5.12406632066638e-16,-0.0104853183124813,-0.522650812488714,-0.123802286332893,-0.00566865326915697,-1.00708848561799,-2.84913267265832,-3.36472355235191e-45,5.3060578490496e-14
4.51,-0.105637,0.3688196,-9.5157546838797e-47,2.43251968886115e-17,-0.0158789425746058,-0.497035547944152,-0.123961075758639,-0.0106390087485985,-1.00925611483002,-2.93365427423822,-4.50701332147449e-45,4.33769759374388e-15
4.52,-0.1164634,0.3679696,-8.91816567423638e-47,-2.3438165264547e-18,-0.013383653678865,-0.460374902534237,-0.124094912295428,-0.0152427577739409,-1.00757145433706,3.10853727428183,-4.22836446719298e-45,9.55852890922543e-17
4.53,-0.1261799,0.3680724,-6.69864001973596e-47,-2.84749066899413e-19,-0.00115035737132274,-0.415479710883956,-0.124106415869141,-0.0193975548827804,-1.00136560586089,2.62971097861313,-3.18829004932674e-45,5.80823662716243e-19
4.54,-0.1353669,0.3686447,-8.98324658818633e-47,-1.11840552218753e-21,0.014944310543056,-0.367454115669741,-0.12395697276371,-0.0230720960394778,-0.993565596500859,2.11289609126896,-4.29670390136584e-45,1.3055387737422e-21
4.55,-0.1425292,0.371295,-1.55322725661528e-45,-9.50454269139376e-26,0.0472194965525539,-0.303316024656354,-0.123484777798185,-0.0261052562860414,-0.977872928812573,1.78332713641095,-7.50435002648044e-44,9.72320482406995e-26
4.56,-0.1478873,0.3754676,-2.55232990016289e-42,-1.05745517158051e-31,0.092170020025474,-0.229589271546962,-0.12256307759793,-0.028401149001511,-0.955449577039413,1.64258966370449,-1.25161522684552e-40,1.0601848804241e-31
4.57,-0.1518295,0.3807925,-8.59806453552389e-38,-1.39381985017241e-40,0.145063525451796,-0.150745054929932,-0.121112442343412,-0.0299085995508103,-0.927979862481214,1.58722897207084,-4.29695991888452e-36,1.39400796515924e-40
4.58,-0.1538203,0.3870137,-1.55263546968977e-32,-9.00984059616129e-56,0.209399745801528,-0.0699513526654147,-0.119018444885397,-0.0306081130774645,-0.891909847930892,1.57006405008131,-7.96465470017134e-31,9.00984301062457e-56
4.59,-0.1543783,0.3929307,-1.33589223270138e-27,-1.35895426980598e-75,0.279297260074694,0.00190376937201986,-0.11622547228465,-0.0305890753837443,-0.849148214546918,1.57049459075614,-7.08367145210313e-26,1.35895433163782e-75
4.6,-0.1520038,0.4005513,-1.77992767388896e-22,-7.07944719877287e-53,0.366558927300607,0.0820095042741644,-0.112559883011644,-0.0297689803410026,-0.7867537727763,1.58221665310851,-9.96424472461935e-21,7.07990865755324e-53
4.61,-0.1482195,0.4068604,-3.74869375560706e-18,-1.22952479433923e-41,0.456059183608771,0.143631883048258,-0.107999291175556,-0.02833266151052,-0.711954444655267,1.59943197885334,-2.27186571603631e-16,1.23002882008148e-41
4.62,-0.1420905,0.4125755,-3.45952023625397e-14,-2.48930789898091e-35,0.554917945866579,0.193949842156275,-0.10245011171689,-0.0263931630889573,-0.60993040425218,1.62013241651116,-2.44490023523999e-12,2.49233900713631e-35
4.63,-0.1328045,0.4177182,-2.03979109970078e-10,-2.30590744075487e-31,0.668528879889729,0.23374025010837,-0.0957648229179931,-0.0240557605878736,-0.456358264621871,1.64328095109861,-1.9474089702259e-08,2.31197533235e-31
4.64,-0.1206454,0.4221545,-5.69462588446998e-07,-6.8819514602246e-29,0.792363252472088,0.26247897422184,-0.0878411903932723,-0.0214309708456552,-0.230346453156278,1.66832298141155,-7.79375713473398e-05,6.91479384680666e-29
4.65,-0.1052712,0.4257689,0.0167966932813325,-1.62014170046566e-27,0.927540330512391,0.279923910801388,-0.0785657870881483,-0.0186317317376413,0.0962189508108254,1.69495946545825,-0.175897151164024,1.63270455208132e-27
4.66,-0.08666383,0.428608,3.00710432779477,-5.7194362282076e-27,1.07223949316158,0.28730112049688,-0.0678433921565326,-0.0157587205326725,0.494953794415097,1.72292963909682,-6.32497934415179,5.78623377369495e-27
4.67,-0.06480818,0.4307172,4.94295592392507,-4.27184740768827e-27,1.22469593777797,0.285795532058985,-0.0555964327787529,-0.0129007652120827,0.864130058855948,1.75205194580623,-6.49975501966799,4.34295789403417e-27
4.68,-0.03979865,0.4320469,5.89949779522472,-6.98315296106978e-28,1.3823053648836,0.275755924506473,-0.0417733791299169,-0.0101432059670179,1.13748127804063,1.78232511599845,-6.49999940734406,7.14226783893929e-28
4.69,-0.01265574,0.4325569,6.30054890829608,-2.29134096659669e-29,1.53475236594972,0.257641117188368,-0.0264258554704197,-0.00756679479513425,1.32236871684472,1.8137906285201,-6.49999999678057,2.36065880822001e-29
4.7,0.01625004,0.4319647,6.4548427294625,-7.54312117328205e-32,1.67817954725117,0.229887034867017,-0.00964405999790804,-0.00526792444646409,1.45282337863479,1.8471089756451,-6.49999999996279,7.84037981272089e-32
4.71,0.04618762,0.4302342,6.49874970747732,-1.24785048867766e-35,1.8060506012537,0.193209787741652,0.00841644601462901,-0.00333582656904757,1.55117720211977,1.88253366265512,-6.49999999999905,1.31100855212001e-35
4.72,0.07621793,0.4273692,6.4881164189463,-2.49831015815072e-41,1.91072745584505,0.148662920039508,0.0275237205730795,-0.00184919736865249,1.63128954983103,1.92035674485347,-6.49999999999994,2.65904742593065e-41
4.73,0.1055726,0.4230697,6.44412520217739,-3.9756129425451e-51,1.98684678949236,0.0947094800154311,0.0473921884680031,-0.000902102568498176,1.70204241798776,1.96236751524274,-6.49999999999999,4.30101494690054e-51
4.74,0.1339615,0.4175538,6.37281164440812,-3.82298025434186e-73,2.0337859175149,0.0343710618066591,0.0677300476431521,-0.000558391950431586,1.7689949155802,2.00869203299524,-6.5,4.22110372923287e-73
4.75,0.1606609,0.4102644,6.27172123519474,-4.15783477579577e-72,2.04749290534229,-0.0360648543100175,0.088204976696575,-0.00091904049353176,1.8366705093343,2.06489834762884,-6.5,4.72248689245548e-72
4.76,0.1859493,0.4019507,6.13517391833955,-4.0064404392834e-48,2.03304427343621,-0.108932113682871,0.108535419430937,-0.00200836163036047,1.90750532396429,2.12958923605439,-6.5,4.72497869674168e-48
4.77,0.210061,0.3928479,5.95519459040732,-4.6774852557084e-37,1.99491052594565,-0.181520159034736,0.128484524690393,-0.00382356322070783,1.98322693628384,2.20516396996787,-6.49999999999999,5.80728098139843e-37
4.78,0.2326708,0.3826262,5.71699043769903,-1.29072740460879e-29,1.93259251421765,-0.256104477475272,0.14781044983257,-0.00638460799546056,2.06678498030205,2.30565941880506,-6.49999999999997,1.73987307661504e-29
4.79,0.2541382,0.3715152,5.40738069618901,-3.59006227398353e-24,1.85163912009976,-0.330046653397937,0.166326841033568,-0.00968507452943992,2.15910572341682,2.45099309562883,-6.49999999999978,5.63670513836851e-24
4.8,0.2746282,0.3595659,5.01150058527528,-4.90637549255663e-20,1.75560906383544,-0.402437441572079,0.183882931671922,-0.0137094489451607,2.26112963873944,2.70081960409793,-6.49999999999703,1.14927757766912e-19
4.81,0.2946469,0.3472983,4.52598422233162,1.85302868290514e-18,1.65077354907733,-0.468512372427311,0.200390667162695,-0.0183945726694338,2.37119623606961,-3.09734689341217,-6.49999999994115,2.32107974757834e-16
4.82,0.3141788,0.3345048,3.94727583051552,2.18693762990627e-15,1.53849094620029,-0.530070048081253,0.215775576624698,-0.0236952731502464,2.48893855682343,-2.25373985177735,-6.4999999982353,1.12525520005382e-13
4.83,0.3335246,0.3216337,3.29182410700668,3.39843834823105e-13,1.42275181826197,-0.583275169461166,0.230003094807318,-0.029528024844858,2.61100759164368,-1.63890123798793,-6.49999992477678,1.362629822747e-11
4.84,0.3527236,0.3084657,2.57215048662268,1.62030025061185e-11,1.30500599872221,-0.630286804309938,0.24305315479454,-0.0358308928879574,2.73468366281334,-1.32905885835366,-6.49999540745088,6.6812217752271e-10
4.85,0.3717942,0.2951969,1.81407362988288,3.19727527226122e-10,1.18641536723386,-0.669631526741471,0.254917308466879,-0.0425272081553721,2.85701753177008,-1.14540910408668,-6.49959165269229,1.40737892118279e-08
4.86,0.390913,0.2824666,1.08754404647426,2.14155638512773e-09,1.06939607754546,-0.696292499958897,0.265611269242333,-0.0494901331549611,2.97392227013353,-1.00539550397877,-6.44957371490482,1.01674329611221e-07
4.87,0.4096989,0.2697581,0.118466664220353,7.94830112032019e-09,0.951399626769092,-0.71547689017841,0.275125265510024,-0.0566449020567452,3.08628374117883,-0.891403544840354,-2.47963419078786,4.07883032701612e-07
4.88,0.4281639,0.2575272,-8.27987052627953e-05,1.35155884583484e-08,0.833447511797399,-0.723835572540209,0.283459740627998,-0.0638832577821473,-3.09089627900276,-0.786080816558081,-0.0110788178437772,7.57098177351942e-07
4.89,0.4459736,0.2456293,3.04531591221071e-10,1.23332494425598e-08,0.713526370816318,-0.723422051377232,0.290595004336161,-0.0711174782959196,-2.98991164038973,-0.68765038377125,-1.41132071739856e-05,7.70770662865172e-07
4.9,0.463015,0.2342822,-5.84766993176576e-11,5.45007885074722e-09,0.591692008171275,-0.713135355769041,0.296511924417874,-0.07824883185361,-2.89421962504447,-0.590860148398419,-7.08322420518495e-09,3.99437952972858e-07
4.91,0.4790014,0.2233592,-1.09533508681621e-14,1.32813621616949e-09,0.466534214947806,-0.694929634644524,0.301177266567352,-0.0851981282000552,-2.80274978169535,-0.497166558930234,-1.09504475927452e-12,1.1801416030762e-07
4.92,0.4938108,0.2128768,-5.28719072291014e-19,1.99764743267141e-10,0.338190487858952,-0.669450220453678,0.304559171445942,-0.091892630404592,-2.71563537799844,-0.406082949257892,-5.23529365645569e-17,2.00215534691758e-08
4.93,0.5072755,0.2028213,-1.83222652268221e-23,1.95980933759733e-11,0.206422796605381,-0.637591871664529,0.306623399411995,-0.0982685491212373,-2.63263778453722,-0.317841628740099,-1.59011445522296e-21,1.97217831268417e-09
4.94,0.519228,0.1932549,-7.7835286650377e-27,7.90052009454693e-13,0.0710423674047291,-0.599584615423804,0.307333823086043,-0.104264395275475,-2.55352644567561,-0.23169765657313,-5.73601204072561e-25,1.06878352089694e-10
4.95,0.5295894,0.1841257,-7.02036008076039e-27,-8.18658887551003e-16,-0.067340263495808,-0.55663970826431,0.306660420451085,-0.109830792358118,-2.47848123218057,-0.148616336766671,-4.540657538533e-25,3.20844211235991e-12
4.96,0.5384271,0.1752051,-1.27940923701613e-23,2.72532204979066e-16,-0.206895592717192,-0.511388153272188,0.304591464523913,-0.11494467389084,-2.84295069287299,-0.0715854155874638,-1.31203058783973e-21,6.10337854532963e-14
4.97,0.5457833,0.166809,-7.80099142227292e-19,-1.08737839618509e-18,-0.346152081771006,-0.461680585126453,0.301129943706203,-0.119561479742105,-2.75687947809558,0.0038097793062605,-7.83866305151797e-17,5.42964181177278e-16
4.98,0.5516035,0.1587032,-3.62325784950993e-14,-1.79063303666876e-19,-0.484588104585956,-0.410203674722146,0.296284062660343,-0.123663516489326,-2.67205131595706,0.074580219959015,-3.38730920745999e-12,2.55474774465354e-18
4.99,0.5559865,0.1509511,-4.9518604495363e-10,-7.9196747356631e-22,-0.62042415905022,-0.356931064924789,0.290079821069841,-0.127232827138574,-2.58925567418921,0.141840990845375,-3.9256472646782e-08,5.50636895260331e-21
5,0.5589876,0.1436524,-1.72410600975334e-06,-8.9144265573108e-25,-0.752417820626142,-0.301547106205948,0.282555642863579,-0.130248298200634,-2.50885867744922,0.206896097898536,-0.00011700886626019,4.34484371031066e-24
5.01,0.560621,0.1367454,-0.00175943281400029,-3.13037921999868e-28,-0.879810598398379,-0.245135077372641,0.273757536879596,-0.13269964897436,-2.43090028694344,0.269166458414528,-0.106791684170415,1.18439111012853e-27
5.02,0.5610304,0.1303398,-0.0983925274144804,-2.91205626398868e-32,-1.00083611092018,-0.187254496509928,0.263749175770394,-0.134572193939459,-2.35580073179047,0.329915239525377,-5.51312277926064,9.02361752921986e-32
5.03,0.5602707,0.1242818,-0.123311674300484,-1.20592641659272e-36,-1.11468036019199,-0.129726922511049,0.252602372168474,-0.13586946316457,-2.28345961867017,0.387756980347103,-6.49185057585711,3.19210576383014e-36
5.04,0.5585352,0.1187863,-0.130013938816728,-6.63159910929622e-41,-1.21947047927588,-0.0711234585741725,0.240407667375715,-0.136580697750312,-2.21411836372623,0.444877088552936,-6.49987686911199,1.53992506899838e-40
5.05,0.5558679,0.1134568,-0.135950577902866,-2.63576836641458e-43,-1.31482961909558,-0.0152793523220769,0.227259371184759,-0.136733491273532,-2.14740856531548,0.497978203019872,-6.49999645326572,5.51309538202904e-43
5.06,0.5525597,0.1091143,-0.141229392114723,-2.28549974810432e-42,-1.39837887686119,0.0445408340898439,0.213275582416147,-0.136288082932634,-2.08357141406582,0.554059126504795,-6.49999980857103,4.34118042475416e-42
5.07,0.5484137,0.1046837,-0.145900149568071,-5.67082425411461e-39,-1.47218071008788,0.0985463154445494,0.198553775315269,-0.135302619778188,-2.02155761206358,0.604529493330605,-6.49999998343712,9.9749223858995e-39
5.08,0.5437346,0.100521,-0.149932091649858,-5.53905306188825e-35,-1.53392119483087,0.149832996236318,0.18321456336696,-0.133804289815825,-1.96156622956432,0.652837510482571,-6.49999999766138,9.11900670877277e-35
5.09,0.5388561,0.09694602,-0.153331758378026,-4.58951906492781e-31,-1.58132612456096,0.200952594488518,0.16740130212135,-0.13179476387094,-1.9036438614439,0.701459217473244,-6.49999999944939,7.1129936283492e-31
5.1,0.5340024,0.09380094,-0.156138277666479,-1.35574778618429e-27,-1.61334990868055,0.250229157875992,0.151267803034545,-0.12929247229218,-1.84750289579591,0.749336536872842,-6.49999999978549,1.99072149316371e-27
5.11,0.5289462,0.09072421,-0.158413662874936,-8.92235977470633e-25,-1.63299272040195,0.294429469407049,0.134937875830525,-0.12634817759811,-1.79224077037214,0.794453755822198,-6.49999999987702,1.25071827595072e-24
5.12,0.5241051,0.08803932,-0.160168901392341,-2.44515671089993e-22,-1.6375985692912,0.336382301655915,0.118561890137613,-0.12298435458155,-1.73787899354649,0.839135810524274,-6.49999999988888,3.2865114967859e-22
5.13,0.5197999,0.08592037,-0.161425638146441,-3.76836664548258e-20,-1.62567505663883,0.377439636483636,0.102305139571225,-0.119209958216714,-1.68414834366743,0.884438196587214,-6.49999999983469,4.87165798051118e-20
5.14,0.516086,0.08440737,-0.162201735222517,-3.58846833328612e-18,-1.59823488099207,0.417718928318516,0.0863227907613043,-0.115032768933529,-1.63049722272336,0.930517955943588,-6.49999999960257,4.47478225552907e-18
5.15,0.5130923,0.08359449,-0.162497338301397,-2.39425260587293e-16,-1.55569161144414,0.45778772217694,0.0707658746468629,-0.11045489171176,-1.57643519170155,0.977746953715083,-6.49999999843579,2.88720403384384e-16
5.16,0.5108685,0.08357982,-0.162296016440544,-1.23405133684524e-14,-1.49920990457521,0.498199660959346,0.0557737756011108,-0.105472895102166,-1.5214270775275,1.02640455552319,-6.49999998988944,1.44253021097539e-14
5.17,0.5093876,0.0844546,-0.161563033525807,-5.25591209630492e-13,-1.43061008339392,0.539401044405302,0.0414676747671717,-0.100078884658113,-1.46494799141015,1.07662764046946,-6.49999989340647,5.96990230220689e-13
5.18,0.508577,0.08638473,-0.160246683716075,-2.04922836272873e-11,-1.35203213694941,0.58242135792988,0.0279473533976776,-0.0942546710788143,-1.40653365069763,1.12871610912676,-6.49999818480028,2.26709482487049e-11
5.19,0.5082739,0.08943068,-0.15828369772932,-7.32368611729621e-10,-1.2662778367569,0.627304223302797,0.0152845750301086,-0.0879816288457863,-1.34587166490192,1.18242162998935,-6.49995159635376,7.91272682268982e-10
5.2,0.5082649,0.09378715,-0.155571872762526,-2.6067564355975e-08,-1.17638886057924,0.675202357204329,0.00352068642431615,-0.081229605273743,-1.28289591959787,1.23781439963904,-6.49807184434916,2.75818859907965e-08
5.21,0.5081222,0.09951491,-0.149917112025903,-9.03261118115352e-07,-1.0870023150546,0.726024883401419,-0.00734933672622982,-0.0739693564397288,-1.21818758347952,1.29441363200173,-6.4013153814269,9.38875393066108e-07
5.22,0.5078894,0.1070958,-0.0712722934282807,-3.74369518310807e-05,-0.998347822671368,0.783201089631354,-0.0173328149529435,-0.0661373455434153,-1.15193349441476,1.35252986404761,-3.12795040910541,3.83462966858831e-05
5.23,0.5065625,0.1161794,-0.00217570924738146,-0.00139717906596622,-0.919535104650567,0.842839393680105,-0.0265281659994492,-0.0577089516066143,-1.08708972091209,1.41066218204867,-0.0985656888347018,0.00141527725037114
5.24,0.5043611,0.1271196,-3.89352644747875e-05,-0.0530930916966806,-0.848421640780813,0.907269510203379,-0.0350123824072573,-0.0486362565045805,-1.02417616160537,1.4686843047929,-0.00182748027701781,0.0533709570828151
5.25,0.5008387,0.1399441,-1.0039962955344e-06,-1.52322197502116,-0.788653305542028,0.975850566545579,-0.0428989154626776,-0.0388777508391247,-0.965670107252357,1.5259531679284,-4.88983459741541e-05,1.52475402299084
5.26,0.4956496,0.154405,-4.98836452820546e-08,-5.88021428975772,-0.742623327652401,1.0456546086518,-0.0503251487392016,-0.0284212047526067,-0.913833656628175,1.58187220402087,-2.51819288883279e-06,5.88057480576973
5.27,0.4895556,0.1711047,-3.26935101631756e-09,-6.46492850761137,-0.703011076032845,1.12112127293178,-0.0573552594995301,-0.0172099920232889,-0.86625742201852,1.63626559894661,-1.71021354045627e-07,6.47880141677677
5.28,0.4817222,0.1891838,-4.95482172393626e-10,-6.45380187408857,-0.67663135862092,1.19401426453698,-0.0641215730857393,-0.0052698493779191,-0.826687105535372,1.68894004114656,-2.67663741155607e-08,6.49908343164719
5.29,0.4725813,0.2086153,-1.3539324061647e-10,-6.40720871674714,-0.658865134919047,1.26378858069779,-0.0707102244349297,0.00736803642905885,-0.793076350024181,1.73996279136334,-7.53491666973e-09,6.49994644261096
5.3,0.4621901,0.2290349,-6.41841977350035e-11,-6.34505784359341,-0.648607118180487,1.32713633774286,-0.0771962956167346,0.0206393998064875,-0.764831809220918,1.78962825076861,-3.67044615792869e-09,6.49999538139967
5.31,0.4506356,0.2500958,-4.88117928036766e-11,-6.26888492126238,-0.644535159346997,1.38121919408551,-0.0836416472102046,0.0344515917473426,-0.741102982978922,1.83832658503286,-2.86130157191381e-09,6.49999937908766
5.32,0.4380828,0.2713875,-5.17444839507097e-11,-6.17878477051072,-0.644733776321642,1.42296566173134,-0.090088984973421,0.048681248364656,-0.720675095237025,1.88656130185104,-3.10368337758994e-09,6.49999986180501
5.33,0.4245963,0.2925151,-7.10799971918337e-11,-6.07417315050526,-0.648272226429356,1.44978184290625,-0.0965717072377145,0.0631790667937185,-0.702867103499004,1.93485612213127,-4.35602003736755e-09,6.49999994664425
5.34,0.4105195,0.3132803,-9.85056019085983e-11,-5.95447595229967,-0.651906297330493,1.4610433076906,-0.103090770211019,0.0777894998706246,-0.685854689066581,1.98350272388003,-6.17088711569366e-09,6.49999996459827
5.35,0.3958897,0.3333676,-1.3393087119352e-10,-5.81834171377076,-0.655267689218347,1.45530529113026,-0.109643447103203,0.0923425527819272,-0.669411988471971,2.03295627139123,-8.58338042657956e-09,6.49999995816095
5.36,0.3809164,0.3526168,-1.56250940434826e-10,-5.66465623021841,-0.656557365911734,1.43266545125782,-0.11620902076232,0.106669207294505,-0.652619298042138,2.08344609071536,-1.02675951393152e-08,6.49999991176279
5.37,0.3656479,0.370858,-1.53664804426386e-10,-5.49201482714412,-0.655513692841893,1.3932550656915,-0.122764157690739,0.12060175795142,-0.635392064330066,2.13522471153307,-1.03820222417188e-08,6.49999966089619
5.38,0.3500733,0.3879949,-1.301498586198e-10,-5.29925626996924,-0.652415884658762,1.33792719366271,-0.129288316537327,0.133981029888047,-0.617913000086409,2.18841988720235,-9.06478656922948e-09,6.49999758480617
5.39,0.3344649,0.4042343,-8.08439215772166e-11,-5.08771513149624,-0.64513296095615,1.2701197190331,-0.135739646146888,0.146682227078378,-0.599167326044455,2.24252314981899,-5.83043194533492e-09,6.49997002022027
5.4,0.3188742,0.4195417,-3.64545484648021e-11,-4.85692106061759,-0.633616566993066,1.19104957992061,-0.142075811816819,0.158592722877585,-0.579209749194861,2.29751316304443,-2.73437040554494e-09,6.4993307890426
5.41,0.3032851,0.4339174,-1.23156924530434e-11,-4.58919263096903,-0.618428545079043,1.10220356042992,-0.148260097267609,0.169614758481884,-0.558371761388965,2.35327715900913,-9.64116626563026e-10,6.47221284063827
5.42,0.2877434,0.4474307,-3.0745355618198e-12,-3.22990134115831,-0.599582050330548,1.00559218165218,-0.154255917770915,0.179670680298406,-0.536685944609695,2.40950996445455,-2.51883880738325e-10,4.83300255026024
5.43,0.2722242,0.4600274,-5.85992057733856e-13,-0.0674159301246476,-0.577718435720069,0.90207808553874,-0.160033102128116,0.188691461153793,-0.51447794064211,2.46623035059367,-5.02845093511238e-11,0.107846495213245
5.44,0.2566464,0.4716352,-9.15328005153131e-14,-0.000148108892419635,-0.553919501490697,0.792349402860548,-0.165572297143023,0.196614955182399,-0.492268676669892,2.52352216048913,-8.21119558608379e-12,0.000255560152325293
5.45,0.241382,0.4824869,-9.01970425457792e-15,-1.21502084653727e-07,-0.52535030358008,0.679641875711834,-0.170825800178823,0.203411373939517,-0.468626219360169,2.58052902784049,-8.44531164587267e-13,2.28220707348242e-07
5.46,0.226108,0.4922039,-7.23276824620221e-16,-2.42015660793589e-11,-0.49534173060804,0.56181341612503,-0.175779217484904,0.209029508100767,-0.445193014672895,2.63837660635311,-7.01346842965246e-14,5.01394168752645e-11
5.47,0.210986,0.5007977,-4.19807339095414e-17,-8.36037943964856e-16,-0.4628461374861,0.440212455354242,-0.180407678859765,0.21343163265431,-0.421393845652051,2.69692420681447,-4.17229866493447e-15,1.94222076755897e-15
5.48,0.1960391,0.5081916,-1.74289521537711e-18,-3.33511086129831e-21,-0.428095112458802,0.31536129199408,-0.184688629984353,0.21658524557425,-0.397296752903878,2.75636642606679,-1.75052768333603e-16,8.88413795845784e-21
5.49,0.1813097,0.5143168,-4.99194785892922e-20,-1.96225734032809e-27,-0.3911530340364,0.187830728353511,-0.188600160324717,0.218463552857785,-0.372878148621511,2.81690234613945,-5.00921460409802e-18,6.1765066142291e-27
5.5,0.1669211,0.5191907,-8.77032687583168e-22,-1.02432434302659e-32,-0.351412144805806,0.0588871146776668,-0.192114281772775,0.219052424004562,-0.347766378828177,2.87842859736535,-8.76826492395008e-20,3.96184468045082e-32
5.51,0.1528366,0.5227137,-9.77391473498743e-24,-1.47179893853446e-32,-0.309689706321961,-0.0712791794133096,-0.195211178835994,0.218339632210429,-0.322310630109744,2.94134695478891,-9.81201555623034e-22,7.39733377386176e-32
5.52,0.1391375,0.5249421,-6.50263126938249e-26,2.78034815553802e-28,-0.265750100842165,-0.201175061424223,-0.197868679844416,0.216327881596187,-0.296310569641287,-2.57952239704977,-6.69132946862557e-24,2.15989661162822e-26
5.53,0.1258415,0.5259176,-2.7189653927581e-28,4.95458836380681e-22,-0.219932853726128,-0.329555137788546,-0.200068008381677,0.213032330218301,-0.269856522041266,-2.46959236031472,-2.97806090570937e-26,3.16359869119865e-20
5.54,0.1128053,0.525682,-9.9503465194109e-31,1.0982897583935e-16,-0.173923965216442,-0.455286906192732,-0.201807248033842,0.208479461156374,-0.24374227814512,-2.36727200864979,-1.23213177145206e-28,6.2220073504004e-15
5.55,0.1001711,0.5244444,-3.78967863969774e-33,2.41186745254373e-12,-0.126855191643358,-0.575946356287773,-0.203075799950275,0.202719997593496,-0.217416937694719,-2.27281648954124,-5.92713039634558e-31,1.2591881088211e-10
5.56,0.08787925,0.5223048,-2.64461605944388e-35,8.19794672819233e-09,-0.0796449034666686,-0.690262861841997,-0.203872248984942,0.195817368975076,-0.191275623071576,-2.18542905424056,-6.65172224043084e-33,4.01818483495676e-07
5.57,0.0759112,0.5194948,-4.81563754701317e-37,6.01322168530742e-06,-0.0327911826025513,-0.796012323227039,-0.204200160810968,0.187857245742806,-0.165494401370473,-2.10468987918956,-3.90973982240301e-34,0.000280121189407991
5.58,0.06415499,0.5160291,1.67822556593959e-37,0.00134622953518213,0.0124618843795048,-0.89303503171239,-0.204075541967173,0.178926895425682,-0.140664233491441,-2.02926165700304,-2.20227955933654e-34,0.0602042870955668
5.59,0.05256337,0.5121413,1.19872548490695e-36,0.0636775256949284,0.055533841054082,-0.979410225098157,-0.203520203556632,0.1691327931747,-0.117031262314768,-1.95863332007744,-1.05440344653745e-33,2.75722431482012
5.6,0.04122147,0.5079471,-1.79446740021256e-35,0.147984194180655,0.0970291495111582,-1.05444095893404,-0.20254991206152,0.15858838358536,-0.0941960347880911,-1.8919276867243,-2.4128591604622e-32,6.24779525086701
5.61,0.02962422,0.5034853,-3.19229640489994e-33,0.156605365611864,0.132512389580938,-1.11821376039963,-0.201224788165711,0.147406245981364,-0.0745953586494266,-1.82824268275244,-8.09368706827191e-31,6.48420338567426
5.62,0.01761147,0.4984845,-1.17287721563693e-31,0.159269253684538,0.160887488496801,-1.17348874820049,-0.199615913280743,0.135671358499359,-0.0588594584144277,-1.76642047320275,-1.80808301657764e-29,6.49843433657736
5.63,0.005515853,0.4932569,-2.31949659486631e-30,0.160956364523981,0.185376162552881,-1.2179608701087,-0.197762151655214,0.123491749798272,-0.0451809605128455,-1.70641358576344,-2.9260623176047e-28,6.49973686355647
5.64,-0.006962083,0.487894,-1.86124664897793e-29,0.16200207686287,0.203601185020922,-1.25144387818623,-0.195726139805005,0.11097731101641,-0.0349520296406698,-1.64780165868733,-2.27948431164383e-27,6.49992800689574
5.65,-0.01986225,0.4823243,-6.41532031973804e-29,0.162467962725914,0.215630048995269,-1.27521281516959,-0.193569839315052,0.0982251828647137,-0.0281968259866493,-1.59013365287249,-8.23091927990923e-27,6.49997051842458
5.66,-0.03311416,0.4767428,-1.14257418741118e-28,0.162381093657665,0.222504324307199,-1.28826951464881,-0.19134479607198,0.0853424877182256,-0.0243776162993353,-1.533177817629,-1.55110296414535e-26,6.49998159091372
5.67,-0.0466623,0.4711632,-1.21445774818465e-28,0.161758284612964,0.225087994121889,-1.29129688642648,-0.189093916130761,0.0724295188539608,-0.0230505840361786,-1.47665637664142,-1.69203713173159e-26,6.49998311497135
5.68,-0.06031764,0.4658273,-9.81682693293733e-29,0.160606714292334,0.225333824583046,-1.28307799371093,-0.186840577884931,0.0595987389168516,-0.0231056200531626,-1.42027921817274,-1.36615408010042e-26,6.49997618456635
5.69,-0.07395663,0.4607471,-6.97277248929016e-29,0.15892652832161,0.224490933711962,-1.26450431287111,-0.184595668547811,0.0469536957881404,-0.0238210513825562,-1.36381393226993,-9.56531730675793e-27,6.49994965753153
5.7,-0.08730389,0.4561294,-5.82632193664652e-29,0.156705579480958,0.22499619294673,-1.23483450156613,-0.182345706618344,0.0346053507724791,-0.0237249320734464,-1.30690779091757,-8.0075437149349e-27,6.49983252853946
5.71,-0.100265,0.4519954,-6.23901969941481e-29,0.153921309938438,0.227537241375536,-1.19502295300381,-0.180070334204588,0.022655121242441,-0.0223725668488278,-1.24936193696755,-8.82114559875391e-27,6.49912875291212
5.72,-0.112655,0.4484932,-9.95529130001244e-29,0.15043112816177,0.23349393135026,-1.14495350506884,-0.177735394891086,0.0112055861917526,-0.0188711876383991,-1.19082599087059,-1.54583498979363e-26,6.49255297106974
5.73,-0.1242403,0.4455474,-2.55931419503725e-28,0.144411751356181,0.244517012578243,-1.08646554322823,-0.175290224765303,0.000340930759470295,-0.0121190890016276,-1.13131610528414,-5.38214160100498e-26,6.39877267935272
5.74,-0.1346821,0.443598,-1.23540035285846e-28,0.0994258272495902,0.262967165692508,-1.01698683469804,-0.172660553108378,-0.00982893758751006,-0.000504914236126286,-1.06981383212577,-5.00931333673326e-25,4.54623846040274
5.75,-0.1440269,0.4420752,9.62831816568389e-26,0.00688336713073457,0.287691080046859,-0.942697811944264,-0.16978364230791,-0.0192559157069527,0.0154181132932358,-1.00758013166001,-1.00879384311025e-23,0.326358917732679
5.76,-0.151683,0.4417389,2.03933082282253e-23,6.42831469242193e-05,0.322987599763266,-0.8581573763494,-0.166553766310277,-0.0278374894704467,0.0386654730133072,-0.942499001152773,-6.79657249786293e-22,0.00318028947707488
5.77,-0.1575307,0.4423356,7.76074999351591e-21,2.28400793993005e-07,0.368716695702588,-0.766942195272466,-0.162866599353251,-0.0355069114231714,0.0695300171822175,-0.875170892981505,-1.20989065283423e-19,1.18656298626337e-05
5.78,-0.1613894,0.4437738,4.96708929029943e-18,2.83256336225711e-10,0.425190744514085,-0.67102115566998,-0.15861469190811,-0.0422171229798712,0.108684116896659,-0.805861677005897,-4.53666072568558e-17,1.55817226293166e-08
5.79,-0.1630745,0.4458958,4.44391230178478e-15,1.04106887806212e-13,0.492648791692504,-0.572785174481902,-0.153688203991185,-0.0479449747246902,0.156831487770566,-0.735237674191176,-2.80624751803026e-14,6.14198700542366e-12
5.8,-0.1624773,0.4484802,4.59405950629289e-12,9.31694276202233e-18,0.570587322290663,-0.474973007698941,-0.147982330768279,-0.0526947048016796,0.214206627993412,-0.664447346652112,-2.16672813532317e-11,6.0142182484684e-16
5.81,-0.1594768,0.4511365,4.70810417741048e-09,1.83126383377265e-22,0.658572751293864,-0.381507286698271,-0.14139660325534,-0.0565097776686623,0.28104057178592,-0.595712843903995,-1.70764544018845e-08,1.32951367461664e-20
5.82,-0.1541777,0.453495,3.68051945546415e-06,7.46615058386908e-28,0.75422392383121,-0.295775869449244,-0.133854364017028,-0.0594675363631548,0.356086570912386,-0.531439691859596,-1.05833576115624e-05,6.18450082831562e-26
5.83,-0.1464508,0.4553795,0.00212438590137464,5.17899881794013e-34,0.857284362975006,-0.219206984151003,-0.125281520387278,-0.0616596062046648,0.43931091009131,-0.473062266878029,-0.00499178282404258,4.8126918813265e-32
5.84,-0.1363703,0.4564559,0.656439492536769,8.43389313725205e-41,0.965743575245751,-0.154363134582778,-0.11562408463482,-0.0632032375504926,0.529212132456808,-0.422844527242902,-1.29922887430086,8.37271908021235e-39
5.85,-0.1256877,0.454906,3.62248518000969,8.6417794740992e-46,1.06354208021253,-0.115922470330466,-0.104988663832695,-0.0643624622537972,0.615427277635408,-0.391887672626792,-6.27379349977964,8.6840462392479e-44
5.86,-0.1100822,0.4549732,4.28229575535069,1.69467817198328e-53,1.1873864625263,-0.066439875814539,-0.093114799207432,-0.0650268610119426,0.719534878634176,-0.353221920794084,-6.49896085939214,1.69516436387312e-51
5.87,-0.09370689,0.4527049,4.74346032190942,1.21530047991053e-57,1.29906020652807,-0.0402418526973491,-0.0801241971421513,-0.0654292795389161,0.818102400371851,-0.332323339854528,-6.49998769099833,1.2160314329648e-55
5.88,-0.07546194,0.4493757,5.15631363272127,1.3774456394725e-59,1.40806505319764,-0.0248925660272459,-0.0660435466101749,-0.0656782051991886,0.916187372330222,-0.319961248911368,-6.49999977200895,1.38445149350205e-57
5.89,-0.05494227,0.4455865,5.51952828988982,1.76166499885302e-60,1.51724485644351,-0.0145584641257956,-0.0508710980457398,-0.0658237898404465,1.01432783833332,-0.311642771249727,-6.49999999440331,1.78070546080668e-58
5.9,-0.03323956,0.4406617,5.81688626485097,1.94745753819014e-60,1.61655323031664,-0.0145295487760428,-0.0347055657425734,-0.0659690853282069,1.10813439452824,-0.311354903344776,-6.49999999976099,1.9689818634812e-58
5.91,-0.01048127,0.4347697,6.05323235077538,1.09789211991704e-59,1.70501104649693,-0.0225241794860764,-0.0176554552776041,-0.0661943271230677,1.19779060102128,-0.317161364171157,-6.4999999999832,1.10528834895286e-57
5.92,0.0140022,0.4290562,6.2366899350036,5.55617669479854e-59,1.78853158083356,-0.0282318447781611,0.00022986053073152,-0.0664766455708493,1.28512021863418,-0.321056331786848,-6.49999999999846,5.58123936232085e-57
5.93,0.03912067,0.4226938,6.36730252197843,1.62119270914941e-57,1.85769755369646,-0.0387076219129598,0.0188068360676961,-0.0668637217899789,1.36833641651111,-0.328392294509799,-6.49999999999977,1.62375555549624e-55
5.94,0.06481159,0.416014,6.45133215714717,1.28426175430087e-55,1.91267058260183,-0.0507002292339589,0.0379335418937144,-0.0673707240823185,1.44831800517684,-0.336579191660765,-6.49999999999995,1.28418235710432e-53
5.95,0.09101194,0.4092075,6.49342497749623,1.17358575705621e-53,1.95369530550295,-0.062395100983152,0.057470494948744,-0.06799467509215,1.52580258640146,-0.344214525055248,-6.49999999999998,1.17312916449269e-51
5.96,0.117242,0.4020897,6.49697157025538,1.6984236363123e-51,1.97757671180021,-0.0752698165096195,0.0772462620667461,-0.0687473732572462,1.60133094315853,-0.352373759312015,-6.49999999999999,1.69874059411397e-49
5.97,0.1437374,0.3952555,6.46431189796845,5.29750823500057e-50,1.98755280867938,-0.0841572930733925,0.0971217901535399,-0.0695889461879801,1.67566058666906,-0.357287649291498,-6.49999999999999,5.30197975434286e-48
5.98,0.1696835,0.3881496,6.39636305512343,2.04652992420918e-48,1.97781918316977,-0.0939579796168264,0.116899981985238,-0.0705285259841484,1.74965189934424,-0.362604365689489,-6.49999999999999,2.05002356724198e-46
5.99,0.1949672,0.3809448,6.29251546875569,5.5032119805105e-47,1.9491266834392,-0.103075642683817,0.13639124881963,-0.0715592824109866,1.82420389311297,-0.367159882726877,-6.49999999999998,5.51696162106202e-45
6,0.2193149,0.3735439,6.15041651647863,1.34895527320171e-45,1.90094429174958,-0.112305845856118,0.155400691737125,-0.0726823408695478,1.90033112473488,-0.371536576146526,-6.49999999999994,1.35332942990466e-43
6.01,0.2425655,0.3660569,5.96621096909209,2.21525229573831e-44,1.83387501246072,-0.120647943100122,0.173739441861733,-0.073888820300549,1.97897704372787,-0.375039716272254,-6.49999999999965,2.22364642719535e-42
6.02,0.264378,0.3582348,5.73332083325647,4.62247813451234e-43,1.747089384734,-0.13018720158976,0.191210335709073,-0.0751906923164466,2.06147994672529,-0.379130855822671,-6.4999999999963,4.64250232913869e-41
6.03,0.2847142,0.3501546,5.44469605281846,9.38781226044512e-42,1.64252459266129,-0.140105195845834,0.207635581635686,-0.0765917442749049,2.14868490226016,-0.383207745964071,-6.49999999992669,9.43219831426367e-40
6.04,0.3035029,0.341816,5.09213811508743,1.79075429214528e-40,1.52180556782879,-0.150294932472684,0.222853637313973,-0.0780946935996318,2.24143611923267,-0.38718439819534,-6.49999999708537,1.79958913092882e-38
6.05,0.320601,0.3330234,4.66603335938395,4.69531631821705e-39,1.38593074017456,-0.162285549768315,0.236712944715719,-0.0797175490973149,2.34074088205915,-0.39205594033612,-6.49999974079605,4.71824336189762e-37
6.06,0.3361008,0.3239607,4.16172917035445,1.04891397450775e-37,1.23790774312054,-0.17429939935661,0.249092022146924,-0.081460543090881,2.44661538594047,-0.396589485191255,-6.49994408189396,1.05361041451213e-35
6.07,0.3500386,0.3146125,3.56005147335201,2.03518278236454e-36,1.08011008674562,-0.186369752644627,0.259893123014381,-0.0833242406173273,2.55883746646158,-0.400809507289947,-6.46641223407629,2.04279125087562e-34
6.08,0.3625255,0.3051391,0.254655121761911,2.54841803185709e-35,0.915411106577341,-0.197062944127927,0.269047234080154,-0.0852948700586065,2.67631545470236,-0.403816938735392,-0.567079942084186,2.5559971867176e-33
6.09,0.3737111,0.2956079,2.48687528153841e-05,1.93596133047708e-34,0.746816291527093,-0.205847424293973,0.276515396995425,-0.0873533443015463,2.79714741789855,-0.405352067502561,-7.38727984962262e-05,1.94080467383969e-32
6.1,0.3834732,0.285921,2.98003341127163e-10,1.12284503112563e-33,0.574814135876544,-0.213629077278904,0.28226353835419,-0.0894896350743353,2.92049203479101,-0.406061538488422,-1.36374720334007e-09,1.12538713306883e-31
6.11,0.3921722,0.2763422,3.49244492079913e-16,3.32411038792067e-33,0.403949099501244,-0.218227623946353,0.286303029349203,-0.0916719113137988,3.0424990614073,-0.404671152285267,-3.53556096510624e-15,3.33314637970733e-31
6.12,0.3999437,0.267244,-1.66112890785076e-23,2.98942355772336e-33,0.23647957568058,-0.216764127770841,0.288667825106009,-0.0938395525915072,-3.12245653383005,-0.399574317169922,-2.55815133383984e-21,3.00136207102832e-31
6.13,0.4067256,0.2582462,3.92601344311699e-29,1.69487421608513e-33,0.0727792522361241,-0.212913565410195,0.28939561762837,-0.0959686882456092,-3.0088401362492,-0.393169158418163,-3.57562653092698e-26,1.70303965353397e-31
6.14,0.4126916,0.2496673,-4.17278038814129e-28,3.69778089253847e-34,-0.0848437710121672,-0.204238898658224,0.288547179918248,-0.0980110772321914,-2.90161408477722,-0.384060698700966,-5.29761937862107e-26,3.7154880237049e-32
6.15,0.4179,0.2413799,-1.77899335634729e-23,3.99964934611172e-35,-0.235293410724847,-0.192255459316279,0.286194245811,-0.0999336318253542,-2.75117070362787,-0.373254132720026,-1.78778345318871e-21,4.01372056466984e-33
6.16,0.4223706,0.2336058,-3.44777598933328e-18,1.46596600025481e-36,-0.377939307922887,-0.175467040135556,0.282414852731771,-0.10168830222671,-2.66225370435756,-0.359896610974452,-3.16854879804519e-16,1.46780397256951e-34
6.17,0.4261398,0.2263249,-1.52077258382868e-13,1.87100226493481e-38,-0.512120712646613,-0.154550180068981,0.277293645605305,-0.1032338040274,-2.58020130162421,-0.344432427604679,-1.18306743640052e-11,1.87028275947501e-36
6.18,0.4292672,0.2192557,-9.98415371901274e-10,1.45282499038717e-40,-0.637092709247781,-0.132334109018391,0.270922718512827,-0.104557145117584,-2.50450341555585,-0.328574782045493,-6.72647239292572e-08,1.45504331913978e-38
6.19,0.4319087,0.2126557,-1.20310824351706e-06,4.53335662697445e-43,-0.751427523314618,-0.106929881906016,0.263408443279681,-0.105626443936644,-2.43493557853999,-0.31113840818595,-7.33851075269725e-05,4.58430451611016e-41
6.2,0.43389,0.2061138,-0.000415402022698849,1.71496207027073e-45,-0.856676030937709,-0.0822020343272953,0.254841682970304,-0.106448464279917,-2.36990868581371,-0.294460886804976,-0.0235940982750561,1.76989375663294e-43
6.21,0.4354542,0.2001206,-0.0346585900756586,5.33181430797628e-48,-0.950799081013383,-0.0541735617764783,0.24533369216017,-0.106990199897681,-2.3095703789296,-0.276027259518087,-1.86387846436821,5.72996710116555e-46
6.22,0.4366922,0.1944606,-0.119759176393374,7.06618209480102e-50,-1.03329276384954,-0.0251066929158767,0.235000764521674,-0.10724126682684,-2.25339985744295,-0.257191323764332,-6.16045363644946,8.13504677254214e-48
6.23,0.4373845,0.1889503,-0.130997795976216,1.68894786109383e-50,-1.1063957230338,0.00318345382433094,0.223936807291336,-0.107209432288597,-2.19998334194063,-0.239038947492419,-6.48484850531811,2.15840090883348e-48
6.24,0.4377764,0.1839057,-0.135745407375591,1.19069507150647e-49,-1.16829979753573,0.033198984844093,0.212253809315979,-0.106877442440156,-2.14949853437993,-0.219911988599862,-6.49879068678772,1.80851578421257e-47
6.25,0.4377667,0.1791265,-0.139820639150204,1.22815325761367e-47,-1.22035406011751,0.0629199287603619,0.200050268714804,-0.106248243152552,-2.10110341832323,-0.201040319362866,-6.49984125570665,2.47146986922106e-45
6.26,0.437431,0.1749384,-0.143475536669609,6.91686539702101e-45,-1.26237158802371,0.0948771684260166,0.187426552834567,-0.105299471468292,-2.05453963262822,-0.180692710319256,-6.49996712905707,2.43907831383858e-42
6.27,0.436629,0.1710598,-0.146779434774325,2.43306701213752e-42,-1.29607340056634,0.126316254433357,0.174465818828903,-0.104036308923959,-2.00908145852669,-0.160596704834233,-6.49999030702417,3.22043118883507e-39
6.28,0.435361,0.1676244,-0.149750641653342,-2.977772465775e-39,-1.32190895617168,0.158175070003436,0.161246729267187,-0.102454558223924,-1.96443681938549,-0.140044307730354,-6.4999960872927,3.74630360706657e-36
6.29,0.4335754,0.1645728,-0.152408084605024,-3.031003615556e-36,-1.34078217497396,0.189699481817785,0.147838907517447,-0.100557563405746,-1.92025516046172,-0.119459938859684,-6.49999794034553,2.54038056734882e-33
6.3,0.4310551,0.1616802,-0.154776463478028,-3.30610607239578e-36,-1.35496958937439,0.218824439904818,0.134289211623703,-0.0983693190066982,-1.87597162489241,-0.100213481542383,-6.499998710832,6.54722375645086e-31
6.31,0.4284158,0.1596493,-0.156807473212708,6.72601024847774e-31,-1.35956134736985,0.251398795384022,0.120693598150005,-0.095855331052858,-1.83242808750857,-0.0780980342219782,-6.49999885779667,2.01751884612959e-28
6.32,0.4250647,0.1576812,-0.158548684915103,1.39488521936354e-28,-1.3603255599144,0.280251096762852,0.107090342550861,-0.0930528200852294,-1.78853285332086,-0.0581252863494733,-6.49999884205011,2.11720929690217e-26
6.33,0.4213016,0.1559985,-0.15997851738838,9.98930109572662e-27,-1.35504310570782,0.307342375221184,0.0935399114937823,-0.0899793963330176,-1.7445854616909,-0.038867361301765,-6.49999854238673,1.22152047023436e-24
6.34,0.4172083,0.1545477,-0.161093194151809,2.67978997860814e-25,-1.34356127174707,0.332183078131814,0.0801042987763116,-0.0866575655516995,-1.70052590358685,-0.0206652451568751,-6.49999770113384,3.95026049821529e-23
6.35,0.4128883,0.1532848,-0.161888435707338,1.29433248632929e-24,-1.32560361940815,0.354417757205034,0.0668482625822301,-0.0831133879796491,-1.65628911119366,-0.00379476906791752,-6.499995379879,7.41192756840099e-22
6.36,0.4085787,0.1521755,-0.162358654928839,-5.71300139378649e-23,-1.29983698759863,0.373820241986035,0.0538498927062439,-0.0793751855597888,-1.61184530357916,0.0115335851794788,-6.49998741510754,8.41118455552986e-21
6.37,0.4043804,0.1512014,-0.162497616726269,-1.05665507236721e-21,-1.26624389117848,0.390336568169859,0.041187453794459,-0.0754718198780902,-1.56701188127477,0.0252153599080266,-6.49995262374095,6.07251826379283e-20
6.38,0.4004297,0.1503878,-0.162290867276599,-8.72827155205044e-21,-1.22456763287464,0.404299030944816,0.0289417774657127,-0.071428829568642,-1.52157673438452,0.0374430789501076,-6.49974432135375,3.03223262407202e-19
6.39,0.3968509,0.1498056,-0.161685498323394,-4.74760330507002e-20,-1.174731973926,0.416411887428625,0.0171944577264526,-0.0672647106943558,-1.47526916456457,0.0487339150540352,-6.49794169131881,1.17149425294678e-18
6.4,0.3937493,0.1494761,-0.160154012066905,-1.9137969807066e-19,-1.11688556279004,0.426917595115087,0.00602560209855225,-0.0629955347432049,-1.42776316724672,0.0592460563841141,-6.47426993196694,3.6642377096981e-18
6.41,0.3911532,0.1494666,-0.147649314217425,-6.4552664962237e-19,-1.05187230102994,0.436434879715393,-0.00449312091174712,-0.0586311859460509,-1.37872709555622,0.0694883567177841,-6.0199936511812,1.0071348415013e-17
6.42,0.3890263,0.1498667,-0.0439269042339421,-2.04185933149926e-18,-0.981061462645969,0.445721951187324,-0.0143037355382068,-0.0541739664341777,-1.32788522935613,0.0801557701701768,-1.81184340080487,2.66275655008431e-17
6.43,0.3873188,0.1508456,-0.00111733748213884,-7.1758234857364e-18,-0.905861825320278,0.456136528189609,-0.0233623537914096,-0.0496126011522816,-1.27502219876896,0.0926035704226261,-0.0467835676087876,7.85864325835633e-17
6.44,0.38589,0.1524932,-1.28706009939584e-05,-2.95959634676284e-17,-0.828361055861857,0.468256590543319,-0.0316459643500282,-0.0449300352468484,-1.22016204255525,0.107600363572634,-0.000549154863529138,2.7328249221561e-16
6.45,0.3845303,0.1549671,-9.68808426605472e-08,-1.58749534435125e-16,-0.751066478879637,0.483161123991855,-0.0391566291388245,-0.0400984240069299,-1.16369067121224,0.126542059079625,-4.22963228248356e-06,1.23605495486415e-15
6.46,0.3831184,0.1584375,-4.93484537223808e-10,-1.20730340647103e-15,-0.675528884068343,0.501923862638544,-0.045911917979508,-0.0350791853805444,-1.10606688960715,0.151036298806085,-2.21383849675138e-08,7.90150116863767e-15
6.47,0.3813155,0.1629882,-2.06419473398773e-12,-1.27960335409665e-14,-0.60498715362197,0.52478220406812,-0.0519617895157276,-0.0298313633398632,-1.0487322029571,0.182040692379207,-9.55038905395898e-11,7.02903999776861e-14
6.48,0.3788011,0.1686328,-9.17789507479772e-15,-1.7475277201251e-13,-0.542215458016721,0.551341813891584,-0.0573839440958949,-0.0243179452009474,-0.993584945394062,0.219969676293656,-4.38975084380182e-13,8.03639788697303e-13
6.49,0.3756279,0.1756213,-4.47726730191179e-17,-3.41653706326692e-12,-0.486554142076653,0.583180006829975,-0.0622494855166614,-0.0184861451326476,-0.941264784292015,0.267607404224501,-2.21693060362327e-15,1.3000165627882e-11
6.5,0.3713521,0.1838766,-3.94785180754972e-19,-8.00036243877509e-11,-0.441528320020723,0.618982975873914,-0.0666647687168686,-0.0122963153739085,-0.894641379584676,0.324663053457446,-2.02104777643457e-17,2.51844463297556e-10
6.51,0.3658321,0.1932714,-8.5476987747492e-21,-1.88557800058504e-09,-0.407743302308277,0.657103433159667,-0.0707422017399514,-0.00572528104231182,-0.855126018166672,0.390333199286869,-4.51078612065139e-19,4.95934557163742e-09
6.52,0.3590733,0.2039883,-5.26315382395225e-22,-4.76215355186581e-08,-0.384433713020542,0.698589694317183,-0.0745865388701568,0.00126061590086001,-0.822980635296833,0.466938212046399,-2.85220026196732e-20,1.05695727710986e-07
6.53,0.3511129,0.215874,-9.68802956365128e-23,-1.10463896426514e-06,-0.37055648494128,0.741586302961144,-0.0782921037195696,0.00867647893047145,-0.797873338354119,0.553147871576849,-5.36789043787624e-21,2.10128201059205e-06
6.54,0.3418561,0.2288752,-6.00573420941669e-23,-2.22872013802073e-05,-0.366200101997021,0.785212112905548,-0.0819541047395398,0.0165286000595269,-0.779880570679175,0.648437203337194,-3.38410619415742e-21,3.69037253355397e-05
6.55,0.3316771,0.2429259,-7.74589759915016e-23,-0.000373964340715967,-0.367428624117437,0.82854842740732,-0.0856283909807142,0.0248140843336001,-0.766162821886028,0.751818681285437,-4.42367727170293e-21,0.000547653174216603
6.56,0.3208624,0.2578858,-1.41418171952704e-22,-0.00487578103438106,-0.371337794560672,0.870138934649543,-0.0893417689263209,0.0335154736800956,-0.754577833081924,0.861295926024161,-8.17220062794194e-21,0.00642702124546429
6.57,0.3094863,0.2736652,-3.22236644027901e-22,-0.0479566423643908,-0.377033187052545,0.90907785790512,-0.0931121007968463,0.0426062522591468,-0.744406467740974,0.975206948214702,-1.88220367813522e-20,0.0579298254052284
6.58,0.2978128,0.2900921,-6.71378635429369e-22,-0.326736134946553,-0.382089845824675,0.94386985414737,-0.0969329992550931,0.0520449508006205,-0.733993663427886,1.09126833611345,-3.96639680582955e-20,0.368256619305605
6.59,0.2863365,0.3068926,-7.7086557277799e-22,-1.29855785988139,-0.382351354390948,0.972327314036764,-0.100756512799003,0.0617682239409881,-0.720710822767115,1.20711775946371,-4.62353241913501e-20,1.3893909390101
6.6,0.2751329,0.3239062,-4.76758738549465e-22,-2.83621164257313,-0.377571416888491,0.993426401167367,-0.104532226967887,0.0717024879526618,-0.704581916951574,1.32196386514536,-2.91551116503901e-20,2.9262957886401
6.61,0.264154,0.3409545,-1.74412468390169e-22,-3.96404358885297,-0.36859678899763,1.00613484562291,-0.108218194857864,0.0817638364088908,-0.686281958363892,1.43555755016814,-1.09198399606689e-20,4.00055376794813
6.62,0.2539275,0.3577837,-2.1768050671666e-23,-4.270940856435,-0.351397092846129,1.00893260812579,-0.111732165786325,0.0918531624901488,-0.663217118396561,1.54818000335707,-1.40770345757697e-21,4.27203283229129
6.63,0.244333,0.374275,-1.05725373516532e-24,-3.77892886704527,-0.327786510187028,1.0016193162119,-0.115010030888195,0.101869355652268,-0.636594349854825,1.66099396878996,-7.12875114735614e-23,3.7943453679178
6.64,0.2351555,0.3901437,-2.49471071361761e-26,-2.32615309479291,-0.30026612408745,0.982702285685612,-0.11801269212907,0.111696378509124,-0.608030104148149,1.7756247301013,-1.76928829186689e-24,2.37579234828937
6.65,0.226448,0.4052783,-2.56537424358418e-28,-0.709022197020683,-0.268905558833422,0.952331878293755,-0.120701747717404,0.121219697292061,-0.57745099799944,1.89411798006605,-1.93106824995053e-26,0.747748500048581
6.66,0.2181412,0.4194672,-1.19865729786692e-30,-0.0853809394831851,-0.234821127872863,0.909893748337439,-0.123049958996133,0.130318634775436,-0.545512141621329,2.0191284337331,-9.63952122131785e-29,0.094740479528115
6.67,0.2099582,0.4325153,-3.7678442092046e-33,-0.00413358623466027,-0.200800559018235,0.855046308778052,-0.125057964586315,0.138869097863216,-0.514152975301193,2.15385917518293,-3.23538268381197e-31,0.00495155054430037
6.68,0.2020104,0.4443543,-7.14256853722245e-36,-7.90719157686497e-05,-0.166132691826675,0.788617019230193,-0.126719291504582,0.146755268055518,-0.48275515900639,2.30089653745492,-6.52336980743155e-34,0.000106131035295492
6.69,0.1939545,0.4548424,-1.70058406754315e-38,-4.96862678748087e-07,-0.133993303506582,0.710835930512912,-0.128059224539648,0.153863627360647,-0.453728537584887,2.46296675111501,-1.62984816764465e-36,7.91625421907776e-07
6.7,0.1856977,0.4638563,-7.79035565247882e-41,-7.66929561052451e-10,-0.105167555101117,0.622147612136244,-0.129110900090659,0.16008510348201,-0.427706778794633,2.64160040532829,-7.70188667320639e-39,1.59823518127741e-09
6.71,0.1779564,0.4721316,-3.19245210805172e-43,-3.42546819611208e-13,-0.0735510706849904,0.53017251439389,-0.129846410797509,0.165386828625949,-0.39968709677204,2.82392143741885,-3.20513144734013e-41,1.1016135933772e-12
6.72,0.1686971,0.4773941,-2.85277825163538e-44,-3.14427321262069e-18,-0.0566765014856916,0.416920325796372,-0.130413175812366,0.169556031883912,-0.384202187551963,3.03720221726633,-2.86646531198439e-42,3.00184564677493e-17
6.73,0.1600101,0.4819544,-2.65852908447231e-45,4.80241540191189e-26,-0.0358556159729879,0.304128875700375,-0.130771731972096,0.172597320640916,-0.365624915984546,-3.0454525793571,-2.66445955275558e-43,9.93511149666742e-23
6.74,0.151262,0.4851093,-7.00767593168503e-46,1.46107828494348e-31,-0.0168771041314262,0.186697386416967,-0.13094050301341,0.174464294505086,-0.348819030373182,-2.85498721615626,-7.00656234120575e-44,1.53001621713076e-29
6.75,0.142566,0.4870101,-4.62722617670169e-46,3.09005168078008e-38,0.00123946267405373,0.0670777663130337,-0.130928108386669,0.175135072168216,-0.332922584449421,-2.68207073965796,-4.62946717449615e-44,2.9359834790447e-36
6.76,0.1340867,0.4877642,-7.50872811102805e-46,1.04627286405331e-38,0.019828636303723,-0.0528272680872028,-0.130729822023632,0.174606799487344,-0.316742664639348,-2.52921075089212,-7.56133880928944e-44,7.36083163623792e-37
6.77,0.1260328,0.4875785,-3.57707204748872e-45,6.03860174250002e-33,0.0404812727932615,-0.170444727966181,-0.130325009295699,0.172902352207682,-0.298819827765909,-3.12832225693861,-3.66735989029075e-43,1.18682763351989e-30
6.78,0.1183997,0.4864583,-5.27210652614783e-44,-8.19389581958135e-28,0.062847080616212,-0.285103973391216,-0.129696538489537,0.17005131247377,-0.279380846424132,-2.9910571989816,-5.61462983991139e-42,7.3726416410044e-24
6.79,0.1113499,0.484648,-2.56235322137242e-42,2.24696745072247e-20,0.087995094046823,-0.394221781642738,-0.128816587549069,0.166109094657343,-0.257338095356681,-2.85788658695254,-2.94796554160253e-40,2.36794289682061e-18
6.8,0.1048176,0.4821524,-2.74990322785112e-40,5.42042651674267e-16,0.114965698559985,-0.497460169819938,-0.127666930563469,0.161134492959143,-0.233425171531235,-2.73041607820175,-3.66720411134332e-38,5.42131893180107e-14
6.81,0.09883725,0.4790847,-4.38272291389795e-38,1.94324761869205e-12,0.143708017708081,-0.59364487586264,-0.126229850386388,0.155198044200517,-0.207527447711749,-2.61050538553327,-7.86642762189216e-36,1.61085791837599e-10
6.82,0.09341706,0.475543,-5.75403497438388e-36,1.49962025431328e-09,0.173942631384344,-0.681875497050132,-0.124490424072545,0.148379289230016,-0.179728307911873,-2.49893353622283,-2.10677151548648e-33,1.00111060221346e-07
6.83,0.08834144,0.4715213,-1.04320519603499e-36,3.28208333377968e-07,0.203520765760093,-0.762241831949739,-0.122455216414944,0.140756870910518,-0.15198511972607,-2.39497197288887,-3.96248089803972e-31,1.91255481893458e-05
6.84,0.08354254,0.4671197,5.45458499417321e-32,2.59980218101534e-05,0.231719608222996,-0.834003408808929,-0.120138020332714,0.132416836822429,-0.124946146732769,-2.29837111534525,-4.42500971457822e-29,0.00138522190209599
6.85,0.07890167,0.4624342,-1.32265687355484e-31,0.000882837138930322,0.257459002884628,-0.896569426515898,-0.117563430303868,0.12345114255727,-0.0996980804175994,-2.20849738806574,-2.53851623982745e-27,0.0439625896450751
6.86,0.07425717,0.4574925,-2.23482573353069e-28,0.0136847399445856,0.279405837048763,-0.950031224130724,-0.11476937193338,0.113950830315963,-0.0777059180425453,-2.12416866744833,-6.56903087764463e-26,0.64493192504338
6.87,0.06952697,0.4524677,-4.96431615173287e-27,0.0698612876868355,0.29703450039859,-0.993328149311605,-0.111799026929394,0.104017548822847,-0.059686858924956,-2.0449441349601,-7.79335285925744e-25,3.14917606945431
6.88,0.06459384,0.447415,-3.22420946877297e-26,0.122539264009461,0.309598760565997,-1.02653668435434,-0.108703039323734,0.0937521819793034,-0.0466892050435057,-1.96969573996611,-4.12148398727475e-24,5.33081078330953
6.89,0.05947543,0.442506,-9.03339582971065e-26,0.142423449464357,0.317584106795541,-1.04882845872819,-0.105527198255779,0.0832638973920215,-0.0384502677020085,-1.89778664460103,-1.10393284626924e-23,6.02517454064958
6.9,0.05425612,0.4379238,-1.45331716755102e-25,0.149559104135906,0.32202850293797,-1.0594270702256,-0.102306913226399,0.0726696266897656,-0.0340455320437315,-1.8284692566208,-1.78494198192087e-23,6.19283505054623
6.91,0.04877681,0.4336958,-1.23500149366135e-25,0.151577236998805,0.321863288397708,-1.05899322663171,-0.0990882803424221,0.0620796944234484,-0.0350203252096961,-1.76049952496325,-1.5122529683643e-23,6.17723392907024
6.92,0.0431361,0.4298438,-6.45380705251422e-26,0.148051989503714,0.318306562934159,-1.04825802252854,-0.0959052147130805,0.0515971141981631,-0.0402310662316245,-1.69274244009559,-7.91823848420304e-24,5.96773650096412
6.93,0.0372637,0.4262079,-1.81046074093857e-26,0.132481205671426,0.311080052434885,-1.02947220240868,-0.0927944141887316,0.0413023921740763,-0.0503060422711458,-1.62393426472029,-2.41009021806773e-24,5.3069656042763
6.94,0.03135186,0.4230211,-3.25372122753052e-27,0.0852558801282907,0.302159564743537,-1.00149366651236,-0.0897728185412963,0.0312874555089527,-0.0629941410706274,-1.55337127185263,-5.53547651782498e-25,3.4107686708092
6.95,0.02543626,0.4203014,-3.43976416168067e-28,0.0237054010794077,0.292052019236708,-0.965125340674541,-0.0868522983489292,0.0216362021022072,-0.077761474538415,-1.47993320186304,-1.01396531403242e-25,0.952263152846974
6.96,0.0195973,0.4179297,-1.38612177858157e-29,0.00276987894325565,0.281605397133742,-0.922298630448512,-0.0840362443775918,0.0124132157977221,-0.0935554711020374,-1.40259747337539,-1.66415245853783e-26,0.112429548096248
6.97,0.01392061,0.4158463,2.18187721528336e-30,0.00019071671064087,0.271642387047393,-0.874340417088046,-0.0813198205071178,0.00366981162684167,-0.109269431956078,-1.32053744731686,-2.78389035995192e-27,0.00788143749669986
6.98,0.008349573,0.4139794,5.42819673572477e-31,8.80264253263107e-06,0.261719097083635,-0.822599034409289,-0.0787026295362815,-0.00455617871725122,-0.125474690829334,-1.23319648581391,-4.41182935786044e-28,0.000373793053245388
6.99,0.002941501,0.4121682,5.26898072981128e-32,2.94918125741909e-07,0.252384391728627,-0.769080548823606,-0.0761787856189952,-0.0122469842054873,-0.141381095110275,-1.14080601070407,-7.28959712987704e-29,1.30093837171308e-05
7,-0.002192636,0.4103278,-4.5636551148194e-33,7.41111330397049e-09,0.24458656214936,-0.7150037857216,-0.0737329199975016,-0.0193970220627033,-0.155584264309217,-1.04405967336657,-1.509890068857e-29,3.43809622675934e-07
7.01,-0.007031907,0.4083207,-6.01118272345256e-33,1.50132297153855e-10,0.238427466979649,-0.661926907677854,-0.0713486453277051,-0.0260162911394818,-0.167839970866108,-0.944739441729796,-4.09159810562203e-30,7.41608321514881e-09
7.02,-0.01151947,0.4060343,-3.97882057017075e-33,2.63884886195665e-12,0.234289586881832,-0.611064900837267,-0.0690057494588868,-0.0321269401478545,-0.177487415309342,-0.845318197659172,-1.59879994270831e-30,1.40362289362539e-10
7.03,-0.01553947,0.4033704,-3.36845847531326e-33,4.34270273835057e-14,0.233003232998621,-0.563396121063364,-0.0666757171289006,-0.0377609013584881,-0.183159794311363,-0.748692391211031,-1.08530477260259e-30,2.5250499362473e-12
7.04,-0.01899416,0.4003159,-4.62525341200738e-33,6.82875154898907e-16,0.235156180447813,-0.519088914787984,-0.0643241553244225,-0.042951790506368,-0.183765452198223,-0.656980882038956,-1.4593433596328e-30,4.45742941364955e-14
7.05,-0.02144392,0.3966581,-1.54243745353476e-32,1.25650515541727e-17,0.244127573526904,-0.479928837428769,-0.0618828795891534,-0.0477510788806557,-0.173690885848493,-0.574160192697077,-7.41136523415201e-30,9.52158943695342e-16
7.06,-0.02311344,0.3927218,-2.88405990323496e-32,2.17325451932952e-19,0.25739454534162,-0.443059484027089,-0.0593089341357372,-0.0521816737209266,-0.156239958655762,-0.497421989322521,-8.02701136376557e-29,1.93011939837975e-17
7.07,-0.02334114,0.3882371,4.96877766858605e-30,5.02677204236302e-21,0.280043195468443,-0.410776473763445,-0.0565085021810528,-0.056289438458561,-0.12208705202569,-0.430514350287081,-4.05025658780218e-27,4.95652586157543e-19
7.08,-0.02208521,0.3836399,-2.94616051528683e-27,1.07165659205526e-22,0.311469977453053,-0.379301390018639,-0.0533938024065223,-0.0600824523587474,-0.0702782878898543,-0.367976406548893,-6.28326930306656e-25,1.07448600154457e-20
7.09,-0.01904956,0.3787494,6.41778797415865e-25,2.40411048642388e-24,0.353189545403711,-0.350276257827739,-0.0498619069524852,-0.0635852149370248,0.00451066081338542,-0.312100395783786,-2.6765275909287e-22,2.42917724555144e-22
7.1,-0.01389188,0.3739786,2.91078994134556e-20,3.09044560917962e-26,0.40690210813529,-0.320266268813603,-0.0457928858711323,-0.0667878776251608,0.108819195420056,-0.257459740129568,-2.654964863922e-19,3.55355823553281e-24
7.11,-0.006901077,0.3691067,6.53542888803704e-17,2.41330161360253e-28,0.46879159815672,-0.291384581278083,-0.0411049698895651,-0.0697017234379416,0.238017108874628,-0.206992130204289,-2.78650282966123e-16,4.36902121856577e-26
7.12,0.003633542,0.3653412,3.66859122207467e-13,-3.53898290548723e-32,0.552049821411856,-0.253722631194971,-0.0355844716754465,-0.0722389497498913,0.417112319700693,-0.145534714605215,-9.05409911388348e-13,7.53619411198121e-29
7.13,0.01630015,0.3616867,9.68525165938728e-10,1.16354095623569e-34,0.642459742753904,-0.216512201536804,-0.0291598742479075,-0.0744040717652594,0.610677331711779,-0.0868725610051978,-1.68870239553263e-09,6.29494948070723e-32
7.14,0.03128298,0.3582743,1.41698332723333e-06,1.40821324550651e-37,0.740311604568159,-0.178880685933204,-0.0217567582022259,-0.0761928786245914,0.806375671489933,-0.0294129156459012,-1.96342564036843e-06,1.78343795767786e-35
7.15,0.04942486,0.3560711,0.00175548980956214,-4.66744828017528e-42,0.851330322510128,-0.133105661504385,-0.0132434549771246,-0.0775239352396353,0.996565030948314,0.0385185939759892,-0.00209076809401912,1.56321836919443e-40
7.16,0.06951337,0.3539967,0.801906205736884,-3.53065740681745e-47,0.963462763235276,-0.0891255933275019,-0.00360882734477183,-0.0784151911729103,1.1590044103327,0.10231234271204,-0.875023571178527,3.44723450508955e-46
7.17,0.09131785,0.3520062,6.08173258471425,-1.69811029374187e-52,1.07387614239326,-0.0474624242710568,0.0071299340791608,-0.0788898154156209,1.29465036728856,0.161603851442168,-6.32110239842515,1.04244159309497e-51
7.18,0.1148086,0.3505305,6.41324304867865,-1.13442398323987e-55,1.18166832425455,-0.00463849248616022,0.0189466173217063,-0.0789362003404825,1.40862385929233,0.221708178702366,-6.4984680647418,5.17786264359596e-55
7.19,0.1393751,0.3491711,6.48598256322974,-1.11323312997812e-53,1.28116850869479,0.0356564931018717,0.0317583024086543,-0.0785796354094637,1.50515663396894,0.277716151350224,-6.49997333575294,4.08507469313211e-53
7.2,0.164275,0.3475967,6.49891095008961,-2.52309029404167e-49,1.36613877633668,0.0706160155788513,0.0454196901720211,-0.0778734752536752,1.58909775364394,0.326266763565286,-6.49999893786961,7.90413572230933e-49
7.21,0.1892276,0.345879,6.47124277527488,-3.55754683642012e-45,1.43482465492068,0.101038653150448,0.0597679367212279,-0.0768630887221707,1.66492022978208,0.36894684226731,-6.49999991001939,9.88202475507771e-45
7.22,0.2137695,0.3439969,6.41154250328121,-7.62877384899754e-42,1.48420461278772,0.126920227316591,0.0746099828491051,-0.0755938864490048,1.73600301505595,0.406134161557463,-6.49999998375116,1.93136391164143e-41
7.23,0.2372823,0.3415232,6.32204190757926,-1.04311349833992e-39,1.51034848381714,0.144926409479257,0.0897134676872765,-0.0741446223542123,1.80539201365075,0.433817287270592,-6.49999999338066,2.48031277014173e-39
7.24,0.2595564,0.3386404,6.20092126138346,-2.31831125327976e-38,1.51323968159945,0.157102306326006,0.104845864503271,-0.0725735992909522,1.8753992902671,0.454743012079687,-6.49999999417184,5.27389444813285e-38
7.25,0.2800878,0.3350376,6.04157404928391,-5.83828647652301e-38,1.49056017317613,0.16128013423979,0.119751466235032,-0.0709607979485543,1.94869484885651,0.466052603017692,-6.49999998809898,1.29809139759385e-37
7.26,0.2992455,0.3314275,5.8382493138576,-1.00142287572596e-37,1.447672815691,0.163994627957316,0.134228194391942,-0.0693208516689812,2.02603863360534,0.47584855063238,-6.49999995142077,2.18405835347876e-37
7.27,0.3159598,0.3269441,5.57084173238129,-1.82115210674885e-38,1.37759929470555,0.158190529009107,0.148004187338998,-0.0677389463788901,2.11213875627561,0.474771391937729,-6.49999946028596,3.98018488344135e-38
7.28,0.3321803,0.3235366,5.24804993087264,-3.06307140026343e-38,1.29939079637659,0.160744896514031,0.160998095302764,-0.0661314974137498,2.20188362669227,0.484592669130766,-6.49999086919913,6.5691152991619e-38
7.29,0.3459763,0.3196068,4.82902237030278,-1.1503458882338e-38,1.19811147238243,0.157729275941057,0.172979210026588,-0.0645542046543392,2.30397790490043,0.48725865419581,-6.4995386501315,2.45462777254037e-38
7.3,0.35788,0.3155313,4.26029309614509,-2.45000744421852e-39,1.08083631294651,0.152745430023017,0.183787573156053,-0.063026750354109,2.41792343485643,0.487183284150916,-6.4352722282594,5.22861164550505e-39
7.31,0.3680428,0.311543,0.666838373704728,-5.23608804727385e-40,0.950978747408918,0.147923114805257,0.193297360630142,-0.0615475192060565,2.54394553090673,0.48711362129381,-1.18473462038426,1.1175913650825e-39
7.32,0.3765925,0.3078161,0.000376623228562205,-1.73753732073544e-40,0.811560937392546,0.144725860013188,0.201412970004068,-0.0601002606059246,2.68120283431245,0.489121064551372,-0.00084696696317309,3.69460835489972e-40
7.33,0.3836141,0.3043932,2.8675331919855e-08,-9.91323524484614e-41,0.665061998291566,0.143396462222586,0.208063589986983,-0.0586662959836987,2.82763405455012,0.493706567609448,-9.32897168126353e-08,2.08992308748031e-40
7.34,0.3891959,0.3013576,1.95694561650887e-13,-1.16999858929706e-40,0.513833866341852,0.14448255737823,0.213201928650402,-0.0572214704099164,2.97962186766422,0.501823790204108,-1.19877795189177e-12,2.43007494102646e-40
7.35,0.393564,0.2987223,6.54199407846947e-21,-2.7762227306433e-40,0.361219093765406,0.147887011436427,0.216814119588056,-0.0557426002955522,3.13133395918862,0.513526426982709,-1.10182733752344e-18,5.64638391656911e-40
7.36,0.3968929,0.2964824,7.933884175312e-29,-1.20039804410785e-39,0.209860368213004,0.153355693544548,0.218912723270186,-0.0542090433601067,-3.00580522781757,0.528613264917643,-8.00530573378748e-26,2.37826187703673e-39
7.37,0.3990429,0.2947076,-4.19643606775341e-34,-1.00838599731402e-38,0.0595419934326848,0.161258684641075,0.219508143204513,-0.0525964565136959,-2.86725254886994,0.547750089105487,-4.53190652556022e-32,1.93505435645643e-38
7.38,0.4001324,0.2932953,-2.62821257633068e-33,-1.14001497531318e-37,-0.0877788272295952,0.17049308212959,0.218630354932217,-0.0508915256924,-2.73894681373684,0.56948443249025,-2.63687647158507e-31,2.11322051263864e-37
7.39,0.4005046,0.2922153,-3.48870351077628e-27,-1.49376146590353e-36,-0.228448476118757,0.180636345858606,0.216345870171029,-0.049085162233814,-2.9171685656653,0.593295458842739,-5.04849229153136e-25,2.67089711812869e-36
7.4,0.3999257,0.2913558,-1.14053804553804e-20,-1.69640476049912e-35,-0.363990053084652,0.190617987056599,0.212705969640183,-0.047178982363248,-2.79145198742006,0.617742126953661,-1.14048608914957e-18,2.92847291462232e-35
7.41,0.3986403,0.2907062,-1.63864855330069e-15,-1.63218126851227e-34,-0.491834911718872,0.200294385284487,0.207787620522994,-0.0451760385104031,-2.67444577535168,0.642669270860947,-1.53807796621227e-13,2.72331290172278e-34
7.42,0.396663,0.2901946,-2.39135131605322e-11,-1.16573741641443e-33,-0.611602627385825,0.209029710906277,0.201671594249136,-0.0430857414013404,-2.56611818511302,0.667239540057398,-1.807294207428e-09,1.88397654643801e-33
7.43,0.3940155,0.2897143,-5.28951910522848e-08,-5.22763731286974e-33,-0.72294152950716,0.215957203303821,0.194442178954064,-0.0409261693683022,-2.46597387607193,0.690286243823531,-3.36029882443012e-06,8.21094743995336e-33
7.44,0.3907584,0.2892425,-2.66432850943627e-05,-1.49475632596505e-32,-0.825261301990967,0.220988805871155,0.186189565934155,-0.0387162813095906,-2.37342737786548,0.711667820480214,-0.00151856277679561,2.2891053237597e-32
7.45,0.3869587,0.2887275,-0.00411613628777308,-2.60991643095824e-32,-0.91803079173323,0.223817141029279,0.177009258016822,-0.0364781098992978,-2.28771055743767,0.730910856815065,-0.217432426917919,3.91040082227057e-32
7.46,0.3826213,0.2880212,-0.0887902802927607,-2.23364018549835e-32,-1.00134595275116,0.223378566040476,0.166995798489311,-0.034244324238893,-2.2076973208905,0.746443526005205,-4.41901521650633,3.29002794634298e-32
7.47,0.3778321,0.287134,-0.135023291248492,-1.00528227530015e-32,-1.07468526902241,0.22003008666677,0.156248945799087,-0.0320440233722253,-2.1326764400713,0.758481834010269,-6.39654166222579,1.4617993000897e-32
7.48,0.372686,0.2860888,-0.142760490386447,-2.5550115383253e-33,-1.13756316229724,0.214225538993585,0.144873314176114,-0.0299017679822895,-2.06195402743933,0.767324576323066,-6.49309772094952,3.68106157933484e-33
7.49,0.3672151,0.2848481,-0.147752076141281,-3.4331138737499e-34,-1.19013186207027,0.205894955287792,0.132971995555411,-0.0278428184294116,-1.99465722422002,0.772495847787455,-6.49920857566456,4.91983203786244e-34
7.5,0.3614286,0.2833935,-0.151845232112631,-2.31993834916695e-35,-1.23279605341821,0.195153832005402,0.120644035021229,-0.0258912801093576,-1.92996996787471,0.773676969683986,-6.49985383086394,3.32056796431997e-35
7.51,0.3554092,0.2817683,-0.155200348839069,-8.35341021058297e-37,-1.26538108418659,0.182632244152141,0.107990224179363,-0.0240649576678361,-1.8673702695396,0.771253606534089,-6.49995801896258,1.19861738444375e-36
7.52,0.3492022,0.2799847,-0.157881422142246,-1.56378220925169e-38,-1.28810925377017,0.168665628978149,0.0951091316416618,-0.0223783013780547,-1.80628708362987,0.765216017934581,-6.4999819596125,2.25791997904899e-38
7.53,0.3428837,0.2780859,-0.159929687697145,-1.57798167514424e-40,-1.3009962455939,0.153825859836846,0.0820991691857228,-0.0208400427796862,-1.74625667977827,0.755975628615903,-6.49998862477829,2.30066703555696e-40
7.54,0.3368076,0.2763348,-0.161367966809076,-1.69455624871792e-42,-1.30180502306366,0.140462740576142,0.0690811189550863,-0.0194354153739248,-1.68713996297097,0.747227649464245,-6.49998864768339,2.49387335590563e-42
7.55,0.3300706,0.2738726,-0.162230145629519,-1.24698739626712e-45,-1.29908143151567,0.121446172237301,0.0560903046399295,-0.0182209536515518,-1.62754802843821,0.726109218883189,-6.49998709161824,1.87842341692042e-45
7.56,0.3237938,0.2717634,-0.162498743958949,-1.60958049728422e-48,-1.28375601653081,0.106171881828933,0.0432527444746215,-0.0171592348332624,-1.56798585960312,0.70862249535168,-6.49997620590648,2.47368976174538e-48
7.57,0.3175366,0.2693375,-0.162165704491376,-2.60991149678586e-52,-1.26066243460762,0.0889009426366398,0.0306461201285452,-0.016270225406896,-1.50773228754828,0.684186357675983,-6.49994022019866,4.12987239055795e-52
7.58,0.3116471,0.266907,-0.161199550134769,-1.2688594400819e-56,-1.22769367066092,0.0724971253666737,0.018369183421936,-0.0155452541532293,-1.44634212519133,0.657994286415379,-6.49977303078163,2.07501304473223e-56
7.59,0.3060071,0.264194,-0.159539421560418,-1.85689412419494e-62,-1.18688523793406,0.0547058881167319,0.00650033104259546,-0.014998195272062,-1.38340461560429,0.625052058397984,-6.49876385710282,3.17310777409743e-62
7.6,0.3007868,0.2612989,-0.156949912257731,-2.17718274842087e-70,-1.13774968847091,0.0365948934638596,-0.00487716584211365,-0.0146322463374234,-1.31834298953451,0.587174176625388,-6.48977428180371,3.92843027158048e-70
7.61,0.2961103,0.2581983,-0.150842922540426,-6.0549449432202e-82,-1.08028227772932,0.0181229683198798,-0.0156799886194068,-0.0144510166542246,-1.2504802264388,0.544055673984178,-6.36671968764375,1.16897763450931e-81
7.62,0.2920289,0.2547607,-0.102378236822813,-4.42831175988104e-92,-1.0151488979739,-0.00163760659320977,-0.0258314775991458,-0.0144673927201567,-1.17916996207996,0.493085044898412,-4.4399983136206,9.34662253520796e-92
7.63,0.2885179,0.2509381,-0.00780131360833716,-1.35257862526054e-78,-0.94364790266729,-0.022838131277122,-0.0352679566258187,-0.0146957740329279,-1.10395509598144,0.433495830876053,-0.35035185602088,3.2184100262347e-78
7.64,0.285571,0.2467387,-0.000116531364515202,-1.79913164384083e-66,-0.86686149500408,-0.0451454894366132,-0.0439365715758595,-0.015147228927294,-1.02441795443387,0.366255198356914,-0.00546876818370222,5.03330405630039e-66
7.65,0.2831357,0.242154,-8.74479445009658e-07,-3.84245700215086e-58,-0.786205111569365,-0.0683826475063891,-0.0517986226915532,-0.0158310554023579,-0.940457719892282,0.292555377030356,-4.33242157402492e-05,1.33984962048408e-57
7.66,0.2811141,0.2371933,-3.34850559503915e-09,-5.45714420372295e-52,-0.703382160322237,-0.0922329859383497,-0.0588324442947756,-0.0167533852617414,-0.852476165047039,0.214676388031023,-1.77082100989665e-07,2.56844270891275e-51
7.67,0.2793905,0.2318846,-6.26065351377954e-12,-2.99855882579544e-47,-0.620118585270898,-0.116250030560563,-0.0650336301474845,-0.017915885567347,-0.76140657617968,0.135846640751742,-3.59262280974604e-10,2.17485622988368e-46
7.68,0.2778587,0.226366,-5.32009066088183e-15,-8.57600728481097e-44,-0.537918792860668,-0.139112604232239,-0.0704128180760912,-0.0193070116096694,-0.668592600391992,0.0621678854975595,-3.41356557864125e-13,1.54305438065715e-42
7.69,0.2763416,0.2206125,-1.99684318633257e-18,5.09347022717588e-42,-0.458747174578857,-0.160964080538371,-0.0750002898218798,-0.0209166524150531,-0.576329135096737,-0.0053101584835198,-1.50652671195751e-16,2.14372249357728e-39
7.7,0.2748384,0.2149733,-2.88507129347462e-22,2.7460349292475e-39,-0.382908252413899,-0.178856153351209,-0.0788293723460188,-0.0227052139485652,-0.485791801548009,-0.057187762882746,-2.6201585980081e-20,4.08963386099313e-37
7.71,0.2732022,0.2096091,-1.71858345944845e-26,1.54080423620261e-38,-0.311876558420119,-0.191669671412098,-0.08194813793022,-0.0246219106626862,-0.399373489948237,-0.0912062090543461,-1.72551269730689e-24,1.313074172987e-35
7.72,0.2713008,0.2044925,-4.29466455895618e-31,-9.67929842678913e-38,-0.24684892197787,-0.199959610972668,-0.0844166271499987,-0.0266215067724129,-0.319258470675125,-0.110551374645787,-4.31818124378971e-29,1.12405140515409e-34
7.73,0.2693748,0.2000776,-1.94406301980621e-36,-9.07821465661107e-38,-0.185764096658403,-0.200302759428037,-0.0862742681165827,-0.0286245343666933,-0.243711734616117,-0.107919890170418,-2.40776097762414e-34,1.30845161708292e-34
7.74,0.2668131,0.1959652,-2.74753857394259e-42,3.32627495089191e-38,-0.133817599095298,-0.196641635651993,-0.0876124441075357,-0.0305909507232132,-0.179203111605008,-0.0953820198531313,-1.02739726166458e-39,5.70582092779439e-35
7.75,0.2639288,0.1924538,5.14780256643783e-48,2.56713573239847e-38,-0.0879884402775151,-0.186872931269439,-0.0884923285103108,-0.0324596800359076,-0.122383409543881,-0.0686067135070098,-4.18910575922061e-45,5.16381440650882e-36
7.76,0.2598494,0.1891119,-1.85698874792782e-51,1.99313800672373e-39,-0.0553626864549344,-0.175122546499482,-0.0890459553748602,-0.0342109055009024,-0.0819324092279549,-0.0385000838028351,-6.95045587040542e-49,2.43588910191055e-37
7.77,0.2558087,0.1866924,-1.14994254157572e-53,-4.50922722827976e-42,-0.0247594880996456,-0.155434461695275,-0.0892935502558566,-0.0357652501178551,-0.0441384029112423,0.00890117207514917,-1.43930818964042e-51,8.92123354896219e-40
7.78,0.2512429,0.1847308,-1.24783292857429e-54,-2.98547142802645e-44,-0.00092123977638181,-0.132423574260124,-0.0893027626536205,-0.0370894858604564,-0.0147236034023307,0.0620535597173024,-2.27673997354759e-52,5.38442248882039e-43
7.79,0.2462482,0.1831711,2.29905487522705e-54,-4.56393427843539e-48,0.0173609897321647,-0.106982491304598,-0.0891291527562988,-0.0381593107735024,0.0078633084405899,0.118805080033848,-5.22660321633682e-52,3.79160389445465e-47
7.8,0.2407068,0.1818582,3.64492548347675e-53,-4.90861915959688e-53,0.0294504947667047,-0.0807620963834452,-0.0888346478086318,-0.0389669317373368,0.022859711509063,0.175490806597075,-2.36692856248208e-51,2.7898520231293e-52
7.81,0.2349225,0.1807965,2.63114679756954e-52,-2.74505996667851e-59,0.0383214179964515,-0.0539702981207273,-0.0884514336286673,-0.0395066347185441,0.0339426377677069,0.231879743506757,-1.03719903787428e-50,1.20022496153074e-58
7.82,0.2287937,0.1798024,7.9300679250581e-52,-5.06133981985961e-66,0.0433419161388873,-0.0283477412280386,-0.0880180144672784,-0.0397901121308245,0.040305978584672,0.284552869607223,-2.50445378967285e-50,1.81355177133195e-65
7.83,0.2225346,0.1788134,1.54990918153928e-51,-2.98927161675616e-70,0.0465940414015318,-0.00448779951038336,-0.0875520740532631,-0.0398349901259283,0.0445111625888138,0.332761333317878,-4.30313701127914e-50,9.18514143662988e-70
7.84,0.2163201,0.1778855,2.93612654433178e-51,-2.1823526828143e-68,0.0496689921329398,0.0180530466722888,-0.0870553841319337,-0.0396544596592054,0.0485340806332442,0.377867654857225,-7.2838837800376e-50,5.9229990016938e-68
7.85,0.2103134,0.1770204,7.91687287217608e-51,-4.39317915864258e-63,0.0539294099806806,0.0392432193476804,-0.0865160900321269,-0.0392620274657286,0.0540942569319029,0.420178316325341,-1.70557244901429e-49,1.07670877905313e-62
7.86,0.2045287,0.1761309,3.10801643037687e-50,-5.1447799626256e-58,0.0593720032733884,0.0583321668328742,-0.085922369999393,-0.0386787057973999,0.061214716412663,0.458604513796858,-5.70468238171754e-49,1.16117832640568e-57
7.87,0.1993079,0.175508,4.14682619156626e-49,-2.20336681530149e-53,0.0687178642154986,0.077753925879076,-0.085235191357238,-0.0379011665386091,0.0733910041941114,0.497941075683659,-6.03728222751463e-48,4.60897863957198e-53
7.88,0.1945472,0.174931,1.33884953601117e-47,-1.1009144373172e-49,0.0807170445303473,0.0955343344874127,-0.0844280209119345,-0.036945823193735,0.0891305764178268,0.53475952379028,-1.53435035449339e-46,2.15857159152523e-49
7.89,0.1904207,0.1746014,1.41557511945686e-45,-1.99296026097125e-46,0.0965211125987011,0.113342332585099,-0.0834628097859475,-0.035812399867884,0.110011634173212,0.57219569311052,-1.27600106754129e-44,3.67881939601638e-46
7.9,0.1869293,0.1745446,3.68397681800885e-43,-1.597510380274e-43,0.11571518358369,0.131261267447116,-0.0823056579501106,-0.0344997871934128,0.135651216636373,0.610476449975733,-2.67578829628862e-42,2.78618514973252e-43
7.91,0.1841412,0.1747335,1.96286119676169e-40,-5.82125541481117e-41,0.138456392319604,0.148936564797014,-0.0809210940269146,-0.0330104215454427,0.166421562509833,0.649092387066153,-1.17222329589595e-39,9.63068722465116e-41
7.92,0.1818058,0.175375,8.70034646863621e-38,-1.77547541952463e-38,0.16220407874136,0.167965061990406,-0.079299053239501,-0.0313307709255386,0.199219394348208,0.690655685078205,-4.39394661249295e-37,2.78745935595256e-38
7.93,0.1798549,0.1758995,2.51046187711878e-35,-1.21878522166752e-36,0.186142067655496,0.183425766008544,-0.077437632562946,-0.0294965132654532,0.233132959726752,0.727605799775634,-1.09197687132299e-34,1.83285409344431e-36
7.94,0.178472,0.1769386,6.44829843051643e-33,-9.61586429120958e-35,0.21162139220567,0.200691449091191,-0.0753214186408893,-0.0274895987745413,0.270061823209445,0.768198307908217,-2.43183369359112e-32,1.38412463621336e-34
7.95,0.1775648,0.1784271,1.15061029817714e-30,-6.84503145896843e-33,0.23756582995603,0.218958881976224,-0.072945760341329,-0.025300009954779,0.308780065164106,0.811159795331802,-3.80496563862167e-30,9.44147871208241e-33
7.96,0.1765755,0.179607,6.09235557191597e-29,-1.12012719364345e-31,0.25910765533154,0.231795405891073,-0.0703546837880136,-0.0229820558958683,0.343107528547724,0.84774021239757,-1.81664754310067e-28,1.49404895289159e-31
7.97,0.1763143,0.1814705,3.89231061902372e-27,-2.97710766430498e-30,0.283216397365986,0.247702151957863,-0.0675225198143537,-0.0205050343762897,0.382158162994324,0.889424681801667,-1.04489525832453e-26,3.83310544114957e-30
7.98,0.1761342,0.1836522,1.12596045232589e-25,-6.18278197158459e-29,0.304116624302092,0.263315558698874,-0.0644813535713328,-0.0178718787893009,0.418625610467409,0.931772753822619,-2.76931171997997e-25,7.70266279592616e-29
7.99,0.1757617,0.1855372,1.19401123883799e-24,-4.07844466697294e-28,0.319647964912209,0.273505783979329,-0.0612848739222107,-0.0151368209495077,0.44974806585529,0.96881444093231,-2.74444813706614e-24,4.94815807313432e-28
8,0.1754426,0.1876433,7.44561968712571e-24,-2.19485252318093e-27,0.332196469841373,0.282894356593792,-0.057962909223797,-0.0123078773835697,0.478544606606113,1.00610416093491,-1.61540059162543e-23,2.59812209494987e-27
8.01,0.1753028,0.1900281,3.41299649275292e-23,-1.06303699997325e-26,0.342970712375346,0.291952711818898,-0.0545332021000436,-0.00938835026538076,0.506562813276257,1.04417211538238,-7.02823537289174e-23,1.22959078535535e-26
8.02,0.1751195,0.1926153,9.14099435549981e-23,-4.17919808009948e-26,0.350183426676161,0.300016410582019,-0.0510313678332819,-0.00638818615956057,0.531425213024759,1.08233715508331,-1.80239980926044e-22,4.73244226183296e-26
8.03,0.1746837,0.1952177,1.19010541226133e-22,-1.05716203765217e-25,0.352336327200253,0.305573683787151,-0.0475080045612794,-0.00333244932168907,0.550924963993723,1.11919420292331,-2.27200689690347e-22,1.17490309037027e-25
8.04,0.1741252,0.1980045,9.38709756209926e-23,-2.26432453023338e-25,0.350916796640552,0.310176433452701,-0.0439988365948739,-0.000230684987162061,0.566657466830149,1.15624935654834,-1.74775116118861e-22,2.47376966708186e-25
8.05,0.1733794,0.2009975,4.29784270276755e-23,-4.28439304617169e-25,0.345691599423226,0.314046088981377,-0.0405419206006416,0.00290977590265171,0.577881073471691,1.19369767612134,-7.86447693095201e-23,4.60802540980573e-25
8.06,0.1724471,0.2042777,1.17181635796556e-23,-8.02370743279015e-25,0.337018774861893,0.317875813064579,-0.0371717328520227,0.0060885340332975,0.584534343390271,1.2320637977953,-2.12276841899698e-23,8.50687502026059e-25
8.07,0.171306,0.2078566,1.86949513408344e-24,-1.50338448220073e-24,0.325060157535953,0.321733892635067,-0.0339211312766632,0.00930587295964817,0.586181098641095,1.27132180993305,-3.37826707641877e-24,1.57337976528462e-24
8.08,0.1699416,0.2117791,1.70580840241923e-25,-2.9657161749739e-24,0.310051885316581,0.325954400366031,-0.0308206124234974,0.0125654169633085,0.582369396440613,1.31158739869169,-3.10020466824012e-25,3.06816442125785e-24
8.09,0.1683414,0.2160654,8.57099236493881e-27,-6.24042876683659e-24,0.292248225956472,0.330639103541398,-0.0278981301639326,0.0158718079987225,0.572556178383589,1.35277030293016,-1.58124507357114e-26,6.39166848596777e-24
8.1,0.1664714,0.2207011,2.16122018346381e-28,-1.35666642359851e-23,0.271723760067401,0.335594626105101,-0.0251808925632586,0.0192277542597735,0.555762327066912,1.39460283793185,-4.0939071313158e-28,1.37798980889454e-23
8.11,0.1643733,0.2257665,2.7244066816861e-30,-3.31841699881058e-23,0.249196943691594,0.341417044828525,-0.0226889231263427,0.0226419247080587,0.532032498529187,1.43714574633148,-5.36639861777228e-30,3.3482617473241e-23
8.12,0.1619585,0.2311174,1.31986577975178e-32,-7.53401511924744e-23,0.224255651867333,0.346809487593357,-0.0204463666076694,0.0261100195839923,0.499300266801813,1.47975266634221,-2.75400580217647e-32,7.5653321413539e-23
8.13,0.1592742,0.2367949,2.23741043367321e-35,-1.66849643056754e-22,0.197668001217898,0.352099957131649,-0.0184696865954904,0.0296310191553088,0.457660692310606,1.52240411488397,-5.05955430476077e-35,1.6704510080696e-22
8.14,0.1562909,0.2427092,9.45557306548073e-39,-3.24251523394266e-22,0.169515442702578,0.356520924538265,-0.0167745321684646,0.0331962284006914,0.406055748977913,1.56486539683054,-2.39429439397856e-38,3.24257223552755e-22
8.15,0.1530141,0.2487979,6.34824561634392e-43,-5.20452048285592e-22,0.140170722271498,0.359595027395402,-0.0153728249457496,0.0367921786746454,0.344358043835347,1.60707975163878,-1.88621816876521e-42,5.20794649084252e-22
8.16,0.1494484,0.2550064,3.07658140295564e-48,-6.60110899221087e-22,0.10997988915153,0.360958400592339,-0.0142730260542343,0.0404017626805688,0.273027743007031,1.64908437667886,-1.14793968253182e-47,6.62137977988229e-22
8.17,0.1455866,0.2612631,2.16018722330495e-55,-6.23499947243406e-22,0.0791671194146797,0.360150240720931,-0.0134813548600875,0.0440032650877781,0.193074967373742,1.69099966915548,-1.12337655662314e-54,6.28029374575635e-22
8.18,0.1415152,0.2675138,9.63057306788536e-66,-4.22621127958679e-22,0.0487198268152778,0.356903955115606,-0.0129941565919347,0.0475723046389342,0.108679228699019,1.7330018082013,-8.79645544216471e-65,4.28239614675376e-22
8.19,0.1374126,0.2737139,1.26987909779004e-82,-1.9991686789775e-22,0.0203100995471859,0.351068619898538,-0.0127910555964629,0.0510829908379196,0.0270163728379288,1.77529478989698,-6.69225063580289e-81,2.0416904429027e-22
8.2,0.1325706,0.2797324,-6.15589536951354e-90,-5.777742179897e-23,-0.0119290573090785,0.3418174563581,-0.0129103461695537,0.0545011654015006,-0.0663344666098369,1.81837055040999,-1.15120622152868e-87,5.95935595054427e-23
8.21,0.1277673,0.2856475,9.16309852333244e-72,-1.13796978306293e-23,-0.0409735293930091,0.330126987395221,-0.0133200814634838,0.0578024352754528,-0.148396763940889,1.86213246836037,-3.3794996310556e-68,1.18800738549082e-23
8.22,0.1227245,0.2913871,-1.23658247762921e-59,-1.4051086098881e-24,-0.0691989632268093,0.315679296456804,-0.0140120710957519,0.0609592282400208,-0.224093126223465,1.90698943683308,-1.79548705891335e-57,1.48839446049853e-24
8.23,0.1176327,0.2968855,-8.3552972879787e-53,-9.94376632912616e-26,-0.0948914880000873,0.298254173862283,-0.0149609859757527,0.0639417699786436,-0.287857255341344,1.95342258379698,-8.72706938291029e-51,1.07185143800027e-25
8.24,0.1123147,0.302101,-7.72433504870529e-48,-3.72911986604052e-27,-0.119554403486285,0.27786546626306,-0.0161565300106156,0.0667204246412743,-0.343576597680569,2.00188362772921,-7.72125874955304e-46,4.10448261872671e-27
8.25,0.1069571,0.3070636,-3.32797664306784e-44,-7.43266307978177e-29,-0.141549152040146,0.255133733768684,-0.017572021531017,0.0692717619789611,-0.387731097760866,2.05240478761407,-3.3444355346409e-42,8.38627029796806e-29
8.26,0.1014367,0.3116484,-2.74762779278535e-41,-6.07337822315101e-31,-0.161965752292292,0.229376022808987,-0.01919167905394,0.071565522207051,-0.423824030728313,2.10622870826599,-2.72555191680567e-39,7.0613797124345e-31
8.27,0.0958792,0.3158385,-5.12560140879253e-39,-1.75524148878702e-33,-0.179748680863761,0.200871678557581,-0.0209891658625776,0.0735742389926268,-0.450570476373835,2.16396935634633,-4.93446616274674e-37,2.11680378399274e-33
8.28,0.09021989,0.3195978,-3.56340033812347e-37,-1.41200244122816e-36,-0.195529401557925,0.169735363823986,-0.0229444598781568,0.0752715926308666,-0.470382762891208,2.22659119336807,-3.32661064922602e-35,1.78158143030127e-36
8.29,0.08443891,0.3229893,-1.17448522592123e-35,-2.94052977124034e-40,-0.209528485550614,0.136904262865074,-0.025039744733663,0.0766406352595174,-0.484542818606127,2.29405095859856,-1.06912774084406e-33,3.92282803182414e-40
8.3,0.07900387,0.3260832,-8.66646998126626e-35,-1.69698187977336e-44,-0.21791096903811,0.103307974401185,-0.0272188544240441,0.0776737150035292,-0.487088193432707,2.36599149561853,-7.85158097040227e-33,2.42414520889153e-44
8.31,0.07328559,0.3279384,-5.96302348555462e-34,-3.32122561803955e-50,-0.22631181137525,0.0615375718498541,-0.0294819725377966,0.0782890907220278,-0.489032475612845,2.45886524969299,-5.38251114729636e-32,5.26484943487665e-50
8.32,0.0679096,0.3295819,-1.24305603584891e-33,-1.10509558868577e-54,-0.229474760338612,0.0209350207211383,-0.0317767201411827,0.0784984409292391,-0.481780949626873,2.55786918397092,-1.13732537897005e-31,2.00434685370696e-54
8.33,0.06283971,0.3308271,-9.71817546468723e-34,-6.87374915240357e-55,-0.228114246824657,-0.0198498472417503,-0.0340578626094293,0.0782999424568216,-0.467396865392042,2.66741738358419,-9.11795632384988e-32,1.50402679420902e-54
8.34,0.05828831,0.3317832,-2.08824142468225e-34,-8.02400354549245e-51,-0.220853101184778,-0.0596371645888629,-0.036266393621277,0.077703570810933,-0.444165668299588,2.78575326857779,-2.02759112587084e-32,2.30887260564977e-50
8.35,0.05407986,0.3321695,-1.77926138043399e-35,-2.16074375928715e-45,-0.209689860327868,-0.100536648025288,-0.0383632922245557,0.0766982043306801,-0.415690937665626,2.87037732608115,-1.77520647042855e-33,8.11488887410638e-45
8.36,0.05023317,0.3318113,-5.66421342537913e-37,-4.07798656436149e-40,-0.194870374363952,-0.143611710455494,-0.0403119959681952,0.0752620872261252,-0.382434945333628,2.93910967302249,-5.69064313187908e-35,2.02835162652328e-39
8.37,0.04755029,0.3323135,-9.92559078379447e-40,-8.71376001957253e-37,-0.170148373252142,-0.175279217325126,-0.0420134797007167,0.0735092950528739,-0.333930802442085,2.99144149839382,-9.92862098162998e-38,5.73504287407951e-36
8.38,0.04535336,0.3320874,-2.46998608007862e-43,-9.65310098315928e-34,-0.142142804030168,-0.209243356340756,-0.0434349077410183,0.0714168614894664,-0.280885146780447,3.05212385769653,-2.62047663306143e-41,1.10126798354909e-32
8.39,0.04440326,0.3326139,-2.79384603329438e-49,-4.45882723753775e-32,-0.105012402035707,-0.232987619948865,-0.0444850317613754,0.0690869852899777,-0.212697245517423,3.09722780065225,-4.6445472037836e-47,1.24325052676357e-30
8.4,0.04435788,0.3334273,1.55167833499042e-58,-1.36721205295238e-31,-0.0626117257369492,-0.250991927787208,-0.0451111490187449,0.0665770660121057,-0.13523882097898,3.13437966284271,-1.53250640901442e-55,3.42101011170804e-29
8.41,0.04537701,0.3346613,-3.38402375938662e-68,1.61907505833518e-30,-0.0143501068767771,-0.262514734378548,-0.0452546500875127,0.0639519186683202,-0.0467517883241353,-3.12243894621251,-4.32835052001663e-66,2.49204011957608e-28
8.42,0.04727506,0.336092,5.66957839084821e-63,6.70474951368729e-30,0.0374104037802923,-0.269836579429916,-0.0448805460497098,0.061253552874021,0.0489019718668917,-3.1031021123419,-1.39274206733496e-61,8.19402238648631e-28
8.43,0.0499619,0.3375853,1.88097936124761e-50,1.17302251532242e-29,0.091271115434572,-0.274347478935193,-0.043967834895364,0.0585100780846691,0.149186581137017,-3.08849147131123,-1.24564008529127e-49,1.62516564953746e-27
8.44,0.0533455,0.3389719,1.97821193142674e-41,1.38576813147976e-29,0.145919405542941,-0.277631063896954,-0.0425086408399346,0.0557337674456996,0.251462516843803,-3.07512835076248,-7.99756629257332e-41,2.60181830188593e-27
8.45,0.05697488,0.3392909,3.43771729035098e-35,-3.52944920917193e-30,0.197172600103962,-0.287616966325508,-0.040536914838895,0.0528575977824445,0.348010760773871,-3.03878370155424,-1.0109347996918e-34,1.30101192358369e-26
8.46,0.06145252,0.3400045,3.89139705008801e-30,-2.91274358067811e-29,0.249944809429488,-0.291739682907067,-0.0380374667446001,0.0499402009533738,0.447373960057768,-3.01529154043288,-8.9888937486412e-30,2.37830665670888e-26
8.47,0.06681201,0.3410379,6.58189885422645e-26,-1.8495430247829e-29,0.304018701767281,-0.291059827658293,-0.0349972797269273,0.0470296026767909,0.548536455978969,-3.00468494350962,-1.26142288835116e-25,1.95819725931864e-26
8.48,0.07211182,0.340276,8.85940018287211e-23,6.97275236515335e-28,0.351110997864349,-0.303258623856401,-0.0314861697482838,0.0439970164382269,0.638595314662733,-2.9384275261562,-1.48627115263689e-22,1.34812485909085e-25
8.49,0.07780674,0.3385413,3.38535015170837e-20,1.87070599478958e-26,0.395236128657634,-0.320479333261088,-0.0275338084617075,0.040792223105616,0.724527618733392,-2.83189340038874,-5.10869078232339e-20,1.89413250079493e-24
8.5,0.08391594,0.3352088,5.01968970024876e-18,1.04740880812835e-24,0.436488565761701,-0.347301214482597,-0.0231689228040905,0.03731921096079,0.806908219429115,-2.64923965247552,-6.95191852427472e-18,9.39453534198403e-23
8.51,0.09088808,0.3320918,5.18675116911618e-16,2.49328116085481e-23,0.478529194229983,-0.367933931445404,-0.0183836308617907,0.033639871646336,0.89028810928467,-2.4524963841302,-6.67340424837643e-16,1.55520597352974e-21
8.52,0.09860798,0.3274882,3.45949991909625e-14,1.27274075568847e-21,0.520042009698559,-0.396652777694494,-0.0131832107648051,0.029673343869391,0.972690489986256,-2.1818907968914,-4.18610244622909e-14,6.22345495549106e-20
8.53,0.1074171,0.3221503,2.01028220420958e-12,5.22644192637446e-20,0.563602721730926,-0.426449959353395,-0.00754718354749581,0.0254088442758571,1.05603540523173,-1.89910004785905,-2.30947990446303e-12,2.21204050996005e-18
8.54,0.1172913,0.3161426,9.66653988459283e-11,1.60157415582101e-18,0.608531394622596,-0.456504519594931,-0.00146186960126985,0.0208437990799078,1.13869723961017,-1.64314928158685,-1.06445045404065e-10,6.42361140637665e-17
8.55,0.1285689,0.3097132,4.6906011254321e-09,3.06015319836478e-17,0.657196020710644,-0.484559370680431,0.00511009060583659,0.0159982053731035,1.22118665293387,-1.43256654962721,-4.99247648920892e-09,1.23620890322566e-15
8.56,0.1411675,0.3029508,2.04075558058985e-07,3.68731299936146e-16,0.708259061738997,-0.509855918220301,0.0121926812232266,0.0108996461909005,1.30139462271073,-1.2632878863976,-2.11708113069345e-07,1.54969928885774e-14
8.57,0.1551385,0.2962694,7.90739169782325e-06,2.19270763470072e-15,0.76158296185273,-0.529058320067379,0.0198085108417539,0.00560906299022667,1.37841127843613,-1.12252545761642,-8.05594210549385e-06,9.75688316268671e-14
8.58,0.1700639,0.2893032,0.000214270272431828,9.48130339071911e-15,0.813144531034402,-0.545516298667958,0.0279399561520979,0.000153900003547094,1.45074990265364,-1.00557778904979,-0.000215822757054842,4.50091445291513e-13
8.59,0.1859179,0.2823473,0.00416570561444513,2.4961414981577e-14,0.862507544102153,-0.556920879254462,0.0365650315931194,-0.00541530878899753,1.51880778444993,-0.903619866823657,-0.0041713386939205,1.26944787477895e-12
8.6,0.2023203,0.2752947,0.0503425184035389,4.59276697961539e-14,0.906356304756358,-0.564474017987893,0.045628594640683,-0.0110600489688765,1.58286830936684,-0.814279486551491,-0.0503461850703398,2.5077175007183e-12
8.61,0.21909,0.2683064,0.360628436797621,5.41974495648575e-14,0.943332215380022,-0.56711352923047,0.0550619167944832,-0.0167311842611812,1.643790185674,-0.733058272308162,-0.36159082480301,3.20523426864863e-12
8.62,0.2359845,0.2613246,1.35517085849436,4.41927525595057e-14,0.971728848849328,-0.565685582292349,0.0647792052829765,-0.0223880400841046,1.70250070215739,-0.659165745993742,-1.36700387984804,2.8751579587254e-12
8.63,0.2528154,0.2544155,2.6603913577335,2.41790711928813e-14,0.990485777619734,-0.559980172345003,0.0746840630591738,-0.0279878418075547,1.75993795911825,-0.590686767037752,-2.70867394843615,1.77269406151072e-12
8.64,0.2694921,0.2476358,3.3944235842308,8.80805417879849e-15,0.999504723912806,-0.549912377995158,0.0846791102983019,-0.0334869655875062,1.8168782269349,-0.52628828983618,-3.49980608273965,7.37522141937712e-13
8.65,0.2859519,0.241007,3.36964514904155,2.202942120584e-15,0.998992061567916,-0.535721092091582,0.094669030913981,-0.0388441765084221,1.87394757495078,-0.4653409130514,-3.53056073055496,2.07387719081177e-13
8.66,0.3022057,0.2345401,2.6859157707989,3.94350516420323e-16,0.989811617759724,-0.517738432446607,0.104567147091578,-0.0440215608328881,1.93151369906356,-0.407462834228547,-2.87057191921706,3.95043416660304e-14
8.67,0.3183802,0.2284069,1.61274618450569,4.44804782736381e-17,0.973773534211928,-0.494982662403605,0.114304882433698,-0.0489713874569242,1.98949553777266,-0.350643070742522,-1.76516135892337,4.44805853126522e-15
8.68,0.3345791,0.2226815,0.676474183986781,2.65990720891478e-18,0.952392237643435,-0.467383635403055,0.123828804810132,-0.0536452238109547,2.04767006076956,-0.294278671298838,-0.761390010449203,2.74592426968344e-16
8.69,0.350724,0.2171908,0.188659513534291,8.33169070971378e-20,0.925591944594718,-0.436930209166632,0.133084724256079,-0.0580145259026211,2.10629465606327,-0.240353988583296,-0.219358740164697,1.05502620715953e-17
8.7,0.3668879,0.2117715,0.0379850282414314,1.1134630910096e-21,0.89458755991641,-0.405391361865951,0.142030599855243,-0.0620684395212806,2.16503761837689,-0.19033981992633,-0.0458426263427379,2.87221952123929e-19
8.71,0.3829951,0.206579,0.00559846232460175,-3.0785136995336e-24,0.859297998804719,-0.37179101049745,0.15062357984329,-0.0657863496262551,2.22409787944683,-0.142317679874549,-0.00705029197547344,4.59813047126736e-21
8.72,0.3990171,0.2014181,0.000608052916684888,1.2841606592394e-26,0.820065891550799,-0.338115272578333,0.158824238758798,-0.0691675023520384,2.2834666785576,-0.0980043499998605,-0.000803700883682013,5.14353533714636e-23
8.73,0.4148701,0.1961501,4.68681551442451e-05,3.06716344151634e-27,0.776776702945373,-0.305725366351473,0.166592005788252,-0.0722247560155531,2.34339377965147,-0.0582541899828342,-6.54582844874573e-05,4.66796544187821e-25
8.74,0.4304577,0.1907646,2.42466168076248e-06,2.48979118577766e-29,0.729250426668166,-0.274815433990803,0.173884510054934,-0.0749729103554612,2.40421252063731,-0.0225996713382284,-3.60688691485541e-06,3.50255710224658e-27
8.75,0.4455306,0.1851289,7.19849192009955e-08,-1.2544370340874e-31,0.676088199469252,-0.246551936687033,0.180645392049626,-0.0774384297223315,2.46715714724478,0.00828420071081725,-1.15288762938564e-07,2.69039696199961e-29
8.76,0.4599246,0.1786795,1.06822183870953e-09,-1.22312310426836e-32,0.616749839059199,-0.225513225221179,0.186812890440218,-0.0796935619745433,2.53304799257442,0.03013623321044,-1.86820095493605e-09,5.61300673324834e-31
8.77,0.4734532,0.1718596,6.53129347909576e-12,-6.9078667439288e-34,0.550599397657255,-0.207618547818154,0.192318884416791,-0.0817697474527248,2.60290412441672,0.0478590454163121,-1.27220043872944e-11,1.74521433141132e-32
8.78,0.4859356,0.1644521,1.27973298766462e-14,-6.76817283271322e-35,0.477151216081182,-0.194500759970939,0.197090396577603,-0.0837147550524342,2.67776735738139,0.0601305063354957,-2.8580723941465e-14,1.27127670381768e-33
8.79,0.4971842,0.1561834,5.72024242383646e-18,-2.22689632018282e-35,0.395952476434225,-0.188090022422884,0.201049921341945,-0.085595655276663,2.7587751793739,0.0653713490507958,-1.53304528852538e-17,3.75618919510506e-34
8.8,0.5071723,0.1473876,4.51730545469895e-22,-1.45177779677217e-35,0.307976472825615,-0.185140475656585,0.204129686070201,-0.0874470600332289,2.84584282253036,0.0670953881450348,-1.5584612405477e-21,2.36851985554793e-34
8.81,0.5158135,0.1379885,5.65933381800838e-27,-2.05228926234941e-35,0.213669020091285,-0.186004299533041,0.206266376271114,-0.0893071030285593,2.93920800887826,0.0651282149408432,-2.81618376902293e-26,3.47825205607796e-34
8.82,0.5230032,0.1277058,3.17503958785869e-32,-8.95330133245001e-35,0.113334904094927,-0.192648145228993,0.207399725312063,-0.0912335844808492,3.03906260107923,0.0577832960938954,-3.09263784981884e-31,1.77061715454982e-33
8.83,0.5290288,0.1170876,-1.12612761349082e-37,-4.23388666011071e-34,0.0105362265352973,-0.200063739638926,0.207505087577416,-0.0932342218772385,-3.14112472221125,0.0499409646837125,-4.92387467532249e-34,1.01199038787035e-32
8.84,0.533858,0.1060418,2.19137192192914e-35,-2.36074225159174e-33,-0.0940839564940568,-0.208882465878252,0.206564248012476,-0.095323046536021,-3.03578797191682,0.0410662874329603,-4.09667794232947e-32,7.27716529421985e-32
8.85,0.5378478,0.09505881,1.19928461347566e-28,-7.5457522608123e-33,-0.196703403470252,-0.214911457791512,0.204597213977773,-0.0974721611139361,3.09230964092092,0.0349622028238307,-2.91645380517788e-27,2.86356123935521e-31
8.86,0.5411119,0.08413184,-1.82692902847917e-24,-1.53837379732464e-32,-0.295840158956793,-0.218385735962098,0.201638812388205,-0.0996560184735571,-3.07724635383206,0.0312939506901013,-3.22394058699645e-22,6.72872490256812e-31
8.87,0.5438046,0.07337903,-1.71918038882248e-20,-1.85498021815442e-32,-0.389824174999095,-0.218517117681207,0.197740570638214,-0.101841189650369,-2.96426581445828,0.0306175084036528,-6.95660810304633e-18,8.34271291264056e-31
8.88,0.5462933,0.06330513,-2.00007426349751e-16,-7.26248198803058e-33,-0.475396277489569,-0.211445052762649,0.192986607863318,-0.103955640177996,-2.85592754518465,0.0360393314831625,-2.09862698933342e-14,2.65048637715832e-31
8.89,0.5483042,0.05311407,-1.56842457746452e-13,-2.69242450931972e-33,-0.554923670671798,-0.204307089394915,0.187437371156601,-0.105998711071945,-2.74950259877335,0.0413542509441358,-1.57608049140872e-11,8.22471116070971e-32
8.9,0.5502586,0.04364094,-3.36231806335994e-11,-2.87980547739392e-34,-0.624875297767961,-0.190325215693122,0.181188618178921,-0.107901963228876,-2.64886062156095,0.0521162847797692,-3.01356380976947e-09,6.51193467905462e-33
8.91,0.5521631,0.03486877,-2.67100741586165e-09,-8.43813044647423e-36,-0.685505632489935,-0.170288083459051,0.174333561854022,-0.109604844063467,-2.55327891546827,0.0674997836763602,-1.96741721411441e-07,1.36612163778831e-34
8.92,0.5538809,0.02626492,-9.24840275631072e-08,-1.56488275416583e-37,-0.738294172102254,-0.149174239820322,0.166950620132999,-0.11109658646167,-2.46066738027725,0.0834353001208859,-5.83238399574839e-06,1.94255777814526e-36
8.93,0.5554247,0.01781334,-1.57402019074896e-06,-2.04823781206257e-39,-0.783420387354436,-0.127339825557264,0.159116416259455,-0.112369984717242,-2.37037041741171,0.0996947584209582,-8.94421710426273e-05,2.05927832828363e-38
8.94,0.5568165,0.009723687,-1.48092722076953e-05,-1.50305690720404e-41,-0.821021148768455,-0.103273095441708,0.15090620477177,-0.113402715671659,-2.28177586846537,0.117521099516145,-0.000778608530289608,1.26295735553505e-40
8.95,0.5581336,0.002013961,-8.15479866571049e-05,-8.29607007285892e-44,-0.850819117924898,-0.0771670415280425,0.142398013592521,-0.11417438608694,-2.19463592091735,0.1368161378893,-0.00402210892491664,5.97513573396704e-43
8.96,0.5589471,-0.006120102,-0.000344830121154914,-1.99432196760354e-45,-0.876793084009654,-0.0559277804939775,0.133630082752425,-0.11473366389188,-2.10532742617815,0.152353519435486,-0.0160696305012184,1.29447488939189e-44
8.97,0.5597131,-0.01402402,-0.00093234579394333,-9.92567214892503e-47,-0.895310759589904,-0.0339506242101724,0.124676975156526,-0.115073170133981,-2.0164559496604,0.168511840243585,-0.0414340994232905,5.85885023093123e-46
8.98,0.5599099,-0.02241655,-0.0021342236604391,-2.47571885840234e-47,-0.911163953351714,-0.0173074469568384,0.115565335623008,-0.11524624460355,-1.92471248299389,0.180746588164153,-0.0911742549044063,1.36899746389767e-46
8.99,0.5600767,-0.03083558,-0.00330971801478959,-1.5236360416106e-47,-0.920007020182133,-0.00189620779172373,0.106365265421187,-0.115265206681467,-1.83268692967266,0.192196020991557,-0.137204545073515,7.9572490389844e-47
9,0.5600023,-0.03949663,-0.00396982871593015,-1.86104205078408e-47,-0.924098629530057,0.0105258078424004,0.0971242791258865,-0.115159948603043,-1.73916212906933,0.20156116040101,-0.161140288039007,9.29640215672965e-47
9.01,0.5598695,-0.04825984,-0.00348096496422628,-3.32000782960532e-47,-0.922287517585602,0.0212659962703849,0.0879014039500305,-0.114947288640339,-1.64455381965202,0.209825797242406,-0.139629716563452,1.59680175906865e-46
9.02,0.5597652,-0.05712275,-0.00219176682896062,-7.08980045364913e-47,-0.914352918518621,0.0304143588548076,0.0787578747648442,-0.114643145051791,-1.54873040812079,0.217056188665423,-0.0876926672772576,3.30207645335378e-46
9.03,0.560197,-0.06544913,-0.000798841146968084,-3.18503705771352e-46,-0.896660153145522,0.0432347975183447,0.069791273233389,-0.114210797076608,-1.4511888910169,0.227215123600369,-0.0321905802008958,1.42002648703842e-45
9.04,0.5609449,-0.07361226,-0.000189282283109193,-2.20572394521061e-45,-0.871948431004229,0.0562991891602316,0.0610717889233467,-0.113647805185005,-1.35098463993568,0.237796483476222,-0.00776366753331272,9.41293482934739e-45
9.05,0.5622686,-0.08119375,-2.58865215052209e-05,-4.24964295253505e-44,-0.838819529161698,0.0729157431592675,0.0526835936317298,-0.112918647753413,-1.24680058422354,0.251329414606559,-0.00109398575205702,1.71894011014342e-43
9.06,0.5643305,-0.0880767,-1.86461404591612e-06,-2.80123553422402e-42,-0.796852466339768,0.0936382785815972,0.0447150689683321,-0.111982264967597,-1.13689213340107,0.268335673859654,-8.24021226548566e-05,1.06306416542162e-41
9.07,0.5671745,-0.09408193,-6.67713515983372e-08,-7.33121158756395e-40,-0.746701451386209,0.119454742434138,0.03724805445447,-0.110787717543255,-1.01978665318791,0.289696658293836,-3.14229089339859e-06,2.58112045986436e-39
9.08,0.5707624,-0.09921443,-1.14216022713832e-09,-5.07134271494878e-37,-0.689698312671384,0.149735647410624,0.0303510713277562,-0.109290361069149,-0.894845430631067,0.315123098288197,-5.84624576684966e-08,1.64387407607381e-36
9.09,0.5753882,-0.1024751,-6.94093659587213e-12,-2.96357674808457e-33,-0.624373582681689,0.192057230025853,0.0241073355009393,-0.107369788768891,-0.758913112798496,0.350498086061227,-3.99312654142796e-10,8.65453671838393e-33
9.1,0.5806012,-0.1044953,-1.65382106751015e-14,-2.0203626341714e-29,-0.555578337855413,0.240004027531695,0.0185515521223851,-0.104969748493574,-0.616795836457998,0.39139299043961,-1.15419088383497e-12,5.29996717600297e-29
9.11,0.5862642,-0.104805,-1.40917578395488e-17,-1.84746656404384e-25,-0.485199774292742,0.296622382847263,0.0136995543794577,-0.102003524665101,-0.472412289813363,0.44034421758945,-1.31097676219724e-15,4.33150171967242e-25
9.12,0.5919173,-0.1034027,-7.22281615256438e-21,-1.36652053695039e-21,-0.417641759312121,0.360833406032361,0.0095231367863365,-0.0983951906047774,-0.335232566624585,0.496873435493907,-7.22358655446604e-19,2.86409330129487e-21
9.13,0.5971287,-0.1001856,-1.65888437879201e-24,-6.86173562699371e-18,-0.356689981731583,0.432418994156782,0.00595623696902068,-0.0940710006632095,-0.21442078609367,0.561069753114227,-2.69454865263915e-22,1.28884616945941e-17
9.14,0.6016676,-0.09476117,9.62951383098011e-29,-2.71164836477406e-14,-0.304114914623749,0.513488252373085,0.00291508782278319,-0.0889361181394787,-0.114258581770974,0.634454521623787,-9.24265800246752e-26,4.57457442364783e-14
9.15,0.6048819,-0.08730362,-7.54000349933841e-31,-6.14551278211368e-11,-0.264952492910707,0.601298053441139,0.000265562893676121,-0.0829231376050673,-0.0428732716682374,0.715058584336766,-9.36105440201445e-29,9.37460358730271e-11
9.16,0.6062973,-0.07768567,-1.65925747174558e-33,-8.32807148481991e-08,-0.242262983878349,0.695737358531027,-0.00215706694510737,-0.075965764019757,-0.00335219534133462,0.802409457407929,-1.06690849429104e-30,1.15838875974506e-07
9.17,0.6054872,-0.0658877,7.83746207127618e-34,-6.66647383754554e-05,-0.238346120911773,0.795782404543474,-0.0045405281542251,-0.0680079399743223,0.00316766568697613,0.895185904616646,-4.75616895785315e-31,8.54343959737846e-05
9.18,0.6020706,-0.05205432,-9.73790245485459e-32,-0.0295554272963305,-0.254804627001468,0.899117408067559,-0.00708857442423978,-0.0590167658936467,-0.023140581830926,0.991259646382155,-1.35418649638735e-29,0.0353219607692429
9.19,0.5965629,-0.03527522,-1.95655733410936e-29,-3.80812952859313,-0.285586620100723,1.01217932056207,-0.00994444062524701,-0.048894972688026,-0.0698002470425276,1.09201695718873,-4.10169028210161e-27,4.29038440593258
9.2,0.5878567,-0.01686139,1.01720432879178e-26,-6.01982866400162,-0.338401837319586,1.12273329548998,-0.0133284589984429,-0.0376676397331261,-0.144944146932324,1.19130891162513,-2.00160739317702e-23,6.48069909874856
9.21,0.5776523,0.004996482,-3.94436443679991e-22,-6.2489725757381,-0.397059300383104,1.24495285084689,-0.0172990520022739,-0.0252181112246573,-0.220161515471468,1.29196751933463,-5.97408686171843e-20,6.49988758957245
9.22,0.5647712,0.02868439,-2.81856924256079e-18,-6.39271615073002,-0.470359340585391,1.36391789254807,-0.0220026454081278,-0.0115789322991766,-0.303701224953221,1.38881351275639,-2.87166846715273e-16,6.49999881772238
9.23,0.5498108,0.05444774,-8.34567086815737e-15,-6.47421997095445,-0.551660504156393,1.48107580452868,-0.0275192504496917,0.00323182574611022,-0.382697870709635,1.48168107090158,-8.38479460699906e-13,6.4999999807692
9.24,0.533515,0.08234616,-8.90916624859871e-12,-6.49999854812488,-0.633609517680105,1.59625498036716,-0.0338553456264928,0.0191943755497818,-0.447841035743783,1.57012788483912,-8.60898463298716e-10,6.49999999954686
9.25,0.5157636,0.1116923,-4.63240827929386e-09,-6.47762263721559,-0.716566747918841,1.70323311622339,-0.0410210131056812,0.0362267067120158,-0.500928793918175,1.65381886365045,-4.08572529812142e-07,6.49999999998245
9.26,0.4970209,0.1421733,-9.78575261030152e-07,-6.41461184172903,-0.796044638578723,1.7993940033842,-0.0489814594914684,0.0542206467458577,-0.540196839118089,1.73310510828958,-7.9580787466413e-05,6.49999999999889
9.27,0.4775906,0.1733598,-8.54395266255064e-05,-6.31722622176993,-0.869272756954283,1.88145940614803,-0.0576741870610113,0.0730352408073381,-0.566555839182392,1.80855977756683,-0.00657607133221634,6.49999999999988
9.28,0.4575876,0.2045829,-0.00336253979885377,-6.18980207292822,-0.935304043413296,1.9445601230788,-0.0670272274951442,0.092480842038126,-0.582285114457932,1.88105461379812,-0.250663782829413,6.49999999999998
9.29,0.4378179,0.2360877,-0.0337609913098963,-6.03670434793458,-0.987635041864654,1.9917844204288,-0.0769035779137908,0.112398686242414,-0.585936967859362,1.95072080387237,-2.49849757635231,6.49999999999999
9.3,0.4179163,0.2667609,-0.0732251308160897,-5.85831076720921,-1.03002136501984,2.01502600336177,-0.0872037915639892,0.132548946276032,-0.582216299428772,2.01896705322119,-5.45938997763247,6.5
9.31,0.3981607,0.2963341,-0.0818578938734162,-5.65553414226684,-1.06068974090512,2.01386804909517,-0.0978106889730403,0.152687626766983,-0.571651893982959,2.08629975064271,-6.23486106797421,6.5
9.32,0.3788225,0.3248472,-0.0809377815421343,-5.43029964671882,-1.07814625234829,1.99059596543491,-0.108592151496523,0.172593586421333,-0.554705015983983,2.15272492811211,-6.38474250221794,6.49999999999999
9.33,0.3597524,0.3516749,-0.0778053351968782,-5.18082486158785,-1.08456681139589,1.94204904946205,-0.119437819610482,0.192014076915953,-0.533431329755221,2.21919316444747,-6.4180205496901,6.49999999999998
9.34,0.3411006,0.3769174,-0.0736670118974039,-4.90911620653155,-1.0795642489297,1.87138934338663,-0.130233462099779,0.210727970349819,-0.508210807115697,2.28547676987202,-6.40292953747609,6.49999999999988
9.35,0.322613,0.4000925,-0.0691103299840355,-4.61312801245288,-1.06617896506524,1.776937230271,-0.140895251750432,0.228497342652529,-0.480913852575685,2.35235389828004,-6.33321864291851,6.49999999999858
9.36,0.3041921,0.421133,-0.063687751038149,-4.29376147404867,-1.04597418249329,1.66068174868732,-0.151354993575365,0.245104160139403,-0.452449000236053,2.41984907889015,-6.11508767884833,6.4999999999633
9.37,0.2861,0.4405018,-0.0533909997913771,-3.95768625676964,-1.01747641951963,1.52890876549824,-0.161529757770561,0.260393247794385,-0.422190510571414,2.4869149470731,-5.30308865595986,6.49999999807965
9.38,0.2679445,0.4577817,-0.0319896498954958,-3.60266773717198,-0.984763057182111,1.38034000158799,-0.171377388342382,0.274196647810265,-0.392085206513101,2.55436451413967,-3.21458079141844,6.49999975258855
9.39,0.2499054,0.473279,-0.0089556450005969,-3.2332916578091,-0.94690678028179,1.21980001380166,-0.1808464561452,0.286394647948282,-0.361632263306392,2.62143508882036,-0.896945337745395,6.49991761024787
9.4,0.2319552,0.4870239,-0.00125771206236412,-2.81381039788922,-0.90479546427138,1.04955669345936,-0.189894410787914,0.296890214882875,-0.331173495219764,2.68802389585645,-0.125878033387339,6.41658421504697
9.41,0.2141815,0.4992397,-0.000112329874842521,-0.0495275321601278,-0.858324464045868,0.873330826887454,-0.198477655428372,0.30562352315175,-0.300573316981936,2.75359274689867,-0.0114891179396946,0.131020850736681
9.42,0.1966341,0.5100033,-6.67860980574541e-06,-2.34811635075687e-06,-0.807741531832352,0.693390127978173,-0.206555070746696,0.312557424431531,-0.269850678673121,2.81800654969173,-0.000731517020245142,7.4158230501041e-06
9.43,0.1794623,0.5195581,-2.37153225804829e-07,-1.81242201094928e-11,-0.752481301033793,0.513201242291217,-0.214079883757034,0.317689436854444,-0.238655399855085,2.88074023682279,-3.03900355249394e-05,7.07057978417348e-11
9.44,0.1625078,0.5278,-4.94488293100694e-09,-2.35275550292803e-17,-0.694584909962881,0.333124933349151,-0.221025732856663,0.321020686187935,-0.207783704797911,2.94222983209087,-8.83935098769935e-07,1.18741410669407e-16
9.45,0.1463469,0.5352719,-2.87724963084478e-11,-5.68388584797099e-23,-0.629912807606001,0.158755062694524,-0.227324860932723,0.32260823681488,-0.17530076109041,3.00119683375328,-1.2769364627873e-08,3.99147564591147e-22
9.46,0.1310822,0.5419948,5.94171282622114e-14,-1.4360268022544e-25,-0.558597826299589,-0.00905071921378209,-0.232910839195718,0.322517729622742,-0.141179056260739,3.05785581017397,-8.09493885079726e-11,1.77476160828806e-24
9.47,0.1160144,0.5475404,2.39460370819491e-16,1.02286119202671e-23,-0.487394957609943,-0.173196305593763,-0.237784788771818,0.320785766566805,-0.10822154389615,-2.58054995851834,-3.35058787138508e-13,7.96298941650916e-22
9.48,0.1017051,0.5521809,-2.38865859904944e-18,1.17719029185846e-18,-0.412149267262023,-0.330679332420189,-0.241906281444438,0.317478973242603,-0.0744612177299132,-2.46910480024739,-6.02052697308713e-16,7.5113913206325e-17
9.49,0.08791682,0.5557767,-4.59246299402653e-21,1.06554161351343e-13,-0.335638404736109,-0.482130143941166,-0.245262665491799,0.312657671803191,-0.0409416330586798,-2.37125546177055,-5.64860505348331e-19,6.06012130911927e-12
9.5,0.07451765,0.5582062,-1.26574060112274e-24,2.03166299360119e-09,-0.259552063925689,-0.628019644137591,-0.247858186131056,0.306377475361815,-0.00821450464232825,-2.28441128625173,-3.63823190137439e-22,1.07039492483535e-07
9.51,0.06151702,0.5593427,4.09519869057153e-27,8.60542155345454e-06,-0.18428056583096,-0.768858527702459,-0.249700991789366,0.298688890084791,0.0237269081306368,-2.20636862223773,-2.53914811462163e-25,0.000427887855559391
9.52,0.04869133,0.5589998,2.65914433156331e-29,0.0101862912241456,-0.112090108868841,-0.905631118585063,-0.250821892878054,0.28963257889894,0.0540894494701574,-2.13518666683253,-5.72939230629475e-28,0.483310214489177
9.53,0.03596378,0.5570437,1.11142117416592e-30,0.13872049118332,-0.0438365390958637,-1.03883936671152,-0.251260258269013,0.279244185231825,0.0826721574664856,-2.06953593837973,-1.39526467635067e-29,6.33522767712377
9.54,0.0228864,0.5533181,7.74307124440631e-31,0.146814742644727,0.0166735330146999,-1.16915026300724,-0.251093522938866,0.267552682601753,0.108017306714337,-2.00833939318779,-7.11964916091534e-30,6.49926693572236
9.55,0.01001577,0.5481027,6.0746527742315e-30,0.150554532028225,0.0742433308196055,-1.29364895355496,-0.25035108963067,0.254616193066203,0.1322562435742,-1.95156386050314,-4.52450226015071e-29,6.49999355179958
9.56,-0.003530814,0.5410914,1.37616364932002e-28,0.15363450317178,0.121486432611501,-1.41445504180902,-0.249136225304555,0.240471642648113,0.152387952649367,-1.89802790652756,-8.93048387346518e-28,6.4999999057914
9.57,-0.01704121,0.5328844,5.127556970285e-27,0.156111765481837,0.164783112928372,-1.52617294614947,-0.247488394175271,0.225209913186618,0.171131883187751,-1.84808383351418,-2.98338116518013e-26,6.49999999749482
9.58,-0.03143493,0.5231483,9.22400130828917e-26,0.158098187738782,0.196623102566022,-1.63149425274126,-0.245522163149611,0.208894970659205,0.185377053166571,-1.80067445614734,-4.98202628543241e-25,6.49999999989836
9.59,-0.04530479,0.5131563,2.07156816674001e-24,0.159623189497429,0.229288195763015,-1.7198722825457,-0.243229281191981,0.191696247833748,0.200256369872769,-1.75646626601706,-1.04112831511556e-23,6.49999999999198
9.6,-0.05936787,0.5027233,2.83486013442998e-23,0.160775190095483,0.256609656014451,-1.79358372856469,-0.240663184631836,0.173760410548102,0.213210795434018,-1.71446960671322,-1.34295009456528e-22,6.49999999999894
9.61,-0.07318598,0.4923779,3.36462436847094e-22,0.161602828659675,0.282443318908214,-1.84901740805276,-0.237838751442754,0.155270236467574,0.225855772997954,-1.67437045380005,-1.50874226266009e-21,6.49999999999975
9.62,-0.08636823,0.4825641,4.70503432767986e-21,0.162147239912181,0.309949766817752,-1.88366455440734,-0.234739253774576,0.136433590923501,0.239552905457358,-1.63572426061388,-1.99366623612674e-20,6.4999999999999
9.63,-0.09861366,0.4736162,9.39223065437875e-20,0.162437957909402,0.341279648248882,-1.89624938430983,-0.231326457292088,0.117471097080402,0.255278581570887,-1.59802155401424,-3.74194250204999e-19,6.49999999999993
9.64,-0.1100791,0.4655069,2.1388881940289e-18,0.162491475901718,0.374623347569969,-1.88868732818808,-0.227580223816388,0.0985842237985214,0.272347282999142,-1.56070517047355,-8.00016030141563e-18,6.49999999999991
9.65,-0.1194325,0.4592517,1.45387349267212e-16,0.162311321183394,0.420521766457512,-1.85440104115586,-0.223375006151813,0.0800402133869628,0.29538117269415,-1.52331559140216,-5.02198102149945e-16,6.49999999999976
9.66,-0.1279889,0.4541087,8.33094750169881e-15,0.161888856221521,0.466842160222498,-1.80180599845963,-0.218706584549588,0.0620221534023665,0.319366730671533,-1.4853249121984,-2.66521795272823e-14,6.49999999999897
9.67,-0.1345035,0.4509325,9.10807707040438e-13,0.161199319680821,0.52345042232028,-1.72578435037307,-0.213472080326385,0.0447643098986357,0.348661196299116,-1.4460604561237,-2.67353769857288e-12,6.49999999999096
9.68,-0.1396148,0.4495226,9.80253336202831e-11,0.160203134389227,0.583875552512858,-1.63036860844258,-0.207633324801256,0.02846062381421,0.380689359513312,-1.40494821729226,-2.64133380539907e-10,6.49999999984321
9.69,-0.1430303,0.450226,1.12698492949163e-08,0.158833413246586,0.649791555040427,-1.51494297340369,-0.201135409250852,0.013311194080173,0.416333113534212,-1.36108664099898,-2.78636203521906e-08,6.49999999380187
9.7,-0.1446827,0.4527414,1.28100931459909e-06,0.157006145291885,0.720846681064536,-1.384346407201,-0.193926942440207,-0.000532269991836956,0.455622065053263,-1.31380365419254,-2.90889857222745e-06,6.49999943678681
9.71,-0.1446782,0.4571146,0.000124728199678971,0.154592584484282,0.795260173123001,-1.2403069584506,-0.185974340708977,-0.012935339576343,0.497979427142804,-1.26203255314463,-0.000260886701530829,6.49986345859606
9.72,-0.1431391,0.4624941,0.00938510534407316,0.149671691235661,0.871241442836808,-1.09179088873401,-0.177261926280609,-0.0238532484636831,0.542822327990302,-1.20575610272253,-0.0181559098282263,6.42139059197649
9.73,-0.1401605,0.468279,0.457634453104622,0.00849710722328773,0.947357743442286,-0.945030690456206,-0.167788348846186,-0.0333035553682451,0.589716462185184,-1.14520082298334,-0.822615254339793,0.374062096409627
9.74,-0.1358849,0.4735797,3.2590768821984,3.6042316087222e-06,1.02190480858843,-0.808081545240007,-0.157569300760302,-0.0413843708206452,0.638122020190337,-1.08203344947028,-5.47096978126258,0.000163719749194351
9.75,-0.1303936,0.4774827,4.096084347989,1.22374637940787e-09,1.09382891444143,-0.688470987157029,-0.146631011615887,-0.0482690806922155,0.687764079600512,-1.01945739830468,-6.45334072034161,5.76015315377073e-08
9.76,-0.123604,0.4793212,4.37528267752138,6.22391716417503e-13,1.16352250229112,-0.590991955568855,-0.134995786592976,-0.054179000247904,0.738917558371069,-0.961410720786109,-6.49760760093976,3.03989431518824e-11
9.77,-0.1161256,0.4777493,4.61532522896306,1.87498529132431e-15,1.2256891472516,-0.52540609502794,-0.12273889512046,-0.0594330611981834,0.789748292452162,-0.915158187114913,-6.49980700292899,9.45617534164542e-14
9.78,-0.1055522,0.4750557,4.87169145777055,8.83023690030025e-18,1.30023209084201,-0.47096941322525,-0.10973657421204,-0.0641427553304359,0.847387608526876,-0.873594125139567,-6.49998916556957,4.59295103484733e-16
9.79,-0.09368362,0.4691461,5.11607582768144,5.22618387332828e-19,1.37086524234358,-0.444117508774635,-0.0960279217886042,-0.0685839304181823,0.906097657718995,-0.846244079303775,-6.4999991871142,2.77775226360899e-17
9.8,-0.07948249,0.4607616,5.35622888398739,2.46750753555854e-19,1.44591435538509,-0.436757623964684,-0.0815687782347532,-0.0729515066578291,0.96846211258522,-0.829740093940697,-6.49999994094093,1.3295309053576e-17
9.81,-0.06308179,0.4502354,5.58449760106872,6.34836000681564e-19,1.52340044606376,-0.444632463732201,-0.0663347737741157,-0.0773978312951511,1.03354379294708,-0.821697196760435,-6.49999999551624,3.44408254856827e-17
9.82,-0.04351608,0.4383701,5.80108332402258,3.55641018646119e-18,1.61048761837325,-0.459924825044846,-0.0502298975903832,-0.0819970795455996,1.10271626584927,-0.81752842991967,-6.49999999971523,1.93636332430177e-16
9.83,-0.02175701,0.4250461,5.99258950140901,4.11377050033615e-17,1.69781632808596,-0.482881586217916,-0.0332517343095236,-0.0868258954077788,1.17296610089259,-0.816989340308261,-6.49999999997938,2.2408786634722e-15
9.84,0.002318994,0.4109821,6.15591290074253,4.70983854329883e-16,1.78576350095805,-0.506882806984423,-0.0153940992999431,-0.091894723477623,1.24388569806952,-0.816401735427571,-6.49999999999834,2.56688363152211e-14
9.85,0.02905322,0.3967496,6.28900374329001,3.38997487849096e-15,1.8764524839703,-0.527033680946797,0.00337042553975997,-0.097165060287091,1.31524167374951,-0.813402820510531,-6.49999999999986,1.85239691597592e-13
9.86,0.05763974,0.3826582,6.3887563714761,1.30542237514145e-14,1.96241694748553,-0.54098608046402,0.0229945950146153,-0.102574921091731,1.3854750535045,-0.807124718860833,-6.49999999999998,7.17294628605822e-13
9.87,0.08783166,0.3690509,6.45589944916265,2.28649045332113e-14,2.04141172859867,-0.546356839884606,0.043408712300602,-0.108038489490577,1.45421346750968,-0.796728242568231,-6.5,1.26821256149778e-12
9.88,0.1190318,0.3560987,6.49199640476876,1.75426498993607e-14,2.10855386943418,-0.542403724772676,0.0644942509949438,-0.113462526738304,1.52115378674968,-0.782117077206004,-6.5,9.86379780815085e-13
9.89,0.1508595,0.3441619,6.49920464632323,4.80517767309483e-15,2.16121198769534,-0.52697551460424,0.0861063708718972,-0.118732281884346,1.58644405962653,-0.762396410072371,-6.5,2.75464683085969e-13
9.9,0.1826291,0.3332105,6.47942510722661,4.92084901478063e-16,2.19457072557333,-0.50133546148715,0.10805207812763,-0.123745636499218,1.65040314950047,-0.7381804189206,-6.5,2.89375874133051e-14
9.91,0.2137326,0.3232138,6.4338466075746,1.88077454525358e-17,2.2049767209706,-0.466716960555885,0.130101845337336,-0.128412806104777,1.71362382577953,-0.709943721748968,-6.5,1.14260394743776e-15
9.92,0.2435718,0.3140425,6.36251639998565,2.79152616471879e-19,2.1893077024619,-0.42511200594828,0.151994922361956,-0.13266392616426,1.77688775871608,-0.678489876261593,-6.5,1.76633322026215e-17
9.93,0.271624,0.3055074,6.2640822431138,1.73496027193212e-21,2.14549346207093,-0.37888239656797,0.173449856982665,-0.136452750129939,1.84110912967687,-0.644845098172759,-6.5,1.15413918006185e-19
9.94,0.2974396,0.2973376,6.13559412151407,5.37928784026e-24,2.07242283210721,-0.330891981553663,0.194174085303737,-0.139761669945476,1.90730952249218,-0.610419212425639,-6.5,3.79819504733199e-22
9.95,0.3206593,0.2892067,5.97232408040685,1.14053705337248e-26,1.97001286407885,-0.284231648976444,0.213874213944525,-0.14260398643524,1.97660059963106,-0.57692467471332,-6.49999999999999,8.5944600192846e-25
9.96,0.3413697,0.2811783,5.76903254877385,1.58602594310009e-29,1.8420361252107,-0.238574523648046,0.232294575196632,-0.144989731671721,2.04969046638522,-0.54416630796552,-6.49999999999976,1.27908410413269e-27
9.97,0.3592653,0.272683,5.51738039127735,3.39682529102165e-32,1.68892239233926,-0.19874095085088,0.249183799120025,-0.14697714118023,2.12788989894884,-0.515180926013685,-6.4999999999842,2.91063167193907e-30
9.98,0.3745028,0.2639767,5.20940932136366,9.850533675902e-35,1.5150206528732,-0.162436679964307,0.264334005648757,-0.148601507979873,2.21188328325541,-0.48863046821449,-6.49999999707315,8.89834968303979e-33
9.99,0.38719,0.2547325,4.8363825640826,7.62950906451727e-37,1.32406535842161,-0.132251147097266,0.277574659232973,-0.149924019450845,2.30236498273178,-0.466280792803933,-6.49999821980058,7.17148352840641e-35
10,0.3972922,0.2447229,4.38498751061709,2.41060801589984e-38,1.11843772120388,-0.109715863360213,0.288759036445012,-0.151021178084447,2.40031317741365,-0.449246788279792,-6.49519847015056,2.32495614485168e-36
10.01,0.405629,0.2347222,0.352643908335581,1.10999708685432e-39,0.90741572673998,-0.0880808371689472,0.297833193712412,-0.151901986456137,2.50392462281413,-0.433023422387793,-0.592340014104531,1.09172517776024e-37
10.02,0.4122913,0.2246286,3.07581517698805e-06,9.31491295301595e-41,0.693590760985245,-0.068229432437878,0.304769101322264,-0.152584280780516,2.61286365650085,-0.418202556176729,-6.09268728361455e-06,9.27881143155397e-39
10.03,0.4172795,0.2141679,1.63006326522891e-12,1.82970343540575e-41,0.478625158314337,-0.0523529139314416,0.309555352905408,-0.15310780991983,2.72681703266482,-0.406295756520958,-4.04459753835987e-12,1.83369716578591e-39
10.04,0.42147,0.2043153,1.29106709889277e-19,3.78663740301114e-42,0.271219274649695,-0.0323339939499085,0.312267545651904,-0.153431149859329,2.84133820454758,-0.391638720305093,-4.38851729482829e-19,3.80519939593275e-40
10.05,0.4250619,0.1951985,2.81209546874957e-25,1.3941966424469e-42,0.0737688536925241,-0.00759509563978256,0.31300523418883,-0.153507100815727,2.9543212374616,-0.373757329260289,-1.50455967000811e-24,1.39921052475943e-40
10.06,0.4281632,0.1867629,-1.14442658977325e-25,1.94699767241614e-42,-0.1123371769615,0.0208875516143827,0.311881862419215,-0.153298225299583,-2.42143087241361,-0.353242634030234,-6.86849378438436e-24,1.9475611709555e-40
10.07,0.4312965,0.1797,-1.47869559353291e-20,3.01800377195284e-41,-0.282506490836351,0.0582253209422703,0.309056797510851,-0.15271597209016,-2.33251749995576,-0.326187313453262,-8.1109701155903e-19,3.02495041145065e-39
10.08,0.4342974,0.173638,-2.92941054135321e-15,6.28161936089568e-39,-0.438252480435388,0.100457340605317,0.304674272706497,-0.151711398684107,-2.25896891614251,-0.295202925282628,-1.51323484693038e-13,6.47508496423362e-37
10.09,0.437473,0.1689862,-5.81646134721863e-11,1.30323336052608e-35,-0.577201349067835,0.150227017938082,0.298902259215819,-0.150209128504726,-2.19793775311323,-0.257912947562558,-2.87529824060088e-09,1.49545257844447e-33
10.1,0.4407518,0.1656691,-1.37851870025441e-07,6.6757179074992e-32,-0.700383227035363,0.205991592833431,0.291898426945465,-0.148149212576392,-2.14614747496903,-0.215013920992202,-6.58564902327117e-06,1.07599441586591e-29
10.11,0.4440993,0.1637057,-6.19650443546929e-05,1.23187926823031e-28,-0.808547535751039,0.267056731366454,0.283812951587955,-0.145478645262728,-2.10135987050232,-0.166539169680388,-0.00288099759651221,9.2151051501386e-26
10.12,0.4473597,0.1629421,-0.00771433866977929,-4.67586411233345e-25,-0.90347237298278,0.33134854692571,0.274778227858127,-0.142165159793471,-2.06169671936751,-0.113706560751061,-0.350818739256481,4.58913001589461e-22
10.13,0.4504063,0.1631554,-0.108346661124746,6.04943055633365e-21,-0.98664033043071,0.396381967173904,0.26491182455382,-0.138201340121731,-2.02585717560131,-0.0582632001522243,-4.83716294973508,9.20845891498537e-19
10.14,0.4530025,0.1640465,-0.14598110877563,7.5612223682583e-19,-1.0603902842935,0.459247360740946,0.254307921710885,-0.133608866514322,-1.99268170209631,-0.0025613959373672,-6.41551658168261,6.27177230268517e-16
10.15,0.4551101,0.1656542,-0.149797017377056,-8.27210000390862e-15,-1.1253053490705,0.520018805258536,0.24305486822018,-0.128408678461737,-1.96163256525221,0.05356387385313,-6.4943250789109,1.80506531759501e-13
10.16,0.4564913,0.1672596,-0.151717849004083,-1.6413766528875e-12,-1.18361413659037,0.572646694651587,0.231218726854276,-0.122682211515221,-1.93198465968613,0.104519641737187,-6.49944314037645,1.564876618745e-11
10.17,0.4570126,0.1687472,-0.153346888885927,-7.42368014465833e-11,-1.23655193294781,0.616504535531726,0.218853207524798,-0.116517166159904,-1.90333328122414,0.149490207711233,-6.49992630986826,4.90662223297593e-10
10.18,0.4569116,0.1703053,-0.154783384732319,-1.43590569394297e-09,-1.28225174984253,0.653530272813699,0.206030690026373,-0.109981863431767,-1.87582743442919,0.190112697339734,-6.49998627561444,7.57561582873247e-09
10.19,0.4558367,0.1712635,-0.156075883718815,-9.58183967464421e-09,-1.32386669808879,0.678603974504361,0.192792023045485,-0.103195823686723,-1.84886659234463,0.221103519131698,-6.49999688935602,4.38486475459212e-08
10.2,0.4542423,0.171982,-0.157213987244528,-3.27427612740857e-08,-1.35772462719433,0.695434815151261,0.179214776773542,-0.0962414755352103,-1.82284677172529,0.245616219767471,-6.49999903441796,1.35427749719645e-07
10.21,0.4518397,0.1720447,-0.158225214647365,-4.8676262276174e-08,-1.38658568959897,0.701206208151637,0.165348919877552,-0.089229413453694,-1.7973152815389,0.260180243342551,-6.49999963501923,1.9037277858862e-07
10.22,0.4489182,0.171617,-0.159109282883239,-3.76744271712657e-08,-1.40828788151797,0.698107689463626,0.151266041062372,-0.0822483365590577,-1.77242939543171,0.266162626203451,-6.49999982061138,1.44113663322671e-07
10.23,0.4455671,0.1707917,-0.159875223551468,-1.67597543527909e-08,-1.42253013448595,0.687621623354359,0.137040739717513,-0.0753721203255141,-1.74812099321936,0.264200128387601,-6.49999988530582,6.45747829024051e-08
10.24,0.4418705,0.1696977,-0.160531225454273,-4.74504830771389e-09,-1.42912910912061,0.67145396850854,0.122749448626307,-0.0686575806404287,-1.72431500266692,0.255226409093143,-6.49999990460265,1.89084238782742e-08
10.25,0.4378694,0.168549,-0.161084925007877,-9.90075585428914e-10,-1.42831955254473,0.651898550245635,0.108466253100859,-0.0621385951379724,-1.70090971661359,0.241066230742553,-6.49999989785635,4.16981136877375e-09
10.26,0.4337257,0.1676256,-0.161541122769958,-1.84465526682291e-10,-1.41937934552849,0.631620995725054,0.0942724596455745,-0.0558223851807218,-1.67787630955832,0.224434256598834,-6.49999985538982,8.32181457824068e-10
10.27,0.429519,0.1671835,-0.161904983368079,-3.69341816030775e-11,-1.40237395294205,0.612882445817377,0.080248720116154,-0.0496935607225481,-1.65513129261748,0.208106479412518,-6.49999972821414,1.79026708615156e-10
10.28,0.4251983,0.1674941,-0.162180918273898,-9.7707688944945e-12,-1.37848449474199,0.597872774605677,0.0664638751687341,-0.0437148329764913,-1.63254451975321,0.195336456464516,-6.49999934293523,5.0262323756143e-11
10.29,0.4207354,0.1688112,-0.162371188660833,-4.16034503333831e-12,-1.3486580411919,0.588439579532382,0.0529772947568151,-0.0378304371811675,-1.6100188563645,0.189470606553907,-6.49999799976725,2.20185936931201e-11
10.3,0.4160101,0.1713451,-0.162476582538392,-3.318705098584e-12,-1.31455390550292,0.585889478773688,0.0398317557017858,-0.0319715423934306,-1.58745683868186,0.193562312925138,-6.49999268812043,1.72179460693934e-11
10.31,0.4107565,0.1752721,-0.162496237720257,-5.44775118828113e-12,-1.2789174012071,0.591103515102394,0.0270425816897149,-0.0260605072424067,-1.56477856732275,0.210416564158879,-6.49997076296942,2.6132074226377e-11
10.32,0.4047575,0.1807422,-0.162427495596732,-1.89386339134342e-11,-1.24387884924234,0.604624814876592,0.0146037931972914,-0.0200142590936407,-1.54197042020004,0.242618557188542,-6.4998818306556,7.92687571967007e-11
10.33,0.397751,0.1876868,-0.162265169154976,-1.17524400552161e-10,-1.2117589790511,0.62512887754464,0.00248620340678039,-0.0137629703181943,-1.51907458102608,0.289769880634576,-6.49956144302393,4.13668891901631e-10
10.34,0.3895202,0.1960818,-0.161999911872923,-1.13061978270451e-09,-1.18429624355357,0.651713312776122,-0.00935675902875527,-0.00724583719043312,-1.49618724664221,0.351870381078798,-6.49862239087886,3.28916009452903e-09
10.35,0.379901,0.2058562,-0.161621481514409,-1.43244983493565e-08,-1.1626229413054,0.6831247800692,-0.0209829884418092,-0.000414589389741116,-1.47343761548217,0.427873865844635,-6.49655489305193,3.45079632690621e-08
10.36,0.3689455,0.216778,-0.161124647668261,-1.89796775668936e-07,-1.14597185647179,0.716882197569774,-0.0324427070065272,0.00675423258595662,-1.45090850730399,0.513966787124283,-6.49300078221663,3.85715290777802e-07
10.37,0.3567103,0.2286899,-0.160518747177978,-2.30975106494419e-06,-1.133567322745,0.751289840632555,-0.0437783802339772,0.0142671309922822,-1.42865974124101,0.607134010076623,-6.48815395173721,4.04765644585613e-06
10.38,0.3433748,0.2414786,-0.159807937500521,-2.40082243331555e-05,-1.12366318810629,0.785140532904972,-0.0550150121150401,0.0221185363213319,-1.40666484900452,0.704880656111418,-6.48205638833544,3.70590352751248e-05
10.39,0.3292127,0.2549532,-0.158950368615759,-0.000194213081363388,-1.11386786322216,0.816700967511126,-0.0661536907472617,0.0302855459964432,-1.38480052619077,0.803885738453367,-6.47301061636206,0.000269754623054005
10.4,0.3145509,0.2690293,-0.157786540189211,-0.00120167552394913,-1.10155103358078,0.845252953093708,-0.0771692010830695,0.0387380755273802,-1.36286034198983,0.902695674435887,-6.45465934711839,0.00153082950196185
10.41,0.2997304,0.2836156,-0.155763974285346,-0.00560068157036609,-1.08419765854351,0.870099125125882,-0.0880111776685045,0.0474390667786391,-1.34057963114202,1.00019665803542,-6.4045546528901,0.00665474916030301
10.42,0.2850541,0.298639,-0.150532765843875,-0.0195973016070893,-1.05984364302909,0.890771208414225,-0.0986096140987955,0.0563467788627813,-1.31768026301298,1.09592289671127,-6.22552606783567,0.0220345680008988
10.43,0.2708057,0.3139686,-0.130036456243214,-0.0500280437965519,-1.02688999306437,0.906395626699193,-0.108878514029439,0.0654107351297732,-1.29385618563208,1.18938986608314,-5.41375664723546,0.053899464375272
10.44,0.2572277,0.3295488,-0.0609919614426928,-0.0940739694599026,-0.984264220985056,0.916812224922796,-0.11872115623929,0.0745788573790012,-1.26879189158445,1.28119548144751,-2.5588093531514,0.0981595830396706
10.45,0.2444173,0.345217,-0.00700054264123539,-0.125620612952557,-0.932231049779903,0.921042034291446,-0.128043466737089,0.0837892777219156,-1.24229076172178,1.37168172492003,-0.296312027827814,0.128151362606513
10.46,0.2323846,0.3607852,-0.00029245789876973,-0.113764814035389,-0.871810545417469,0.918019884469782,-0.136761572191263,0.0929694765666135,-1.21423960633386,1.46185767655829,-0.012506361447538,0.114442886926982
10.47,0.221099,0.3760547,-6.23304415352467e-06,-0.0659019997084495,-0.804328717779166,0.906727736698974,-0.144804859369055,0.102036753933603,-1.18457222173956,1.55360153264595,-0.000269708677051123,0.0659117383634444
10.48,0.2103998,0.3907894,-7.22269074261967e-08,-0.0223887228570839,-0.732112049551015,0.885979947626197,-0.152125979864565,0.110896553409865,-1.15345391692246,1.64991376487233,-3.16767152094956e-06,0.0224589427548447
10.49,0.2003175,0.4048454,-4.16458199490067e-10,-0.00422387328581637,-0.655768633361182,0.855495254318383,-0.158683666198177,0.119451505953049,-1.12073793257053,1.7553524242596,-1.85472665227076e-08,0.00429680627802409
10.5,0.190381,0.4178969,-1.47055346556989e-12,-0.000377347040985966,-0.579981671352561,0.813610623643466,-0.164483482911703,0.127587612189484,-1.08738173097061,1.87749702209519,-6.66099213087697e-11,0.000395808784456749
10.51,0.1806486,0.4299389,-2.89818643333248e-15,-1.53332903995621e-05,-0.504724596072304,0.761464317255969,-0.169530728872426,0.135202255362043,-1.05331883810343,2.02664205606044,-1.33740978864941e-13,1.70763263245522e-05
10.52,0.1706789,0.4406683,-4.29502696492929e-18,-2.19245964544581e-07,-0.434048197102033,0.69776515648441,-0.173871210843446,0.142179906926887,-1.01983542565969,2.22107810340091,-2.02120014874356e-16,2.75466108534564e-07
10.53,0.1605231,0.4501496,-4.76143607045956e-21,-9.3416014502886e-10,-0.367621188778728,0.624372020167421,-0.177547422731233,0.148423627128562,-0.987035358844096,2.47981578265735,-2.2868974538873e-19,1.5202575067538e-09
10.54,0.1499654,0.4582793,-5.27195005628257e-24,-7.08323910399204e-13,-0.307290595641327,0.541704260842252,-0.180620328687647,0.153840669736984,-0.955864286666153,2.81304042323377,-2.5845430868627e-22,2.20382687341038e-12
10.55,0.1389181,0.4650421,-7.63054065696099e-27,4.83202329118853e-18,-0.253664975405091,0.450922133156906,-0.183156978441697,0.158349891068553,-0.926928404543949,-3.09780027299913,-3.81625681600901e-25,6.03358320127231e-16
10.56,0.1275903,0.4706752,-1.45422127911083e-29,2.42016587435881e-22,-0.204836831185055,0.355189376051996,-0.185205346753548,0.161901784829073,-0.89973732631438,-2.7660414030767,-7.41672301234972e-28,2.42951627157742e-20
10.57,0.1156927,0.4750093,-6.61162222854443e-32,1.08168070270807e-27,-0.16308784850245,0.254161866179189,-0.186836225238572,0.164443403490865,-0.875629871940411,-2.50787004561082,-3.43358904407288e-30,7.32870097159926e-26
10.58,0.102965,0.4775462,-1.16159335926155e-33,1.694901199178e-34,-0.130232540533918,0.144902193156504,-0.188138550643912,0.16589242542243,-0.855853601202366,-2.3109353721253,-6.12639846808449e-32,9.12533752253441e-33
10.59,0.09024268,0.4792447,-3.53127784759541e-35,4.76401776019389e-40,-0.0989318479057069,0.0365399129176289,-0.189127869122969,0.166257824551606,-0.836938347803058,-2.17122174371848,-1.89129058802581e-33,2.31304976636684e-38
10.6,0.07741906,0.4798842,-2.42511126896165e-36,9.62659171099253e-39,-0.0701259844137674,-0.0720674246428281,-0.189829128967106,0.165537150305178,-0.819433056869277,-2.06534637023974,-1.3182282476888e-34,4.38640063587734e-37
10.61,0.06462388,0.4794939,-3.73792140631593e-37,-1.95988167675121e-31,-0.0427331537459565,-0.179949414215486,-0.190256460504566,0.163737656163023,-0.8028057953817,2.9946150451921,-2.0618473348068e-35,1.31660099619874e-30
10.62,0.0520459,0.4781736,-1.31414679259485e-37,-1.52908555975112e-25,-0.0152690205049666,-0.285648025380663,-0.190409150709616,0.160881175909217,-0.786232088498496,3.09448304146804,-7.360362622588e-36,3.94327457555037e-24
10.63,0.03968474,0.4758568,-1.18052432584417e-37,6.25930533933287e-21,0.0120840443678354,-0.38917974375836,-0.190288310265937,0.156989378471633,-0.76980133541161,-3.08588382748343,-6.71762452834174e-36,9.06359184027233e-19
10.64,0.02793573,0.4728656,-3.16247726200639e-37,9.12257946451625e-18,0.0423885391510765,-0.487431586050077,-0.189864424874427,0.152115062611132,-0.751600042861963,-2.98318655361173,-1.83319533846113e-35,1.65054669229841e-14
10.65,0.0167591,0.469164,-2.87245952448791e-36,4.13753605215371e-13,0.0748842925356499,-0.580471770881676,-0.18911558194907,0.146310344902316,-0.731953631818224,-2.88062103692079,-1.70086909843548e-34,4.68517310023463e-11
10.66,0.006203934,0.4648647,-8.22240426225923e-35,3.09215730346821e-10,0.109582772070855,-0.667193684000319,-0.188019754228361,0.139638408062312,-0.710694255248837,-2.77935264440553,-4.99071282629779e-33,3.0972435965702e-08
10.67,-0.003675441,0.4600838,-5.94518288910778e-33,6.69211608116666e-08,0.146521230572972,-0.746594004318299,-0.186554541922632,0.132172468019129,-0.687599303632218,-2.68035855990669,-3.71571442658782e-31,6.34154417283688e-06
10.68,-0.01285081,0.4549892,-7.9099724205618e-31,6.11010080282316e-06,0.185504688047541,-0.81737929660258,-0.184699495042156,0.123998675053104,-0.662571279764456,-2.58474632792904,-5.12012911457595e-29,0.000479843275584772
10.69,-0.02130785,0.4497699,-1.41193069647617e-28,0.000227691227424477,0.226225985737344,-0.878246837192927,-0.182437235184783,0.115216206681174,-0.635574059046026,-2.49341030926553,-9.53648719922251e-27,0.0150662900345894
10.7,-0.02915367,0.4445538,-2.33530340754554e-26,0.00361706740829067,0.267399435634854,-0.928556216116766,-0.179763240828434,0.105930644520007,-0.607372397495335,-2.40641835266247,-1.65826757852674e-24,0.21341084942076
10.71,-0.0364697,0.439482,-2.85873327800429e-24,0.0236924941841669,0.308050196366661,-0.967683815742602,-0.176682738864768,0.0962538063625806,-0.578615922280383,-2.32368296320284,-2.1468368306222e-22,1.28956186562335
10.72,-0.04331991,0.4347319,-2.31701393633407e-22,0.0612975656118845,0.347428521411256,-0.994834108076491,-0.173208453650655,0.0863054652818157,-0.549884807556182,-2.2451407065802,-1.84630188568699e-20,3.13383959493126
10.73,-0.04985109,0.4304997,-1.10029980288433e-20,0.0864817639691493,0.384178182949796,-1.00920513841711,-0.169366671821157,0.0762134138976446,-0.522474082928287,-2.17062075894492,-9.28673128197484e-19,4.19724427015139
10.74,-0.05622897,0.4266634,-2.82306048015173e-19,0.0947709700729904,0.416916625488874,-1.01271349099082,-0.165197505566268,0.0660862789877363,-0.497955245691921,-2.09791236147093,-2.50459891041705e-17,4.39749040838905
10.75,-0.06268362,0.4232399,-3.55022830703679e-18,0.0864696833117462,0.44387617625005,-1.0060713216426,-0.160758743803768,0.0560255657713103,-0.478573424152626,-2.02575355282686,-3.267202766565e-16,3.86026243634638
10.76,-0.06937902,0.42016,-2.14011360744717e-17,0.0599174917182998,0.464011778809946,-0.990694394822229,-0.156118626015669,0.046118621823088,-0.466060372538343,-1.95238155993299,-2.01236277872269e-15,2.5877241628219
10.77,-0.07654048,0.4173757,-5.75009909895456e-17,0.0259459528586885,0.475909663172446,-0.967773689913171,-0.151359529383944,0.0364408849239563,-0.462684486921338,-1.87610767839173,-5.43640949339685e-15,1.08967526688399
10.78,-0.08406398,0.4150676,-8.16942974226697e-17,0.005886401563218,0.481013219036761,-0.936605203990676,-0.146549397193576,0.0270748328840496,-0.467394361953845,-1.79598528144868,-7.66489686536824e-15,0.241741312877527
10.79,-0.09196631,0.4131255,-6.4268675677978e-17,0.00078609257243377,0.479708530703292,-0.898945460384135,-0.141752311886544,0.0180853782802082,-0.480125209808637,-1.7094226813333,-5.89797826926228e-15,0.0317575590631297
10.8,-0.1008022,0.4108395,-1.89625106211755e-17,9.31288807108923e-05,0.468007122112089,-0.86129352819177,-0.137072240665423,0.00947244299829052,-0.505824859893607,-1.61265746335489,-1.65614487309774e-15,0.00372852043552324
10.81,-0.11077,0.4078162,-1.81486580702188e-18,1.22171427775315e-05,0.445221862352419,-0.827069090984363,-0.132620022041898,0.00120175208844689,-0.544935172804256,-1.50519653210493,-1.46127347824527e-16,0.000489771030915744
10.82,-0.1205337,0.4056746,-1.69468695530467e-19,7.87121147270939e-07,0.423308025140646,-0.783144631223112,-0.128386941790492,-0.00662969422378423,-0.582669330906941,-1.38597242154994,-1.26235032216495e-17,3.20470474681286e-05
10.83,-0.1318136,0.4019461,-3.19373214910484e-21,9.13687817208927e-08,0.388321853549771,-0.750513261912067,-0.124503723254994,-0.0141348268429049,-0.634173821943498,-1.26084883113192,-2.16219915195465e-19,3.84310359838261e-06
10.84,-0.1423359,0.3993719,-9.80409955369971e-23,4.21597023933717e-09,0.360103053130391,-0.706347605800576,-0.12090269272369,-0.0211983029009107,-0.676319804619037,-1.12071117354629,-6.22221268694718e-21,1.87763730258581e-07
10.85,-0.1542982,0.394807,-4.97040726434621e-25,4.87987575733409e-10,0.320380797070678,-0.677243306041845,-0.117698884752984,-0.0279707359613291,-0.72794706096088,-0.991595643691179,-2.95645285002852e-23,2.33697305258724e-08
10.86,-0.1652416,0.3917548,-6.06763638307224e-27,1.65851943020198e-11,0.29040328345914,-0.633900307480238,-0.114794851918392,-0.0343097390361315,-0.76702683222772,-0.844851596663922,-3.46223557644368e-25,8.82513949138119e-10
10.87,-0.1767556,0.3874314,-2.74250233833979e-29,9.9245743771039e-13,0.256627435891128,-0.600208067024112,-0.112228577559481,-0.0403118197063726,-0.807010703009025,-0.71647152795244,-1.50708462077029e-27,5.98233705915387e-11
10.88,-0.1870674,0.3843654,-5.13438148876297e-31,1.6963050679189e-14,0.234034120238874,-0.555201724963346,-0.109888236357092,-0.0458638369560061,-0.834968875016287,-0.573884568527423,-2.754389638241e-29,1.28615320350341e-12
10.89,-0.19714,0.3811028,-1.16786312962595e-32,2.43991715689206e-16,0.214019307778617,-0.511814723375264,-0.107748043279306,-0.0509819841897587,-0.859341773464127,-0.441999045258697,-6.14243405915246e-31,2.37547283950275e-14
10.9,-0.206306,0.3785151,-9.75722594943717e-34,1.77443506711585e-18,0.201942706975572,-0.463165785825199,-0.10572861620955,-0.0556136420480107,-0.876383222690953,-0.308017537312362,-5.06425953292615e-32,1.79951353532372e-16
10.91,-0.2148307,0.3762188,-2.07898925678942e-34,1.97058091306183e-21,0.195076775630234,-0.413087259828083,-0.103777848453248,-0.0597445146462915,-0.888909223836835,-0.180821738234641,-1.06886536862713e-32,6.91466258349352e-19
10.92,-0.2216311,0.3755829,-6.50656968620893e-34,2.17394836634487e-24,0.201857769789267,-0.350979651327081,-0.101759270755355,-0.0632543111595623,-0.890962295915746,-0.0377067679110117,-3.34007601818474e-32,2.65492188226003e-22
10.93,-0.2272313,0.3757801,-9.72147005972396e-33,-1.33732169827239e-27,0.216857934930045,-0.284889818849165,-0.0995906914060548,-0.066103209348054,-0.8869805039963,0.102258202801918,-5.00531007212468e-31,1.3064991478949e-26
10.94,-0.2316156,0.376756,-5.16782848865848e-31,-8.6316098114237e-33,0.239431535560493,-0.216008619259396,-0.0971963760504499,-0.0682632955406479,-0.877294077322972,0.235687559715903,-2.68037181379105e-29,3.71531088055128e-32
10.95,-0.2343514,0.3786711,-1.20247172587189e-28,-3.40201526769758e-40,0.272325193402061,-0.143717122758056,-0.0944731241164293,-0.0697004667682285,-0.85902165700779,0.363387206086023,-6.32606194533595e-27,9.59074157047295e-40
10.96,-0.2356473,0.3811232,-5.40685257295087e-26,-4.2825863295324e-50,0.312773370897657,-0.0720057846326227,-0.0913453904074527,-0.0704205246145547,-0.833324776984644,0.478623419702391,-2.90454165692581e-24,9.29008035984902e-50
10.97,-0.2354274,0.3838893,-3.46692047983118e-23,-9.27521315534834e-58,0.360503172598964,-0.0030931903292668,-0.0877403586814631,-0.0704514565178474,-0.798714526540556,0.580032013176588,-1.9194601548183e-21,1.69169264338118e-57
10.98,-0.2332368,0.3868709,-3.52727942808929e-20,-1.31515979822912e-51,0.418292808961418,0.06200084451224,-0.0835574305918489,-0.069831448072725,-0.749110929714222,0.668989184364248,-2.05001818408345e-18,2.12076557166912e-51
10.99,-0.229578,0.3892428,-2.5326711324201e-17,-1.57564481719383e-43,0.480841417766852,0.11651384442118,-0.0787490164141804,-0.0686663096285132,-0.68599688213233,0.740241543238136,-1.58629119983099e-15,2.33655156426218e-43
11,-0.2234852,0.3915272,-2.27794809913493e-14,-1.65456858571285e-37,0.555187552608231,0.16515083157556,-0.073197140888098,-0.0670148013127576,-0.591548968307902,0.802630697173984,-1.66726445871684e-12,2.30092102605741e-37
11.01,-0.2150509,0.3932907,-1.68875869740417e-11,-1.89150624695692e-33,0.639109757353121,0.204579792089223,-0.0668060433145668,-0.0649690033918654,-0.452834776067663,0.854631080407198,-1.62059748089972e-09,2.50771951060993e-33
11.02,-0.2042327,0.3939936,-1.0359514237377e-08,-4.48263635277299e-31,0.731598972278405,0.230945037381239,-0.0594900535917828,-0.062659553018053,-0.247557999774353,0.894400771134891,-1.25349263680243e-06,5.74835942577434e-31
11.03,-0.190724,0.3937155,3.78003191513285e-05,-7.49196873879536e-30,0.833818460248528,0.245774447383349,-0.0511518689892975,-0.0602018085442195,0.054439884757613,0.924596288271289,-0.000807641362700473,9.38400940882254e-30
11.04,-0.1743917,0.3923731,0.165321195574481,-1.31693804630749e-29,0.945358579491815,0.249237135982895,-0.0416982831943794,-0.0577094371843905,0.441610610474995,0.945740004032527,-0.386560248781915,1.62396442329073e-29
11.05,-0.1551721,0.3899576,4.56491120533439,-3.040179882122e-30,1.06521748332521,0.242163668299327,-0.0310461083611273,-0.0552878005013973,0.820633231427849,0.958246824038038,-6.24052933452878,3.71569012782403e-30
11.06,-0.1331227,0.3864776,5.81796941726085,-9.35731181852099e-32,1.19143328443253,0.22552638143454,-0.019131775516802,-0.0530325366870519,1.10882154628931,0.962053280299804,-6.49898478072365,1.14060035712032e-31
11.07,-0.1084232,0.3819678,6.27361399846206,-3.24932029842214e-34,1.32116563039011,0.200493665183592,-0.00592011921290089,-0.0510276000352159,1.30603646164437,0.956736886879443,-6.49999418122446,3.97552620763195e-34
11.08,-0.08137675,0.3765401,6.44619350520783,-9.56884755116567e-38,1.45078094874121,0.1688118403094,0.00858769027451117,-0.0493394816321219,1.44200578010127,0.941992315103028,-6.49999994599416,1.18318014026163e-37
11.09,-0.05232454,0.3702644,6.49709235289381,-1.15016267702602e-42,1.57663131154195,0.131793526772612,0.0243540033899307,-0.0480215463643958,1.54087686142353,0.91684371601167,-6.4999999991609,1.44915360418316e-42
11.1,-0.02179257,0.3631797,6.49290297193409,-1.32889516028064e-49,1.6938893329986,0.0904323524628108,0.0412928967199166,-0.0471172228397677,1.61754234734052,0.879719180126104,-6.49999999997697,1.7246606174548e-49
11.11,0.009689087,0.3554181,6.46049287474057,-3.93653059914235e-59,1.79814358065076,0.0464147514749893,0.0592743325264243,-0.0466530753250178,1.68113424506951,0.829821656160844,-6.49999999999885,5.33596913561057e-59
11.12,0.04209543,0.3473781,6.41057406123272,-1.38962498397727e-66,1.88952734606425,0.00345010904163523,0.0781696059870668,-0.0466185742346015,1.73690698813281,0.770242447911185,-6.49999999999991,1.99602923982483e-66
11.13,0.07459264,0.3389441,6.34614422323057,-9.11668311959148e-61,1.96168215525212,-0.0391880503430011,0.097786427539588,-0.0470104547380315,1.78885986013252,0.699368706910233,-6.49999999999999,1.41643930333022e-60
11.14,0.1064144,0.3298699,6.26562569985324,-4.84595700863613e-51,2.00944161298721,-0.0832214034991887,0.11788084366946,-0.0478426687730234,1.84021806141635,0.613684850721562,-6.5,8.41337834873083e-51
11.15,0.1380185,0.3210058,6.16821057491583,-2.35123163279616e-44,2.03815576881782,-0.121414771706309,0.138262401357638,-0.0490568164900865,1.89176069038053,0.528484873205122,-6.5,4.65934598253589e-44
11.16,0.1687752,0.3121572,6.04862928992861,-1.35753536273737e-39,2.04403942511501,-0.155547996655103,0.158702795608788,-0.0506122964566375,1.94574115453503,0.444736776968728,-6.5,3.15326957191444e-39
11.17,0.1986186,0.3036039,5.9016418420624,-2.53055258267167e-36,2.02834172414181,-0.183472528291929,0.178986212850206,-0.0524470217395568,2.00332517630401,0.371249744854893,-6.5,6.98687158340027e-36
11.18,0.2268532,0.2946731,5.71529659072843,-1.53327502030172e-33,1.98724649180647,-0.210901704737845,0.198858677768271,-0.0545560387869352,2.06733225384247,0.298026181256167,-6.49999999999999,5.25008726197471e-33
11.19,0.2536744,0.285727,5.48033423472077,-2.13320153575813e-31,1.9246433005687,-0.234784956507381,0.218105110773958,-0.056903888352009,2.1385738833184,0.233869950465172,-6.49999999999997,9.25066129844034e-31
11.2,0.2789468,0.2766952,5.18198506860993,-1.07634958898405e-29,1.84156447493793,-0.255808217172495,0.236520755523338,-0.059461970523734,2.21889785094018,0.178378353255006,-6.49999999999976,6.02533187344174e-29
11.21,0.3025093,0.267395,4.80084902996591,-2.9958495486308e-28,1.73889010501074,-0.275525706353302,0.253909656573445,-0.062217227587267,2.31050163715262,0.128531377769384,-6.49999999999628,2.29614224339826e-27
11.22,0.3244963,0.2579032,4.32044914680785,-4.19015675102342e-27,1.61995336264221,-0.293290953939962,0.270109190199867,-0.0651501371266666,2.41436360095761,0.0858899992127832,-6.49999999989034,5.02102812374917e-26
11.23,0.3449572,0.2481977,3.72620438160949,-2.9423612609241e-26,1.48723725845884,-0.309313520761386,0.284981562784456,-0.0682432723342805,2.53124632853918,0.049785091030556,-6.49999999365561,7.06154798385739e-25
11.24,0.3636634,0.2378959,2.99844174882504,-8.89765214972446e-26,1.34086245765971,-0.326693339223699,0.298390187361053,-0.0715102057265175,2.66261621547458,0.0137573431278256,-6.49999917032081,1.06674469643968e-23
11.25,0.3809418,0.2273342,2.13877085721357,6.67349300409656e-25,1.18553510261819,-0.342498970541266,0.310245538387235,-0.0749351954319301,2.80506966768204,-0.0164104536422729,-6.49974997341372,1.13122843153872e-22
11.26,0.3968541,0.2165358,1.17677940973107,6.97454408807496e-24,1.02349034276117,-0.356558269873418,0.320480441814846,-0.0785007781306643,2.95474216389095,-0.0409081217292857,-6.30933537959224,8.57739268724456e-22
11.27,0.4113511,0.2054482,0.00218541212945073,3.15210372733547e-23,0.855926989317339,-0.369332260738736,0.32903971170802,-0.0821941007380517,3.10705598465093,-0.0610909587352165,-0.0842507892075275,5.1123622006108e-21
11.28,0.4244998,0.1938664,9.03798987574991e-09,8.99431797897123e-23,0.684928277282992,-0.382475371898188,0.33588899448085,-0.0860188544570336,-3.02713838178469,-0.080100888032976,-8.6103399074197e-06,3.01173809331217e-20
11.29,0.4364043,0.1821932,-1.65189691418771e-12,1.10408294751404e-22,0.512733212279649,-0.392630119190976,0.341016326603646,-0.0899451556489433,-2.88688750641384,-0.0927645714973468,-1.92425732302233e-10,1.1679745918948e-19
11.3,0.4471481,0.1703866,-1.23338224644632e-17,-1.52095856685916e-23,0.34124051150426,-0.400297659895907,0.344428731718689,-0.0939481322479024,-2.75881540328292,-0.100596036131492,-1.2391721716056e-15,3.26754755613277e-19
11.31,0.4567824,0.158739,-1.66565380519051e-22,-4.72325459910312e-23,0.171928990541936,-0.403269685606565,0.346148021624108,-0.097980829103968,-2.6441979299219,-0.101013671320397,-1.47938631265201e-20,5.19307076397844e-19
11.32,0.4652839,0.1466089,-8.39771142821812e-25,-2.16608292604274e-22,0.00554360697823597,-0.407043022317074,0.34620345769389,-0.102051259327139,-2.54248854366589,-0.102477405821665,-6.05713016263578e-23,9.05323171033322e-19
11.33,0.4728306,0.1347302,-3.11497875843086e-23,3.34077675267168e-22,-0.155619148875793,-0.405630934932512,0.344647266205132,-0.106107568676464,-2.92576423557408,-0.0969069842750893,-4.96869959936661e-21,8.67147727957015e-19
11.34,0.4794074,0.1228317,-1.1015146870655e-18,9.92259386747703e-22,-0.311046125244467,-0.401626497148584,0.341536804952688,-0.11012383364795,-2.81279801543243,-0.0883946505569939,-1.10312627363374e-16,6.18141561516333e-19
11.35,0.485151,0.1109569,-3.92022957522618e-14,1.13050344310449e-21,-0.459070980898325,-0.3949068463914,0.336946095143705,-0.114072902111864,-2.70807256236805,-0.0770774306539421,-3.85370539274524e-12,3.2193690375815e-19
11.36,0.4901571,0.09911513,-4.40801624463651e-10,7.20286450172524e-22,-0.598542136685971,-0.38565121833631,0.330960673776845,-0.117929414295227,-2.61199852160582,-0.0634227069818582,-3.66549231174092e-08,1.23939830520474e-19
11.37,0.4945165,0.08738411,-1.11391047765911e-06,2.58992445051009e-22,-0.728495735371794,-0.373492553184782,0.323675716423127,-0.121664339827075,-2.52438806275866,-0.0471787330120027,-7.76817060445652e-05,3.326473182878e-20
11.38,0.4984377,0.07602025,-0.000668406093001803,3.72518156630065e-23,-0.847150595002049,-0.356678761083263,0.315204210473106,-0.125231127437907,-2.44519207325599,-0.0265020144426358,-0.0412984269408169,4.88556319602785e-21
11.39,0.5016432,0.0643128,-0.0634967556534019,2.99326592404493e-24,-0.956887099858211,-0.341389673147068,0.305635339474524,-0.128645024169378,-2.37209817146954,-0.00862179823243861,-3.61429943488215,8.26181091965123e-22
11.4,0.5045336,0.05307144,-0.119971927595266,-5.79350125096923e-25,-1.05444848197664,-0.321099011178241,0.295090854654758,-0.13185601428116,-2.30570235746524,0.0138922653075551,-6.431079926901,6.86658884390359e-23
11.41,0.5069544,0.0420601,-0.127177922559537,-1.0720834792268e-25,-1.14142416540341,-0.298228276986906,0.283676613000724,-0.134838297051029,-2.2443237745906,0.0382004135513249,-6.49805148114564,3.62933124205496e-24
11.42,0.5088728,0.03152238,-0.132471564394017,-5.48603766547136e-27,-1.21835567034768,-0.271173530905674,0.271493056297247,-0.137550032360086,-2.18699528396834,0.0659758050314356,-6.49990045250144,9.14501911252696e-26
11.43,0.5102108,0.02080127,-0.13719839323517,-2.18421132351542e-28,-1.286174553199,-0.245711279733779,0.258631310765257,-0.140007145157424,-2.13277819814057,0.0911474050380927,-6.49999172937103,2.43730515448517e-27
11.44,0.5108435,0.01058309,-0.141448953653444,-3.56888896282416e-30,-1.34617397798241,-0.216368613350143,0.245169570985433,-0.142170831290925,-2.08079113983956,0.119519459529671,-6.49999899174389,2.94650556051581e-29
11.45,0.510622,0.0005211436,-0.145272646460441,-3.93751369774506e-32,-1.39979158120326,-0.186423241047668,0.2311716551734,-0.144035063701402,-2.0302835813851,0.147776736501101,-6.49999983495919,2.63138270056035e-31
11.46,0.509459,-0.009398744,-0.148693514085434,-3.42111909482664e-34,-1.44788688403772,-0.156226682546389,0.216692786333023,-0.145597330526866,-1.98081250963585,0.175699196278292,-6.49999996566981,1.94227323476208e-33
11.47,0.5073525,-0.01914165,-0.151718512167752,-2.69840233528876e-36,-1.49059688206054,-0.125710306352863,0.201786817512418,-0.146854433590395,-1.93219503393548,0.203484802667321,-6.49999999113389,1.33594662451202e-35
11.48,0.5042985,-0.02879861,-0.154355800988784,-2.91222169038431e-38,-1.52809748974549,-0.095823157789896,0.186505842614963,-0.147812665168294,-1.88426751903185,0.230354378136305,-6.49999999721505,1.28141327972736e-37
11.49,0.5005577,-0.03814188,-0.156596486884178,-4.95847591369769e-40,-1.55843751938337,-0.0648784700936904,0.170921467421129,-0.14846144986923,-1.83727014621754,0.258025499323141,-6.49999999888153,1.95503027232234e-39
11.5,0.4959438,-0.04756986,-0.158469135425185,-3.31023754758043e-41,-1.58349627114286,-0.0363512145785343,0.1550865047097,-0.148824962015016,-1.79072513046862,0.283388039038559,-6.49999999946493,1.19088597620506e-40
11.51,0.4909038,-0.05674855,-0.159967427095359,-9.25866950547834e-42,-1.59990050251569,-0.00755131942740306,0.139087499684543,-0.14890047520929,-1.74496957027662,0.309044549472903,-6.49999999966386,3.05918479355434e-41
11.52,0.4857403,-0.06556071,-0.161105706625514,-1.52093606139242e-41,-1.60577722776677,0.0222556817552704,0.123029727406876,-0.148677918391737,-1.69994944443993,0.335740164463347,-6.49999999970819,4.63271019419841e-41
11.53,0.4807909,-0.07382762,-0.161899897214172,-1.83090327860218e-40,-1.59919414275867,0.0542305725943848,0.107037785979289,-0.148135612665793,-1.65549167275619,0.364571467574569,-6.49999999962904,5.1452270763268e-40
11.54,0.4763549,-0.08137907,-0.162362963340937,-1.605414152322e-38,-1.57876602312668,0.089358254119654,0.0912501257480222,-0.147242030124597,-1.61125978098599,0.39644616308479,-6.4999999992742,4.1597146202388e-38
11.55,0.4725898,-0.08826131,-0.1624986375798,-5.6348822556689e-36,-1.54446537564144,0.126789143009761,0.0758054719916079,-0.145974138694499,-1.56676208596005,0.430679172200004,-6.49999999777218,1.34908388906e-35
11.56,0.470036,-0.09374978,-0.162296212092307,-1.05384670167916e-32,-1.49325351544337,0.171899949425567,0.0608729368371742,-0.144255139200243,-1.52145077094172,0.471786251405167,-6.49999998774797,2.31670376565539e-32
11.57,0.4684786,-0.09831396,-0.161726085426377,-2.58695149560126e-29,-1.42857379885023,0.220022021688861,0.0465871988486719,-0.142054918983355,-1.47460599213426,0.515854626091808,-6.49999988617467,5.23987642190049e-29
11.58,0.4681209,-0.1016105,-0.160733951350147,-7.67116273434086e-26,-1.35029212854955,0.273350350715704,0.0330842775631763,-0.139321415476198,-1.42541433405228,0.564592339196124,-6.49999807242885,1.43289805667392e-25
11.59,0.4689453,-0.1035782,-0.159234539435392,-1.9732610861616e-22,-1.26016432880868,0.331610491993754,0.0204826342750896,-0.13600531055626,-1.37298284627185,0.617634590301094,-6.49993852732428,3.4069182935581e-22
11.6,0.4706014,-0.1045206,-0.157043934291948,-2.62541595747032e-19,-1.16258151343097,0.3915960467235,0.00885681914077987,-0.132089350089025,-1.31668761521784,0.672497913484387,-6.49652559535692,4.21498467828368e-19
11.61,0.4742452,-0.1026307,-0.141484109393088,-7.88388963256857e-16,-1.04942591191662,0.467240414522413,-0.00163743997838637,-0.127416945943801,-1.25359795748693,0.738392496427341,-5.96540563389855,1.17148930454881e-15
11.62,0.4778284,-0.09995849,-0.00630831943446818,-6.99477914600014e-13,-0.939294359897265,0.540385742516344,-0.011030383577359,-0.122013088518638,-1.18587342702679,0.802668390096729,-0.272818866833064,9.72691481851662e-13
11.63,0.4820464,-0.09548207,-1.10715454627824e-05,-4.48742937036029e-10,-0.827033868017339,0.61893060317616,-0.0193007222575324,-0.115823782486876,-1.11122199789134,0.870042240397389,-0.000495400700533713,5.87118669180767e-10
11.64,0.4855892,-0.08975523,-1.41307422198778e-08,-1.4371536750072e-07,-0.724162716707766,0.697495664482945,-0.0265423494246101,-0.108848825842047,-1.03339436641405,0.937137117131886,-6.59625470138749e-07,1.78335249574042e-07
11.65,0.4885088,-0.08249137,-1.33117417693379e-11,-2.92414203378971e-05,-0.630173124241115,0.777855975991068,-0.0328440806670212,-0.101070266082136,-0.9534358253879,1.00468149494363,-6.53672519811193e-10,3.46453419828051e-05
11.66,0.4903545,-0.07364547,-1.2980176637536e-14,-0.00396706972358085,-0.54860581961767,0.859698641873214,-0.0383301388631979,-0.0924732796634039,-0.875374472726546,1.07222749705819,-6.7422671017741e-13,0.00451672800025132
11.67,0.4900838,-0.06370338,-3.57743779808747e-17,-0.285359192633797,-0.487421323323651,0.938479706194796,-0.0432043520964344,-0.0830884826014559,-0.808181622304522,1.13791261791218,-1.96385936890662e-15,0.31434281932373
11.68,0.4880658,-0.05204358,-2.91472178471288e-19,-4.50938032508531,-0.442370882850506,1.01889410879958,-0.0476280609249395,-0.0728995415134601,-0.752492778316479,1.2032876196852,-1.68800247446712e-17,4.83188452307204
11.69,0.4834596,-0.03934127,-2.08846608715566e-20,-6.1406023930563,-0.419234611237075,1.09487992828827,-0.0518204070373102,-0.0619507422305774,-0.71566472892921,1.26653239251918,-1.26009155144142e-18,6.43608654100047
11.7,0.4773938,-0.02421574,-5.16873724370165e-21,-6.31087638120928,-0.407242060952164,1.17732600297166,-0.0558928276468319,-0.0501774822008607,-0.689517125070947,1.33002598142562,-3.22225692922313e-19,6.49822885469316
11.71,0.4691178,-0.007618375,-9.23007206281941e-21,-6.39597900031833,-0.41162612380857,1.2575614852676,-0.0600090888849176,-0.0376018673481848,-0.678554014750746,1.39166580942877,-5.83979503134913e-19,6.49993289655468
11.72,0.4592566,0.01096381,-5.28474063473203e-20,-6.45412731356926,-0.425956511797179,1.33932903606006,-0.0642686540028894,-0.0242085769875842,-0.676299625774989,1.45189520827886,-3.35407693780188e-18,6.49999708255749
11.73,0.4478473,0.03127458,-7.54809427978294e-19,-6.48809804712386,-0.449016872184814,1.41991239357175,-0.0687588227247375,-0.0100094530518667,-0.680775284256938,1.5102567485946,-4.76108192814219e-17,6.49999984176727
11.74,0.4359577,0.05408209,-8.71292405773431e-18,-6.4999514213848,-0.471297310088733,1.50500528474493,-0.0734717958256249,0.00504059979558262,-0.68359792737114,1.56692953211604,-5.47479025130319e-16,6.49999999137239
11.75,0.4234196,0.07868974,-9.44084330656722e-17,-6.49164664166133,-0.494057163913411,1.58811056953669,-0.078412367464759,0.0209217054909495,-0.685894769462452,1.62151220219283,-5.91390285786877e-15,6.49999999941522
11.76,0.4100398,0.1045518,-1.09626858231683e-15,-6.46533656271137,-0.518651537651273,1.66446911812147,-0.0835988828412717,0.0375663966721641,-0.688673940460684,1.67414284934572,-6.84188612697161e-14,6.49999999994459
11.77,0.3970571,0.1324635,-5.23473459783663e-15,-6.42312627433256,-0.534743937994181,1.74045703721994,-0.0889463222212135,0.0549709670443636,-0.684588617713127,1.72478351849162,-3.28487309275522e-13,6.49999999999413
11.78,0.3836315,0.1610989,-2.15711121193159e-14,-6.36619819215238,-0.549685877889678,1.80499690388145,-0.0944431810001103,0.0730209360831781,-0.679484301193511,1.77409983634453,-1.36304109166023e-12,6.49999999999906
11.79,0.3697393,0.1899868,-7.8727583037646e-14,-6.29504413186129,-0.563648099742927,1.85479970877205,-0.10007966199754,0.0915689331708986,-0.673588859690595,1.82264676439573,-5.01562785436708e-12,6.49999999999976
11.8,0.3558589,0.2192212,-1.84118640407232e-13,-6.21024696855374,-0.572736471928437,1.89144556548082,-0.105807026716824,0.110483388825707,-0.664421788683979,1.87057648148181,-1.18855640998785e-11,6.49999999999991
11.81,0.3418219,0.2483116,-3.25295896573451e-13,-6.11125410675413,-0.578628766718603,1.91180562190296,-0.11159331438401,0.129601445044736,-0.653375225301129,1.91847629192021,-2.13509581025889e-11,6.49999999999995
11.82,0.3272226,0.2765,-5.86603921077905e-13,-5.99600096589715,-0.584804285004417,1.91096766784355,-0.117441357234054,0.148711121723172,-0.642849359167838,1.96726928000815,-3.91481960946976e-11,6.49999999999995
11.83,0.3122028,0.3037717,-9.75238520831587e-13,-5.86354126660568,-0.590037902000125,1.8904851986983,-0.123341736254055,0.167615973710155,-0.632038550674574,2.01710614692949,-6.62641786469501e-11,6.49999999999992
11.84,0.2962866,0.3292132,-2.05284493745219e-12,-5.70917568802849,-0.598195688942807,1.84473626487569,-0.129323693143483,0.186063336358912,-0.623396968643223,2.06930528628467,-1.41588025849992e-10,6.49999999999975
11.85,0.279588,0.3528782,-4.90804226568042e-12,-5.53084299311436,-0.608048843074505,1.77643358048655,-0.135404181574228,0.203827672163777,-0.616003101394415,2.1239615376645,-3.43020955389146e-10,6.49999999999844
11.86,0.2620702,0.3745946,-1.33159316006283e-11,-5.3251184508308,-0.619674458339885,1.68641709967298,-0.141600926157627,0.220691843160507,-0.609805350601828,2.18152135626601,-9.41276931477467e-10,6.49999999998093
11.87,0.2439413,0.3944669,-3.51389914409494e-11,-5.08997380969712,-0.63115469415663,1.57780834451363,-0.147912473099194,0.236469926605644,-0.603571971670751,2.24197106164883,-2.51305512884838e-09,6.49999999953331
11.88,0.2246226,0.4118135,-1.27168606642126e-10,-4.81677425494739,-0.647076162535196,1.44732469815584,-0.154383234724546,0.250943173587202,-0.599966163006509,2.30686412787812,-9.15734157554535e-09,6.49999997095778
11.89,0.2049506,0.427393,-3.64914045058512e-10,-4.50917213251379,-0.660207257668137,1.30358581688682,-0.160985307301227,0.26397903175607,-0.594653495017383,2.37479168071069,-2.65475179883802e-08,6.49999583525023
11.9,0.1846749,0.4408192,-9.80999700055174e-10,-4.15966781418735,-0.672687483449462,1.14547062889118,-0.167712182135722,0.275433738044982,-0.588983519913179,2.44680594424747,-7.21633768569848e-08,6.49820808500999
11.91,0.1640342,0.4522957,-2.15937932904807e-09,-2.65789154303557,-0.682540693935337,0.97674897110776,-0.174537589075075,0.285201227756059,-0.581919645786137,2.52251830603298,-1.6109083090345e-07,4.57972629855496
11.92,0.1432807,0.462028,-3.4441836145037e-09,-0.00117681847675303,-0.687860391361408,0.800977916078445,-0.181416192988689,0.293211006916844,-0.572563520525057,2.60136976461875,-2.6184491175548e-07,0.00228642697316633
11.93,0.12257,0.470133,-3.76820103089926e-09,-2.38142308410432e-08,-0.68770192744087,0.620766089015607,-0.188293212263098,0.299418667807,-0.560590210914122,2.68291154294016,-2.93630712039947e-07,5.3740418449326e-08
11.94,0.1022693,0.47692,-2.38300264912264e-09,-6.09865551122022e-14,-0.679524804800003,0.440083485627241,-0.195088460311098,0.303819502663272,-0.544824854720099,2.7659114764849,-1.91916448725248e-07,1.66454661584823e-13
11.95,0.08206017,0.4822418,-1.0840322799213e-09,-2.71971264649547e-20,-0.66657795022018,0.258940167972142,-0.2017542398133,0.306408904342994,-0.527155698951359,2.85061304226723,-9.06044146586239e-08,9.53393646166588e-20
11.96,0.06254528,0.4865727,-2.5618167496079e-10,-1.78050592433237e-25,-0.64444862405853,0.0823134606928306,-0.208198726053885,0.307232038949922,-0.505308630902973,2.9349309218002,-2.2397652724315e-08,8.68737433952927e-25
11.97,0.04355587,0.4898427,-3.5522607440085e-11,-1.28583778373374e-25,-0.615363061516163,-0.0895914039271588,-0.214352356669046,0.306336124910651,-0.480530148371836,3.0188179895731,-3.25753794406446e-09,1.03253518340578e-24
11.98,0.02524962,0.4922395,-2.65034861174705e-12,5.88200861179539e-22,-0.578781060389545,-0.254554955521453,-0.220140167272942,0.303790575355436,-0.452514057688513,-2.6423208861617,-2.54454136500534e-10,5.20493473432202e-20
11.99,0.007564812,0.4937369,-1.10725482439797e-13,2.13744251499426e-16,-0.536025165987979,-0.412287587937364,-0.225500418932822,0.299667699476062,-0.42191702877118,-2.53040503928048,-1.10001857054969e-11,1.50706083140906e-14
12,-0.00946635,0.4943483,-2.52037480128729e-15,1.41925101195892e-11,-0.48759532882551,-0.562250502307577,-0.230376372221077,0.294045194452987,-0.388918133299884,-2.42940418035258,-2.53286828208571e-13,8.59883256450246e-10
12.01,-0.02585547,0.4940507,-3.06365960463804e-17,1.34038285819312e-07,-0.434342867216319,-0.70428617993748,-0.23471980089324,0.287002332653612,-0.353872989254762,-2.33767327804648,-3.06478695703142e-15,7.38618672155408e-06
12.02,-0.04194899,0.4926843,-2.49534607913557e-19,0.000271441718584282,-0.379784102994911,-0.839390502143662,-0.238517641923189,0.278608427632175,-0.318653929637227,-2.25318936002806,-2.50987907529572e-17,0.0139608532310605
12.03,-0.05747122,0.4903563,-1.09849981019017e-21,0.0719502533448866,-0.322144065434731,-0.966393502062214,-0.241739082577536,0.268944492611553,-0.282140672332514,-2.17517522006362,-1.16187849674773e-19,3.50250687680231
12.04,-0.07261489,0.4869609,-3.20821793402078e-24,0.139161172103191,-0.263590584148861,-1.0859650351186,-0.244374988419025,0.258084842260367,-0.245478274628058,-2.10224175183568,-3.93009612334299e-22,6.47346527811034
12.05,-0.08738252,0.4825979,-6.98901543666668e-27,0.145011374311489,-0.204589715374919,-1.19712764608154,-0.246420885572774,0.246113565799552,-0.208843493380855,-2.03378882442137,-1.2288598869538e-24,6.49971397240493
12.06,-0.1015144,0.477343,-8.27406252882185e-30,0.149448919597327,-0.143459979948812,-1.29922723078094,-0.247855485372262,0.233121293491742,-0.171128459370935,-1.96917064222251,-4.57082976910227e-27,6.49999391011105
12.07,-0.1158181,0.4713232,6.96451367989358e-32,0.153100026351601,-0.087276591909351,-1.39130786434307,-0.248728251291356,0.219208214848312,-0.136505479096616,-1.90788313302818,-7.24217519864965e-29,6.49999976257747
12.08,-0.1291637,0.4647463,-5.22582768261894e-34,0.156044777974338,-0.0268893715902649,-1.47190623404539,-0.248997145007259,0.204489152507858,-0.0993346898785989,-1.84954648019197,-5.6042504055521e-30,6.49999998373161
12.09,-0.1417604,0.4580902,-3.97849049307632e-32,0.158347062179165,0.0352868712313423,-1.53759421271451,-0.248644276294945,0.189113210380713,-0.0609559047095776,-1.79404715541551,-6.43185111448013e-30,6.49999999796851
12.1,-0.1533794,0.451488,-9.76066989172109e-31,0.160088767877191,0.100551136564455,-1.58806365404644,-0.247638764929301,0.173232573840248,-0.0204285895493437,-1.74073419653613,-1.44798445609164e-28,6.49999999956239
12.11,-0.1637932,0.445157,6.18295521142671e-28,0.161329839941457,0.17006621196424,-1.62245537456174,-0.245938102809658,0.157008020094631,0.0231312652071871,-1.68910009629712,-3.95668046684231e-26,6.49999999984039
12.12,-0.1727799,0.4392875,3.44513410815747e-24,0.162114929040578,0.244824790147259,-1.64029853207568,-0.243489854908186,0.140605034773874,0.0705221833261488,-1.63863375421143,-5.27511676728519e-23,6.49999999990289
12.13,-0.1803507,0.4339386,1.51233050508506e-20,0.162472870041655,0.323825080973375,-1.64231315356208,-0.240251604098452,0.124181903238253,0.121284530003454,-1.58879934332143,-1.22977641990765e-19,6.49999999990489
12.14,-0.1861557,0.4293809,5.9256817771923e-17,0.162416216531062,0.409030386615274,-1.62757753337662,-0.236161300232299,0.107906127904487,0.176810361576753,-1.53915809680005,-3.34451180962525e-16,6.49999999984576
12.15,-0.190389,0.425578,1.42054559526017e-13,0.161943373116967,0.497813595338741,-1.59780083101159,-0.231183164278912,0.0919281195943711,0.235554150485451,-1.48922845777027,-6.11780220424119e-13,6.49999999960107
12.16,-0.1929583,0.4227841,1.99253811445617e-10,0.161037746450979,0.590046531125783,-1.55233606167846,-0.225282698967654,0.0764047589775865,0.297497550638521,-1.43852826382485,-6.83455629602734e-10,6.49999999827275
12.17,-0.1939255,0.42108,1.50688083436713e-07,0.159667242929662,0.684344323713262,-1.49207392942793,-0.218439255730521,0.0614840196833073,0.36179161930634,-1.38655816672978,-4.26636201993016e-07,6.49999998726568
12.18,-0.1932585,0.4206965,6.37966227693365e-05,0.157778692395409,0.780175800525452,-1.4167328303085,-0.210637497725267,0.0473166913802223,0.428081399179124,-1.33267441672601,-0.000153616606426864,6.49999982765001
12.19,-0.190958,0.421758,0.0156245231766503,0.155296129591121,0.876777483085981,-1.32700297389066,-0.201869722894407,0.0340466616413157,0.495841247343195,-1.27617608478916,-0.0328098848462825,6.49999540618504
12.2,-0.1870243,0.4241865,1.40454024635372,0.152125244863121,0.973443378563271,-1.22522705355275,-0.192135289108774,0.0217943911057882,0.564568180110755,-1.2164964810067,-2.62364318394643,6.4997496008442
12.21,-0.181483,0.4277287,3.78375886652795,0.147567254915599,1.06932119935285,-1.11504068981241,-0.181442077115246,0.010643984207664,0.633687317965007,-1.15338000032171,-6.38987084886477,6.47210537808892
12.22,-0.1747448,0.4319502,4.19101312834265,0.0740519253721161,1.16052645024584,-1.00128852980689,-0.169836812612787,0.000631098909595123,0.70114872245374,-1.08717618540628,-6.49776160243956,3.35460564844197
12.23,-0.1668007,0.4362065,4.51013109189488,0.000409602028085066,1.24690027760898,-0.890126483368909,-0.157367809836698,-0.00827016592409397,0.76701563058851,-1.01929833923973,-6.49992924673128,0.0192817506807058
12.24,-0.1576674,0.4399166,4.80171738813152,8.24533238542231e-07,1.32812030069599,-0.786695028264802,-0.144086606829738,-0.016137116206742,0.831289549803736,-0.951857247420875,-6.49999665806028,4.05320300901864e-05
12.25,-0.1476238,0.4424738,5.0637041432593,1.7382819112053e-09,1.40181000471831,-0.695878616553957,-0.130068506782555,-0.0230959023722816,0.893157246626778,-0.887833199446587,-6.49999975712559,8.94419437363265e-08
12.26,-0.1360834,0.4437149,5.30520378538489,4.7229723924187e-12,1.47280566960554,-0.618548148854332,-0.115340450086499,-0.0292813838608249,0.95475282973049,-0.829092109904052,-6.49999997815982,2.54620132767275e-10
12.27,-0.1245153,0.4418787,5.51100121339285,6.7332328777152e-14,1.52901075606519,-0.56815934185722,-0.100050342525847,-0.0349629772793971,1.01184998437403,-0.783846603612277,-6.49999999648441,3.77970886781888e-12
12.28,-0.1098182,0.4403899,5.71244112605459,5.29004602612748e-16,1.59621121835294,-0.515570404695401,-0.0840882303423179,-0.0401186813263511,1.07333906554703,-0.738234697545344,-6.49999999957508,3.11068411169265e-14
12.29,-0.09262633,0.4383603,5.89624581007042,4.4685645372065e-18,1.66795354986881,-0.468365839507767,-0.0674086948436298,-0.0448023397214288,1.13629086148951,-0.696385896598242,-6.49999999995147,2.76101846800658e-16
12.3,-0.07474571,0.4336269,6.04978337197875,3.09382204013815e-19,1.72884248144105,-0.443650379709377,-0.0501202700292193,-0.0492388435185225,1.19633677233823,-0.668442720098396,-6.49999999999176,1.98553852355847e-17
12.31,-0.05455629,0.4283238,6.1823476685836,2.92692457979149e-20,1.79237626934187,-0.422765899966308,-0.0321965073358006,-0.0534665025181856,1.25680189947845,-0.643683951532711,-6.49999999999863,1.95070692117618e-18
12.32,-0.03281322,0.4218466,6.29029621429556,6.98839136550053e-21,1.85182497173842,-0.4103447085324,-0.0136782576184163,-0.0575699496035096,1.31602983802618,-0.624787246654667,-6.49999999999973,4.80823871470593e-19
12.33,-0.009542696,0.4145553,6.37459629193333,2.982835760218e-21,1.90689461882908,-0.402910522526947,0.00539068856987444,-0.0615990548287791,1.37399768950083,-0.609523491381049,-6.49999999999994,2.10960954791598e-19
12.34,0.01501635,0.4066724,6.43620066776842,1.79921693479269e-21,1.95563025701678,-0.398328489397802,0.0249469911400422,-0.0655823397227571,1.43053734054012,-0.596481307183564,-6.49999999999998,1.30430870889014e-19
12.35,0.04079469,0.3984806,6.47653405340199,1.14027881033864e-21,1.99764046742312,-0.394135108575409,0.0449233958142734,-0.0695236908085112,1.48577719685529,-0.584111479829168,-6.49999999999999,8.4693740589502e-20
12.36,0.06748104,0.390149,6.49687601969411,6.40998584744443e-22,2.03066059691968,-0.388968668302573,0.0652300017834702,-0.0734133774915369,1.53978371146327,-0.57158965836125,-6.5,4.88290773319433e-20
12.37,0.09446704,0.381678,6.49843144810759,3.22453488091121e-22,2.05027576930769,-0.382924152995171,0.0857327594765472,-0.0772426190214886,1.59277113173652,-0.558981548824688,-6.5,2.52108022588876e-20
12.38,0.1217378,0.3734856,6.48201215632419,9.53194935606869e-23,2.05728889124291,-0.372770620783076,0.106305648388976,-0.0809703252293194,1.64522780287632,-0.544416131946887,-6.5,7.68320605511229e-21
12.39,0.1487269,0.3654734,6.44773564876327,1.86966880390013e-23,2.04808335552814,-0.359672953291247,0.126786481944258,-0.0845670547622318,1.6977253764915,-0.528642697347334,-6.5,1.5578287970611e-21
12.4,0.1750098,0.3576334,6.39476277746434,2.47474444978232e-24,2.02057956307133,-0.344003188393522,0.146992277574971,-0.0880070866461671,1.75103119346208,-0.511906224219358,-6.5,2.13483675336199e-22
12.41,0.2004901,0.350282,6.32134963438979,1.54054052018969e-25,1.97562482674761,-0.323536402852572,0.166748525842447,-0.0912424506746928,1.80584997411663,-0.492905272714657,-6.49999999999999,1.38028715905499e-23
12.42,0.2246588,0.3430598,6.22400053624342,6.77614258078349e-27,1.91079554084342,-0.3016360746368,0.185856481250881,-0.0942588114210608,1.86332311848977,-0.473644913179004,-6.49999999999996,6.29050897066022e-25
12.43,0.2472577,0.3359155,6.09749597025603,2.23365868843507e-28,1.82600754512882,-0.278954932574949,0.204116556702169,-0.0970483607468103,1.9246384737243,-0.454486162665115,-6.4999999999996,2.13839407811392e-26
12.44,0.268107,0.3287937,5.9344184585818,5.93837079018925e-30,1.72194762660846,-0.256130686479302,0.221336032968254,-0.0996096676116033,1.991131544396,-0.435777778701521,-6.49999999999318,5.82349599150279e-28
12.45,0.2870059,0.321411,5.72408816687917,1.92659503550429e-31,1.59920377153789,-0.235563065874937,0.237328070683633,-0.101965298270353,2.06448567844406,-0.418936588451071,-6.49999999975945,1.91816926678805e-29
12.46,0.3039106,0.3137845,5.45271066669646,7.75652078047886e-33,1.45970419508476,-0.217059540379676,0.251925112634481,-0.104135893674149,2.14642485179586,-0.40379419949993,-6.49999998090168,7.77964011058925e-31
12.47,0.3188332,0.305949,5.10284267131698,3.80570425267562e-34,1.30578057707911,-0.200284003571472,0.264982918405272,-0.106138733709864,2.23878423024643,-0.390097343272389,-6.49999618716029,3.82453281516608e-32
12.48,0.3318049,0.2978763,4.65211478032181,2.4569989341251e-35,1.13982767766911,-0.185422305902549,0.276381195181963,-0.10799295676889,2.34345606035261,-0.377917384393384,-6.49775865286822,2.46727933633384e-33
12.49,0.3429126,0.2894732,2.35001822718134,2.49981405389459e-36,0.964573791853152,-0.173145711936172,0.286026933100494,-0.109724413888251,2.4619456157409,-0.367623647349217,-3.73943701733161,2.50626126637e-34
12.5,0.3521963,0.2807223,0.000424959748817333,4.18732561752931e-37,0.782213403676487,-0.163455017518523,0.293849067137259,-0.111358964063437,2.59527892332037,-0.359166688959326,-0.00081739861270754,4.19208216944012e-35
12.51,0.3601793,0.2723582,4.952423029571e-09,3.32031616883089e-38,0.598699565672337,-0.15035638159595,0.299836062793983,-0.112862527879396,2.74024937792291,-0.348819958171117,-1.26814579171325e-08,3.31978877882383e-36
12.52,0.3668139,0.2640037,5.78176113151235e-15,2.50126382105052e-39,0.4149224092262,-0.137194033586928,0.303985286886245,-0.114234468215265,2.89461818317446,-0.338667292835911,-2.37865947774382e-14,2.50063166582848e-37
12.53,0.3724911,0.2562147,1.26430771023416e-21,7.052822572654e-41,0.235230917994642,-0.119627397551561,0.306337596066191,-0.115430742190781,3.05148808269738,-0.326013445019659,-1.43024252203251e-20,7.06949651374471e-39
12.54,0.3774274,0.2491527,-2.37967371987304e-27,6.53354249394523e-43,0.0621956960011332,-0.0968273741135288,0.306959553026202,-0.116399015931916,-3.07890672854467,-0.310344833514912,-4.01610735996256e-25,6.61152796045423e-41
12.55,0.3818328,0.2431394,-1.72764026219862e-26,1.89448649495044e-45,-0.101914170820233,-0.0667918190501826,0.305940411318,-0.117066934122418,-2.79692922281205,-0.290368478892051,-1.72698541437849e-24,1.96917824252705e-43
12.56,0.3858061,0.2378294,-5.72945430103078e-22,1.2039054589816e-47,-0.255963728925906,-0.0330221756898048,0.303380774028741,-0.117397155879316,-2.70426065762064,-0.268214095121299,-5.60890774334922e-20,1.32603166247121e-45
12.57,0.3895537,0.2338089,-5.64397263561986e-17,1.73011261935497e-48,-0.398109390088774,0.00863157193164099,0.299399680127853,-0.11731084016,-2.62134801765232,-0.241085195458062,-4.78575164305361e-15,2.17992642346099e-46
12.58,0.3931589,0.2311003,-1.01859288269067e-12,1.93293896133287e-46,-0.527718994741921,0.057463404391962,0.294122490180434,-0.11673620611608,-2.54725164429039,-0.209199430970473,-7.41476582938349e-11,3.38020220575422e-44
12.59,0.3966299,0.2293955,-2.79013740798287e-09,2.05863763341782e-42,-0.644898354787188,0.110146872892649,0.287673506632562,-0.115634737387154,-2.48068992347533,-0.174482043625134,-1.81053740318627e-07,9.5061408707239e-40
12.6,0.3999882,0.2286802,-1.58231495307173e-06,-9.45236412205715e-38,-0.749716120297535,0.165932670600268,0.280176345429587,-0.113975410681151,-2.42055646095187,-0.137175351998331,-9.48688252970558e-05,1.01328867971192e-34
12.61,0.4032673,0.2292547,-0.000254596957015733,4.65588425827756e-33,-0.842217411542912,0.226606687839611,0.271754171314158,-0.111709343802755,-2.36592280448619,-0.0957335688589408,-0.0144044431968757,8.67882765329377e-30
12.62,0.4063472,0.2303797,-0.0140383905541293,8.25506564730205e-28,-0.923755760726291,0.285524011542577,0.262516613706895,-0.108854103687329,-2.3155083024283,-0.0545311137127344,-0.75875437147029,1.17075698851597e-25
12.63,0.4092056,0.2322667,-0.09824211935918,2.02360854466348e-24,-0.994861172825157,0.344130867713945,0.252568001978643,-0.10541279501019,-2.26856099296216,-0.0123472948119878,-5.11217000850126,4.19600138802645e-22
12.64,0.4119413,0.2349264,-0.126631528291924,-1.13085844850806e-20,-1.05511363168253,0.402164087032011,0.242016865661818,-0.101391154139869,-2.22478851105473,0.0308527336237336,-6.37892132785117,5.03665243978837e-19
12.65,0.4143132,0.2378282,-0.132544561581349,-1.05579129200608e-17,-1.10692863344065,0.4550857842213,0.230947579327411,-0.0968402962976565,-2.1830208160448,0.0718404095260301,-6.48608832483296,1.57911481807302e-16
12.66,0.4161756,0.2407812,-0.136319700639524,-1.67990496399912e-15,-1.15181283268248,0.501447400604745,0.219429451000587,-0.091825822291609,-2.14255043014226,0.109522591458045,-6.49772700250396,1.52158607230836e-14
12.67,0.4172366,0.2434586,-0.139704832373183,-6.63007333265337e-14,-1.19237480369364,0.538879830122266,0.20750570296365,-0.0864370239903864,-2.10244773665139,0.141960388869623,-6.49953408874117,4.60597056261346e-13
12.68,0.4182464,0.2464189,-0.142729829409531,-1.40201997624521e-12,-1.22265863813683,0.572285742800059,0.195279116582282,-0.0807141665623858,-2.06429035355844,0.172891100722944,-6.49985066876957,8.08001170451871e-12
12.69,0.4183384,0.2487464,-0.145588884685244,-9.58613608189373e-12,-1.25025547418929,0.594497785134293,0.182776561840389,-0.0747691887110429,-2.0258867154026,0.196367905525021,-6.49994587801856,4.90704897682327e-11
12.7,0.4177347,0.2505815,-0.148239812037274,-2.80931544108167e-11,-1.27340912566611,0.607373959551219,0.170042470583728,-0.0686954491155307,-1.98765692580548,0.213417276580195,-6.49997641582772,1.32962735967781e-10
12.71,0.4163974,0.25181,-0.150684778529263,-3.62938575509568e-11,-1.2926228115043,0.610660135939435,0.157116242468685,-0.0625888477561363,-1.94943906077812,0.223239156301344,-6.49998797491059,1.64570957033995e-10
12.72,0.4145534,0.2525509,-0.152897499885919,-2.40779243843121e-11,-1.30625714352635,0.606037754926616,0.144053671033421,-0.0565284702068702,-1.9115447256634,0.226587910534377,-6.49999241016509,1.07634458227738e-10
12.73,0.4120855,0.2527098,-0.154891800499665,-7.97020730474463e-12,-1.31560567487309,0.593406757557704,0.13089761428469,-0.0505944026312931,-1.87365751013399,0.22260032239931,-6.49999438082631,3.62392338896981e-11
12.74,0.4091513,0.252364,-0.15665575955253,-1.4106826179785e-12,-1.31967764226069,0.574090798598983,0.117700837862084,-0.0448534946453033,-1.83591588354675,0.211632169124849,-6.49999494763413,6.73003177116345e-12
12.75,0.4058981,0.2517557,-0.158184821422534,-1.58988767852433e-13,-1.31767757852311,0.550664519260024,0.104524062076852,-0.0393468494527031,-1.79838521078464,0.195394247143722,-6.49999431996934,8.17636506498724e-13
12.76,0.4024061,0.2509057,-0.159481041637605,-1.14110066810174e-14,-1.30945361591953,0.523762421406818,0.0914295259176572,-0.0341092252386349,-1.76100748992885,0.17392074560568,-6.49999195356287,6.54002733029389e-14
12.77,0.3988503,0.2503763,-0.160544044064748,-8.15296362367536e-16,-1.29414618652852,0.498298874049308,0.0784880640523719,-0.0291262364981418,-1.72379896948923,0.15204944424242,-6.49998507608553,5.30200634497896e-15
12.78,0.3952764,0.2500075,-0.16137747148877,-5.0396337324857e-17,-1.27204695573844,0.473047405370443,0.0657675944949876,-0.0243957624444374,-1.68661791987131,0.128499966383105,-6.49996379491798,3.86353375358042e-16
12.79,0.3916567,0.2501045,-0.161981859984563,-3.55816498682741e-18,-1.24406096087336,0.450576429745911,0.053326984886254,-0.0198899981469782,-1.64927903447496,0.106282537141068,-6.49988756761787,3.33022347515358e-17
12.8,0.38796,0.2508231,-0.162349505192649,-3.40723049144203e-19,-1.21108682648765,0.432043474936003,0.0412161166213775,-0.0155695633976182,-1.61162953987088,0.0871401648354215,-6.49956192107827,4.01214698467272e-18
12.81,0.3841063,0.2523033,-0.162447661344352,-5.37721104926768e-20,-1.17437312116211,0.4183666028796,0.0294723854097564,-0.0113858973688222,-1.5735373622182,0.0727082678814013,-6.49793160279379,7.92140933633722e-19
12.82,0.3800513,0.2548685,-0.162103338764885,-2.15831459934778e-20,-1.13480793311318,0.411812576806719,0.0181243060786246,-0.00726777160075502,-1.53493232465218,0.0665438894611615,-6.48843215511108,3.55856388474046e-19
12.83,0.3755369,0.2583386,-0.160311862170467,-1.82435670078712e-20,-1.09494190977481,0.410423794111183,0.0071748869808765,-0.00316353365964319,-1.495811692028,0.0669145290745311,-6.43109279517586,2.98665422175594e-19
12.84,0.370478,0.2627334,-0.151353004224817,-3.1858252063002e-20,-1.05573247910372,0.413951338443833,-0.00338243781016067,0.000975979724795134,-1.45627862704625,0.0741885043649949,-6.09525079861439,4.57549692919803e-19
12.85,0.3647812,0.2681644,-0.114197670047428,-1.17306989874034e-19,-1.0181233217213,0.42286237237415,-0.0135636710273736,0.00520460344853663,-1.41651057971011,0.0898214967010643,-4.62449503939172,1.3320179796788e-18
12.86,0.3583708,0.2744605,-0.0476531660376709,-6.47961790177538e-19,-0.982827691113773,0.43530835358578,-0.0233919479385114,0.00955768698439444,-1.37674290385584,0.112024060284237,-1.94370292087554,5.72791006461032e-18
12.87,0.3512858,0.28161,-0.0113588122692434,-4.77683813434484e-18,-0.949563419438043,0.450829044408928,-0.0328875821328918,0.0140659774284837,-1.33714824326319,0.140913171070224,-0.467430643128796,3.34250254094957e-17
12.88,0.3436088,0.2895793,-0.00221719291903232,-4.2410647404229e-17,-0.917708628297957,0.468808086784566,-0.0420646684158714,0.0187540582963294,-1.2978263096955,0.1763908541579,-0.0922012816942686,2.39899414527186e-16
12.89,0.3353194,0.2980665,-0.000428478755619451,-3.32268454961168e-16,-0.887510077095654,0.486528982685178,-0.0509397691868279,0.0236193481231812,-1.25898590243335,0.214825352092923,-0.0180335153497621,1.56281455506365e-15
12.9,0.3266819,0.3071676,-7.60757851625446e-05,-2.52107992870826e-15,-0.85689486677789,0.504655494891745,-0.0595087178546068,0.0286659030720986,-1.22035339232963,0.257874540585608,-0.0032457221970958,9.94579106300067e-15
12.91,0.3178756,0.3167407,-1.15495462282005e-05,-1.62874317772025e-14,-0.824645011650629,0.521901324708742,-0.0677551679711131,0.033884916319186,-1.18169193673321,0.303948285514135,-0.000500357682868636,5.47022205565358e-14
12.92,0.3090633,0.3266737,-1.390733797159e-06,-8.29635191380436e-14,-0.789781003761923,0.537328212628349,-0.0756529780087323,0.0392581984454695,-1.14272365883657,0.351834909755519,-6.12932909756546e-05,2.41378396229366e-13
12.93,0.3004286,0.336876,-1.20768105372313e-07,-3.18753568060063e-13,-0.751253523443702,0.550251322344694,-0.0831655132431693,0.0447607116689165,-1.10305546791156,0.400603073140544,-5.42609521641258e-06,8.17666802758231e-13
12.94,0.2921322,0.3470404,-6.86791084438202e-09,-7.59497557083438e-13,-0.708305122835871,0.558334599634549,-0.0902485644715281,0.0503440576652619,-1.06227902399893,0.445806138265403,-3.15341560352251e-07,1.76018085752534e-12
12.95,0.2842286,0.3572273,-2.42675207066226e-10,-1.23977705741885e-12,-0.661121617122303,0.562377749771644,-0.0968597806427511,0.0559678351629784,-1.02023141959136,0.488696224746596,-1.14173420670223e-08,2.63830276175371e-12
12.96,0.276759,0.3669448,-5.01442077687476e-12,-1.00506936622028e-12,-0.610006181340761,0.558755521124485,-0.102959842456159,0.0615553903742232,-0.976774583197878,0.520791102610023,-2.42442941969714e-10,2.0182753733326e-12
12.97,0.2698306,0.3762368,-5.33571917136129e-14,-4.39414329168361e-13,-0.554735761790988,0.548434163197856,-0.108507200074069,0.0670397320062018,-0.931518932208387,0.541821304141417,-2.65995608581095e-12,8.51474187248928e-13
12.98,0.2631883,0.3848867,-3.26148624666889e-16,-8.98209086334454e-14,-0.498037161230917,0.530278081863681,-0.113487571686378,0.0723425128248386,-0.885445813270124,0.545123826517007,-1.68118703648923e-14,1.73105496172255e-13
12.99,0.256876,0.3927501,-1.02655282969075e-18,-7.58251651789414e-15,-0.440030908882989,0.503867801972198,-0.117887880775208,0.0773811908445606,-0.838458789069084,0.521792798531071,-5.49112092870322e-17,1.51999628485578e-14
13,0.2506956,0.3997499,-1.81889300398934e-21,-2.30722982706569e-16,-0.382775120059632,0.469403189841143,-0.121715631975804,0.082075222742972,-0.791576931759474,0.457974528126796,-1.01365884828377e-19,5.21410467952068e-16
13.01,0.2445263,0.4058185,-1.93281033184891e-24,-1.93595361206251e-18,-0.327539249237818,0.42719942555696,-0.124991024468182,0.0863472169985416,-0.745598129317831,0.329052063321786,-1.12752724746298e-22,6.01440288992316e-18
13.02,0.2382733,0.4109288,-1.34959309214187e-27,-1.89425002968733e-21,-0.275269243632476,0.377918242765185,-0.127743716904507,0.0901263994261935,-0.701266977374811,0.0989711668711546,-8.28734527936613e-26,1.92034478797992e-20
13.03,0.2316456,0.4150621,-9.60304786582945e-31,1.0523771138781e-25,-0.228387840789605,0.322282607266745,-0.130027595312403,0.0933492254988609,-0.660481564406329,-0.249804120676866,-6.23539363012067e-29,1.25735985869291e-23
13.04,0.2247416,0.4182121,-7.39966857127355e-34,1.57905430240632e-29,-0.185965233441381,0.261097329026999,-0.131887247646817,0.0959601987891309,-0.622905632459503,-0.634636200825661,-5.10809787853758e-32,1.06820853242372e-27
13.05,0.2174578,0.4203867,-9.42319092249967e-37,1.20211279877506e-34,-0.148739149125907,0.195252859819163,-0.133374639138076,0.0979127273873226,-0.589346425861782,-0.929370642254757,-6.92684836573793e-35,6.00179407989707e-33
13.06,0.209906,0.4216368,-2.32630272924305e-39,2.5659950113624e-41,-0.115625868966784,0.125942592668526,-0.134530897827744,0.0991721533140078,-0.559177499715161,-1.11203925814054,-1.81806240657393e-37,1.14769688867784e-39
13.07,0.2022087,0.4220793,-1.31505949031449e-41,9.7209544634023e-49,-0.0855175180737273,0.0548095821902077,-0.135386073008481,0.0997202491359099,-0.531630398092287,-1.21796253964189,-1.08887864081783e-39,4.15110529075753e-47
13.08,0.1944223,0.421613,-2.25571948756305e-43,2.84223154074408e-51,-0.0579057845685451,-0.0183513117317808,-0.135965130854166,0.0995367360185921,-0.506348255935759,-1.27919763459509,-1.96801638390338e-41,1.18851580513535e-49
13.09,0.1868906,0.4204148,-1.21382585393213e-44,4.34306598656129e-45,-0.0300044030829199,-0.0915086586988778,-0.136265174884996,0.0986216494316033,-0.480956073203386,-1.31275639733074,-1.11225534717324e-42,1.79852438709531e-43
13.1,0.1807067,0.4195194,-3.65443434805835e-45,-1.36066314162117e-37,0.00674776443485747,-0.155974651087218,-0.136197697240647,0.0970619029207311,-0.44769603807064,3.01342492581752,-3.53198944469572e-43,1.04585093785068e-36
13.11,0.1730758,0.4159769,-9.21158403395841e-45,-2.4269457986763e-32,0.0290287809819496,-0.235464639919094,-0.135907409430828,0.0947072565215402,-0.427553679969547,3.13738248271579,-9.10824318512416e-43,1.08958676729086e-29
13.12,0.1670553,0.4127919,-2.91422259945604e-43,-6.62471901932296e-28,0.0623492515993753,-0.304407468677082,-0.135283916914834,0.0916631818347693,-0.397004563461155,-3.0323532114073,-2.92710631891112e-41,8.47315642060755e-25
13.13,0.1619905,0.4091965,-1.07701522912064e-40,4.05018600208533e-23,0.100373320604529,-0.369298265776013,-0.134280183708788,0.0879701991770092,-0.361458965191737,-2.92002874230793,-1.07864439071043e-38,6.03972353947095e-21
13.14,0.1576672,0.4051285,-1.42531338494548e-37,8.23673340916242e-20,0.140771640670188,-0.430538579333366,-0.132872467302087,0.0836648133836756,-0.322750831039115,-2.80869204615329,-1.43057949779195e-35,8.24075672592685e-18
13.15,0.1543432,0.4007536,-3.71385567911197e-34,2.9383924337273e-17,0.185162778150731,-0.486707489785322,-0.131020839520579,0.0787977384858223,-0.278720017783605,-2.70102073668836,-3.96195645674842e-32,2.8657380400872e-15
13.16,0.1518178,0.3962006,-6.60476928861032e-31,3.96333045281875e-15,0.231338108446597,-0.5368233189653,-0.128707458436113,0.0734295052961693,-0.231122586583857,-2.59863030231143,-8.97882812764843e-29,3.20441219533976e-13
13.17,0.1500293,0.3913229,-3.2716136257652e-28,2.44049028550062e-13,0.278367883112063,-0.582208412479631,-0.125923779604993,0.067607421171373,-0.180502885711538,-2.49933922026603,-1.16210480008522e-25,1.6302865103108e-11
13.18,0.1488381,0.3864454,8.31249716572413e-26,6.02911336417523e-12,0.324765809755382,-0.620364076465551,-0.122676121507439,0.0614037804067175,-0.128180592646417,-2.4063869441597,-6.91186434109536e-23,3.5571177643627e-10
13.19,0.1479748,0.3812366,-5.52306734350722e-23,8.78020039793534e-11,0.36812828996276,-0.65424999354712,-0.118994838607811,0.0548612804712463,-0.076853494299278,-2.31520255539454,-1.55552802301526e-20,4.74433639775864e-09
13.2,0.1471296,0.3755866,-9.37816973000494e-21,8.79025631083797e-10,0.40593922538141,-0.684855310304082,-0.114935446353997,0.0480127273682055,-0.0297731963607479,-2.22440229310728,-1.18363807634757e-18,4.42676965107633e-08
13.21,0.1464001,0.3698048,3.51007915733062e-19,5.35426313213923e-09,0.43918378845051,-0.70978481497134,-0.110543608469492,0.0409148792184921,0.0140820924235776,-2.13651065537979,-4.09426604400777e-17,2.5425293764436e-07
13.22,0.1453045,0.3635891,2.04988936460273e-17,2.50240536679943e-08,0.464153521947528,-0.731722401249979,-0.105902073250017,0.0335976552059923,0.0493421317225349,-2.04840721010165,-4.97720639220006e-16,1.1300480998278e-06
13.23,0.1437262,0.3568803,1.62195409065766e-16,9.50541151384591e-08,0.480417655441947,-0.751230735950273,-0.101097896695597,0.0260853478464896,0.0745875482606986,-1.9597739334266,-2.31380298433006e-15,4.11778396022601e-06
13.24,0.1415787,0.349682,3.8048575677361e-16,2.98118316768553e-07,0.487872963942971,-0.768343022227489,-0.0962191670561676,0.0184019176242147,0.0886135518278778,-1.87093944939249,-4.39093733626813e-15,1.24996022174714e-05
13.25,0.1387719,0.341967,3.06981924650833e-16,7.95300661449804e-07,0.486454625001601,-0.783349358419578,-0.0913546208061516,0.0105684240400189,0.0899868959900629,-1.78216935449142,-3.47813271693345e-15,3.25583072990278e-05
13.26,0.1352123,0.333645,8.23311100460541e-17,1.91140419104872e-06,0.476130779778824,-0.79703169210562,-0.0865933130083634,0.00259810711896272,0.0770005783006475,-1.6937443405282,-1.12858849211719e-15,7.70554033978376e-05
13.27,0.131648,0.3255259,1.49527290807478e-17,2.79227775953845e-06,0.46367017305149,-0.802968243742508,-0.0819566112778485,-0.00543157531846236,0.0591842704317659,-1.60756723862296,-2.86677992086144e-16,0.000111768949478522
13.28,0.1263536,0.3157736,8.96003843761534e-20,6.39714044776228e-06,0.43550819677768,-0.816306939883564,-0.0776015293100717,-0.013594644717298,0.011959237919238,-1.52187384241405,-1.26501351807497e-17,0.000256201429729012
13.29,0.1212847,0.3064091,-4.40761524259124e-21,8.19855264587591e-06,0.408742088916942,-0.820320798370735,-0.0735141084209022,-0.0217978527010053,-0.0366938458495018,-1.43822476668362,-5.38307768594653e-19,0.00033093366689343
13.3,0.116034,0.2968467,-1.49003195866041e-23,8.22793795479262e-06,0.38017351912121,-0.820364472898475,-0.0697123732296901,-0.0300014974299901,-0.0923516991104178,-1.3560861659561,-1.4827793056465e-20,0.000337088819083629
13.31,0.1109064,0.2872686,6.68700400796546e-26,6.03258438625e-06,0.352575028588745,-0.815296937697013,-0.0661866229438027,-0.0381544668069602,-0.149526626180057,-1.27482289993229,-3.56055893660156e-22,0.000252603567247674
13.32,0.1060829,0.2778569,-4.90906348607755e-26,3.01710767065452e-06,0.327499178444526,-0.8041011491584,-0.0629116311593574,-0.0461954782985442,-0.20451659555036,-1.19340089569381,-9.26529800205448e-24,0.000130081142558875
13.33,0.1019322,0.2687579,-3.61609260040708e-27,9.74753560794777e-07,0.307858204705671,-0.786163505217696,-0.0598330491123007,-0.0540571133507212,-0.250875843407501,-1.11064963505032,-4.29544882812079e-25,4.36282044356787e-05
13.34,0.09881475,0.2601874,-5.80552160743143e-28,1.84108767349413e-07,0.296231771541727,-0.760408636718924,-0.0568707313968835,-0.0616611997179104,-0.282862309082851,-1.02479213998856,-6.13001793252344e-26,8.63821261446503e-06
13.35,0.09708522,0.2522394,-4.36440249032586e-28,1.93225285687587e-08,0.294891427361927,-0.726865848294571,-0.0539218171232642,-0.0689298582008561,-0.295197135399028,-0.934533600618496,-4.4988617559285e-26,9.61237477105841e-07
13.36,0.09727607,0.2452059,-2.85398001913712e-27,9.3437159335083e-10,0.307282023743671,-0.684038791318373,-0.0508489968858275,-0.0757702461140399,-0.279115241574766,-0.836909360188327,-3.04149250653408e-25,5.00445096396804e-08
13.37,0.09886938,0.238542,-5.52310520752734e-26,2.73545036041966e-11,0.328074790939995,-0.63725268914101,-0.0475682489764275,-0.08214277300545,-0.242865151213278,-0.736158985714919,-6.87767098645545e-24,1.61218979958197e-09
13.38,0.1028101,0.2327994,-1.33400640086334e-24,3.12706921191518e-13,0.36401999699112,-0.582731697876216,-0.0439280490065163,-0.0879700899842121,-0.165737598607828,-0.627090011795833,-1.06204926703139e-21,2.14289492218456e-11
13.39,0.1093592,0.2279921,-5.83683555412115e-21,1.17912069635455e-15,0.415753427779388,-0.521318200520087,-0.0397705147287224,-0.093183271989413,-0.0355766183826343,-0.509502545583796,-7.13846968529039e-19,1.02217099765938e-13
13.4,0.1183999,0.2239019,1.4211898453526e-16,1.70578335903319e-18,0.480734584167323,-0.455675116624525,-0.0349631688870492,-0.0977400231556582,0.152165992957176,-0.386702141272807,-9.23548797100481e-16,1.71417501839561e-16
13.41,0.1295531,0.2200249,4.08583840135706e-13,1.15890961012225e-21,0.554440871538606,-0.390547163817747,-0.0294187601716632,-0.101645494793836,0.38576439682254,-0.266792505124203,-1.08692598298504e-12,1.28292234517407e-19
13.42,0.1433759,0.2167536,8.42186953161546e-10,-9.7653215545308e-27,0.64014556862577,-0.323187425027367,-0.0230173044854055,-0.104877369044109,0.654681238731891,-0.146364454007662,-1.38317939392093e-09,2.35886419500972e-23
13.43,0.1585156,0.2127688,5.534663904177e-07,3.21338499601862e-29,0.725504432899003,-0.264666649303976,-0.0157622601564154,-0.107524035537149,0.897450510373283,-0.0447775966135133,-7.08011755070496e-07,4.0409019156938e-27
13.44,0.177552,0.2106235,0.000548337742957765,-1.15970029421839e-33,0.830619966217935,-0.194387412021708,-0.00745606049423607,-0.109467909657366,1.12417684450646,0.0721215163181091,-0.000607947220395744,1.725983235868e-32
13.45,0.196532,0.2065884,0.103565734276354,-8.19112591975472e-38,0.921601152818965,-0.143323313686087,0.00175995103395358,-0.110901142794227,1.28778873878266,0.153255679100199,-0.10785411989672,5.28691396826587e-37
13.46,0.2169222,0.2024352,4.05326504191969,-4.0371563841836e-42,1.01070952313114,-0.0962066721921513,0.011867046265265,-0.111863209516149,1.41828157864894,0.22522006794405,-4.10084330079285,1.8152060191448e-41
13.47,0.2377235,0.1972088,6.40555442064572,-3.69159990443396e-45,1.08951351484811,-0.0606001571798842,0.0227621814137461,-0.112469211087947,1.52334885402497,0.277571678421754,-6.41276787308566,1.35534479337888e-44
13.48,0.2588381,0.1913089,6.49015401919733,-6.2121191418995e-47,1.15752862312827,-0.0326393727971546,0.0343374676450288,-0.112795604815919,1.61238687673879,0.317644728303408,-6.4957685079868,1.99795038486568e-46
13.49,0.280032,0.184728,6.45248946850634,-1.26338640536678e-47,1.21328576553411,-0.0119477554705494,0.0464703253003698,-0.112915082370624,1.6913042239272,0.346860339014396,-6.49960297687003,3.72731704040033e-47
13.5,0.3009712,0.1774994,6.37862479448868,-1.00968406165698e-47,1.25471017366989,0.00218870608687105,0.0590174270370687,-0.112893195309756,1.76434099725985,0.366770000315946,-6.49992726512861,2.82086195162945e-47
13.51,0.3215683,0.1699375,6.27563827534725,-1.34717792927236e-47,1.2819542300035,0.0127013906995899,0.0718369693371037,-0.11276618140276,1.83435237460697,0.381755528822493,-6.49997572018482,3.62020789303911e-47
13.52,0.3407416,0.1613825,6.13889064527992,-1.40695905364768e-47,1.28729251326122,0.0145795967787254,0.0847098944697159,-0.112620385434973,1.90576115767536,0.38483052402229,-6.4999808514354,3.75161382106755e-47
13.53,0.3597394,0.1531325,5.97121265721052,-1.73020772597658e-47,1.2824004432389,0.0188060892882227,0.0975338989021049,-0.11243232454209,1.97702564500594,0.391276347813282,-6.49997765884031,4.54011605885939e-47
13.54,0.3779559,0.144785,5.76542291377556,-2.04240150038672e-47,1.26325344385293,0.0219778174892333,0.110166433340634,-0.112212546367198,2.05088085874658,0.396377381669396,-6.49995469725996,5.29285609748218e-47
13.55,0.3946319,0.1363451,5.50525510233133,-2.26202950506977e-47,1.22501473845386,0.0242051006869133,0.122416580725173,-0.111970495360329,2.13135821791663,0.400264593361442,-6.49980141383297,5.80727220977709e-47
13.56,0.4099045,0.1279797,5.17870721346034,-2.64413126961794e-47,1.17053029630143,0.0268776491198484,0.134121883688187,-0.11170171886913,2.21936970118301,0.404859814855296,-6.49821334129267,6.71428987123062e-47
13.57,0.4239822,0.1200082,4.75788001176663,-4.39799726706116e-47,1.10310193903567,0.0324837576250747,0.145152903078544,-0.11137688129288,2.31506028129582,0.413658212920419,-6.4688356187269,1.09406528628793e-46
13.58,0.436325,0.1122787,3.53491807957452,-9.74470884905466e-47,1.01986197069201,0.0395533639265597,0.155351522785464,-0.110981347653614,2.42264729429252,0.424684126837562,-5.36832554573199,2.36422529731188e-46
13.59,0.4468707,0.1048136,0.133859888338517,-3.11368597764543e-46,0.922103148060136,0.0481070600345834,0.164572554266065,-0.110500277053268,2.54379333226743,0.438001304189341,-0.237768518595429,7.33699495670117e-46
13.6,0.4556472,0.09773168,0.000261087466721296,-1.7805719684002e-45,0.811830947017885,0.0589197092156262,0.172690863736244,-0.109911079961112,2.67880740516769,0.454704113950871,-0.000584314784074417,4.05092246230453e-45
13.61,0.4626573,0.09102175,9.5232245477838e-08,-1.8677677748085e-44,0.690775173755735,0.0716569594387089,0.179598615473801,-0.109194510366725,2.82677328358592,0.474371446932711,-3.08987616049475e-07,4.08524906798748e-44
13.62,0.4679732,0.0847328,3.89586308170156e-12,-3.81978939630594e-43,0.561152300921989,0.0864768235987317,0.185210138483021,-0.108329742130738,2.98424093783253,0.497239920619176,-2.4524742160434e-11,8.00050349159472e-43
13.63,0.4716215,0.07884365,-3.28180502094457e-19,-1.34200365233915e-41,0.424694669601454,0.102954135475688,0.189457085179036,-0.107300200775981,-3.13688016708408,0.522767694243351,-1.53920230899233e-16,2.68565096777836e-41
13.64,0.4737182,0.07344693,-4.21278595629808e-26,-8.36948253953816e-40,0.283755824216936,0.121589298550258,0.192294643421205,-0.106084307790478,-2.97690472955791,0.55161689101218,-3.65898659157113e-23,1.59601262543645e-39
13.65,0.4745362,0.06845631,-6.68979263922091e-33,-6.62182980678554e-38,0.141789163379343,0.14140960160127,0.193712535054999,-0.104670211774465,-2.82635875934739,0.5825544928535,-6.74351600179637e-31,1.20314152401332e-37
13.66,0.4742296,0.06395674,-1.54843841808512e-37,-6.63901997875247e-36,0.00102566550120287,0.16286996069193,0.193722791710011,-0.103041512167546,-2.68916457111336,0.616156692408215,-1.48680376346475e-35,1.1486347633886e-35
13.67,0.4730021,0.05996951,-1.27332420513009e-33,-7.49665591107364e-34,-0.136091406478435,0.185873466946752,0.192361877645226,-0.101182777498079,-3.07188876975175,0.652292281399631,-2.66026400615433e-31,1.23506119397272e-33
13.68,0.4712247,0.056662,-1.6726088777556e-26,-1.08450314601927e-31,-0.265997304979948,0.211478790111626,0.189701904595427,-0.0990679895969624,-2.93985128195971,0.6921478335369,-3.32073005195762e-24,1.699584755181e-31
13.69,0.4686467,0.05361624,-4.03615537411759e-20,-9.30672142663807e-30,-0.390435328751796,0.23600331191413,0.185797551307909,-0.0967079564778211,-2.813235919073,0.731524086211487,-4.04257871111098e-18,1.39346016263252e-29
13.7,0.4655217,0.05093015,-2.37937966216155e-15,-5.65863732639691e-28,-0.507005969641686,0.260153099659982,0.180727491611492,-0.0941064254812212,-2.69496764942901,0.771298889795532,-2.3029303955435e-13,8.11910913664939e-28
13.71,0.4616625,0.04830204,-1.86923395032014e-11,-1.68255986602994e-26,-0.617081483398685,0.281413104455646,0.174556676777505,-0.0912922944366648,-2.58375155714687,0.808970591640646,-1.46492141163548e-09,2.3256328039142e-26
13.72,0.4576658,0.0461738,-2.05943284580195e-08,-4.67062520350824e-25,-0.715691852033121,0.303379051472213,0.167399758257174,-0.0882585039219426,-2.48315115387816,0.848274757827336,-1.34131741934668e-06,6.22683655990303e-25
13.73,0.4530719,0.04391138,-6.36219093975807e-06,-5.65574337791086e-24,-0.806790211778159,0.320830363322797,0.159331856139392,-0.0850502002887147,-2.38897629033719,0.884281311745889,-0.000368405960675282,7.31255650029682e-24
13.74,0.4481084,0.04157869,-0.000666927349658039,-3.65730346683698e-23,-0.888563413776854,0.334520365136722,0.150446222001624,-0.0817049966373474,-2.30163234076513,0.917910187912965,-0.035630356125636,4.60427397072132e-23
13.75,0.4427491,0.03918062,-0.0248874652755482,-1.38275381651111e-22,-0.961432171077288,0.344698601453233,0.140831900290851,-0.0782580106228151,-2.21983782487387,0.949516849589759,-1.24926045949246,1.70049834255537e-22
13.76,0.4371671,0.03671859,-0.113427103394261,-3.26413840582178e-22,-1.02424804322683,0.351589392560043,0.130589419858583,-0.0747421166972147,-2.14329867294519,0.979371971980661,-5.40908317150402,3.93188663114153e-22
13.77,0.431383,0.03423132,-0.139727563463337,-5.26783480334955e-22,-1.07723662097638,0.355715546869012,0.119817053648819,-0.0711849612285246,-2.07096361338248,1.00794539573878,-6.38618731381005,6.22845932067402e-22
13.78,0.4257504,0.03187238,-0.146761510410024,-7.08994156495952e-22,-1.11800589606934,0.358485051208055,0.108636994688126,-0.067600110716444,-2.00300429314736,1.03638227525703,-6.4806189743129,8.23834140276126e-22
13.79,0.4202229,0.02960771,-0.151241927832652,-7.78304591356178e-22,-1.14763431956409,0.359716784664929,0.0971606514924847,-0.0640029428697947,-1.9380705350933,1.06453882747378,-6.4944432366117,8.89894295729626e-22
13.8,0.4150893,0.02794023,-0.15471249294271,-1.20997638784934e-21,-1.16450427941128,0.363504212369127,0.0855156086983719,-0.0603679007461035,-1.87591786431301,1.09551554901581,-6.49719922489265,1.36074312288722e-21
13.81,0.4102926,0.02662119,-0.157466039730292,-1.97532173848969e-21,-1.16997622125845,0.36764915971102,0.0738158464857874,-0.0566914091489933,-1.81535402832571,1.12767014671721,-6.49770503775017,2.18641415452811e-21
13.82,0.4060601,0.0262215,-0.159562640044442,-6.06737238290307e-21,-1.16310108258249,0.376612141433135,0.0621848356599624,-0.0529252877346619,-1.75590640271312,1.16398971480112,-6.49683161891415,6.60629369938311e-21
13.83,0.4023612,0.02659522,-0.161002768967529,-2.75618293244985e-20,-1.14515062195085,0.388795493869921,0.0507333294404539,-0.0490373327959627,-1.69657473778793,1.20314057312826,-6.49295270674224,2.95346822657046e-20
13.84,0.3991265,0.02795687,-0.1615384518304,-2.11355686801971e-19,-1.11767419077944,0.405559547521007,0.0395565875326595,-0.0449817373207526,-1.63643114831541,1.24553021793243,-6.47590383022331,2.23045473241929e-19
13.85,0.3965225,0.03040243,-0.15920590645576,-2.65956294082175e-18,-1.08027466530381,0.427188864730476,0.0287538408796214,-0.0407098486734479,-1.57478632402201,1.29069526225503,-6.36828848392706,2.76736210850944e-18
13.86,0.3943581,0.03399074,-0.138238111785581,-5.0638057130526e-17,-1.03551030268404,0.453620259334683,0.0183987378527811,-0.036173646080101,-1.51069370990107,1.33786904081194,-5.53982995371263,5.20427900783762e-17
13.87,0.3925908,0.0387922,-0.050844469010095,-1.35309604370395e-15,-0.984593757377419,0.484855643835558,0.00855280027900687,-0.0313250896417455,-1.44339490586289,1.38626895960289,-2.05090263496727,1.37645237377543e-15
13.88,0.3911295,0.04478487,-0.00392226696424698,-4.38622679939823e-14,-0.929068595127879,0.520135940489959,-0.000737885672271923,-0.0261237302368459,-1.37223707159129,1.43492704965913,-0.160131259165658,4.42700591822742e-14
13.89,0.3899491,0.05216981,-0.00014693563163598,-1.7969099613955e-12,-0.869858453255077,0.560498716709461,-0.00943647020482269,-0.0205187430697513,-1.29661927533808,1.48342621256192,-0.00611240127186173,1.80378678294865e-12
13.9,0.3888294,0.06061363,-3.93864017524946e-06,-6.6343513438309e-11,-0.809395158015517,0.602641636161683,-0.0175304217849779,-0.0144923267081344,-1.21660267874856,1.53072283977999,-0.000168276777198448,6.63967924555459e-11
13.91,0.3875664,0.0701508,-8.43291159309059e-08,-2.18944959779067e-09,-0.749795186502206,0.646420453664983,-0.0250283736499999,-0.00802812217148461,-1.13294099932191,1.57663615326703,-3.73367502660119e-06,2.18948691369384e-09
13.92,0.3860041,0.08069946,-1.56617628614296e-09,-6.01347667346219e-08,-0.692613201101029,0.690771858037411,-0.0319545056610102,-0.0011204035911105,-1.04701587702103,1.62103833060632,-7.25332955473011e-08,6.02107064965323e-08
13.93,0.3837465,0.09201064,-3.25323181474726e-11,-1.19846384306853e-06,-0.64118320214186,0.733392412072721,-0.0383663376824288,0.00621352052961671,-0.962392334724396,1.66400327535365,-1.58790628740229e-09,1.20368598177634e-06
13.94,0.3811733,0.1044123,-6.12936266464786e-13,-2.11831423957889e-05,-0.592337293172011,0.776730251316338,-0.0442897106141489,0.0139808230427801,-0.87851144837523,1.70549058560918,-3.17613218583824e-11,2.13766664029141e-05
13.95,0.3782801,0.1179172,-1.06318192532729e-14,-0.000330544249167757,-0.546210803447555,0.820542856922142,-0.0497518186486245,0.0221862516120015,-0.796717189450759,1.74551568580707,-5.89704764230682e-13,0.000335651889145962
13.96,0.3744116,0.1320224,-2.88452481179124e-16,-0.00358840232070738,-0.508109747314145,0.860531775043255,-0.0548329161217659,0.0307915693624341,-0.723825568941199,1.78467359033015,-1.72385706631391e-14,0.00367202705235386
13.97,0.3694045,0.1464131,-1.52244206426342e-17,-0.0246311098842828,-0.478932750571473,0.894246786474418,-0.0596222436274806,0.0397340372271782,-0.662622394028716,1.82350142230271,-9.85403010165872e-16,0.0254386576502788
13.98,0.3643973,0.1623123,-6.19559523426383e-19,-0.187553563164349,-0.449055711615689,0.931617538664215,-0.0641128007436376,0.0490502126138204,-0.602939642992042,1.86030022497214,-4.43624384470008e-17,0.195693326982748
13.99,0.3584714,0.1782848,-4.61637714751712e-20,-0.795455334989059,-0.426050779221142,0.960770385546011,-0.068373308535849,0.0586579164692805,-0.553854197760938,1.89748034616292,-3.64809094749669e-18,0.839853130409899
14,0.3526611,0.1954633,-2.45191682715345e-21,-2.54581110582572,-0.401252203615983,0.991100699072753,-0.0723858305720088,0.068568923460008,-0.504919876903526,1.93302821108502,-2.14535968811098e-19,2.7223929498235
14.01,0.3457539,0.21221,-3.248871882493e-22,-3.89142664884875,-0.38462959659372,1.00937911531842,-0.076232126537946,0.0786627146131922,-0.468316734353845,1.97017477659054,-3.04355185568169e-20,4.22367763655189
14.02,0.3392357,0.2297001,-2.34790533182334e-23,-4.77903841682487,-0.363770077439142,1.0257030452234,-0.0798698273123374,0.0889197450654263,-0.428408883771551,2.00639734200812,-2.31974383679547e-21,5.27107717516791
14.03,0.3319433,0.2464693,-3.31369100602768e-24,-4.84279947445514,-0.34841794543898,1.02854973345353,-0.0833540067667272,0.0992052423999615,-0.397224870450774,2.04495252819509,-3.32823687871576e-22,5.44308059952218
14.04,0.3251681,0.2634272,-2.15357957844855e-25,-4.69089613906268,-0.327919452564091,1.02612959037306,-0.0866332012923681,0.109466538303692,-0.361259788499301,2.08356582052403,-2.15676517779464e-23,5.38300622545002
14.05,0.3177731,0.2792032,-2.37586210621942e-26,-3.75190129557154,-0.311878764999408,1.00803935489131,-0.0897519889423622,0.119546931852605,-0.33241153693144,2.12566307993924,-2.37724890840287e-24,4.41398373336171
14.06,0.3102789,0.2936917,-2.3883232747532e-27,-1.61567483209768,-0.295880576634993,0.974781324292723,-0.0927107947087121,0.129294745095532,-0.304940898892341,2.17148643684001,-2.42988019404947e-25,1.95847394684795
14.07,0.3038031,0.3083782,-4.9574760196681e-29,-0.364586880199661,-0.271102724876114,0.939468757944468,-0.0954218219574733,0.138689432674977,-0.267913162241993,2.21664561836031,-5.4661172542715e-27,0.456539700322289
14.08,0.2965639,0.3205235,-2.24859000217071e-30,-0.0174098140563761,-0.252604994449824,0.880855400490285,-0.0979478719019715,0.14749798667988,-0.23991109455922,2.26974749370674,-2.85606960891697e-28,0.02274375635942
14.09,0.2900626,0.3319828,-2.29866269560047e-32,-0.000438816274654717,-0.228025924905328,0.815772931455591,-0.100228131151025,0.155655715994436,-0.205502458137958,2.32472123539097,-4.2655075380324e-30,0.000602007588280781
14.1,0.283696,0.3418233,-7.76507692824537e-35,-3.65644167862132e-06,-0.202810036673494,0.737767787579013,-0.10225623151776,0.163033393870226,-0.171357738717931,2.38506553075316,-4.23333659567874e-32,5.32790477509693e-06
14.11,0.2775589,0.3499249,2.28162626704779e-37,-7.85107076223031e-09,-0.176406333730377,0.647390420533203,-0.104020294855063,0.169507298075558,-0.136675031837555,2.4515735553352,-2.39041280816453e-34,1.23355081869502e-08
14.12,0.2716825,0.3562876,9.22179645359033e-41,-3.18098325981272e-12,-0.148821413951376,0.54617349676791,-0.105508508994577,0.174969033043237,-0.101341253803765,2.52464823332683,-7.36970672611133e-37,5.49741950869374e-12
14.13,0.2661918,0.3610224,-6.05861669428765e-42,-1.63684067360769e-16,-0.119324509251687,0.436474238595345,-0.106701754087094,0.179333775429191,-0.0643363423646338,2.60416116362836,-1.06885356454351e-39,3.19502184350383e-16
14.14,0.2610686,0.3641786,-7.60478441636615e-45,-5.8972148219377e-22,-0.0883937488448598,0.32003249561933,-0.107585691575543,0.182534100385384,-0.0261162353733268,2.69015517034107,-1.00303183805359e-42,1.35073193919604e-21
14.15,0.2567223,0.3664119,7.65985402131608e-48,-1.96880406709119e-28,-0.0530749921819478,0.20327675185596,-0.108116441497362,0.184566867903943,0.0170670366581009,2.77899033191263,-7.10713867627046e-46,5.56203420609969e-28
14.16,0.2520853,0.3661498,4.7590424984803e-49,-1.76590793466972e-35,-0.0224432309277312,0.0745550366306489,-0.108340873806639,0.18531241827025,0.0542966272988155,2.88002415953459,-1.0203031173314e-47,6.87073693100791e-35
14.17,0.2482009,0.3651463,4.3687173184093e-49,-1.37741618845134e-36,0.0119969274242298,-0.0505492150908644,-0.108220904532397,0.184806926119341,0.0960860598041306,2.98196280260336,-4.58231181179299e-48,8.55411096668211e-36
14.18,0.2446488,0.362887,2.66797815722226e-47,3.31670590950179e-32,0.0463775948946363,-0.175594914520502,-0.107757128583451,0.183050976974136,0.137886906882372,-2.95818950279403,-1.90691323146843e-46,1.05961484940441e-29
14.19,0.2414785,0.3596167,2.7447464903275e-44,7.88127803246717e-25,0.0808832504000154,-0.297874220187172,-0.106948296079451,0.180072234772265,0.180087531906537,-2.80159740434227,-1.52292538837559e-43,7.87865988224485e-23
14.2,0.238611,0.3555357,6.48673344489999e-41,3.64782092901266e-19,0.114658473367101,-0.41525827219078,-0.10580171134578,0.175919652050357,0.221825979263198,-2.65678469951621,-2.95924490127966e-40,3.31895586453149e-17
14.21,0.2359356,0.3505532,9.69155413890982e-38,1.52745223232505e-14,0.146668390266042,-0.528112686217913,-0.104335027443119,0.170638525188178,0.262036256342959,-2.5243476726394,-3.76419590863386e-37,1.06513448296466e-12
14.22,0.2334258,0.3450742,6.18442402758333e-35,6.55201593572688e-11,0.176642073039698,-0.632892189847674,-0.102568606712722,0.164309603289701,0.30056013051111,-2.40715709106911,-2.10007191949016e-34,3.86892610684147e-09
14.23,0.2311197,0.3394008,1.7647755643002e-32,4.58424044481031e-08,0.204856743019549,-0.727190657540154,-0.100520039282527,0.157037696714299,0.337870541367803,-2.30497211140603,-5.34220177351288e-32,2.45588631217412e-06
14.24,0.2288995,0.3336442,2.02259336107147e-30,8.0957014452365e-06,0.230338836901096,-0.810363971325552,-0.0982166509135158,0.148934057001044,0.372962730474828,-2.21542435914279,-5.55946625666441e-30,0.00040510688083527
14.25,0.2269001,0.3284527,1.28608433545792e-28,0.000375005210848587,0.254219217459095,-0.877649302049171,-0.0956744587389249,0.140157563980552,0.407259003804537,-2.13869769670275,-3.24734654800023e-28,0.0178317569354174
14.26,0.2244405,0.3225349,1.98493685135866e-27,0.00975277023204085,0.27105499099024,-0.940060229492904,-0.0929639088290225,0.130756961685623,0.434555995460364,-2.06626654968315,-4.71220416511471e-27,0.444610295658529
14.27,0.2225125,0.3181145,3.38399245456628e-26,0.051095619567608,0.289197225211323,-0.980041074083475,-0.0900719365769092,0.120956550944788,0.464464354346343,-2.00528893733405,-7.54791815712787e-26,2.25867205741336
14.28,0.219696,0.312661,1.05414753651899e-25,0.11703677597423,0.297124878127569,-1.01906296282009,-0.0871006877956336,0.110765921316587,0.483746509110029,-1.94459518797132,-2.2643844940859e-25,5.03868112923571
14.29,0.2170262,0.3081243,2.68626463614185e-25,0.139615619735335,0.303841240626877,-1.04156654654263,-0.0840622753893648,0.100350255851161,0.502511671438063,-1.88961757649212,-5.57236942118114e-25,5.88985206220563
14.3,0.2140797,0.3036872,3.39357406218261e-25,0.148174997601157,0.306032440714334,-1.05514822511139,-0.0810019509822214,0.0897987736000472,0.516802616686736,-1.83667014315324,-6.86225439169534e-25,6.14940643176838
14.31,0.2108485,0.2992533,2.23142806955404e-25,0.151891724797534,0.30398239396524,-1.06117745865088,-0.077962127042569,0.0791869990135384,0.526633067178794,-1.78483137136209,-4.43596380506934e-25,6.22188123283925
14.32,0.2073444,0.2946735,8.03688330680079e-26,0.153267279906285,0.298134335213953,-1.06137583945531,-0.0749807836904295,0.0685732406189852,0.532138358338335,-1.73331614894015,-1.58278108966012e-25,6.21505636022446
14.33,0.2035833,0.2898695,1.6475762056104e-26,0.152540744025866,0.288957520956647,-1.05680849328974,-0.072091208480863,0.0580051556860879,0.53344583036946,-1.68167412618974,-3.23757143178714e-26,6.1404761941635
14.34,0.1996806,0.284687,2.25221728339364e-27,0.149293477930772,0.277691671413244,-1.04908835014063,-0.0693142917667306,0.0475142721846816,0.531677564868605,-1.62953283368224,-4.43897071374363e-27,5.98236782417706
14.35,0.1956372,0.2790062,2.04697621250987e-28,0.142544451772238,0.264583523704752,-1.0394468453209,-0.0666684565296831,0.0371198037314726,0.526787202421787,-1.57677007666535,-4.06820822589541e-28,5.70188288698341
14.36,0.191597,0.2728673,1.518493889354e-29,0.129857099183436,0.251009607706665,-1.02776901212989,-0.0641583604526164,0.0268421136101737,0.520318050656971,-1.52346011662821,-3.05179049740884e-29,5.2002853255155
14.37,0.1875708,0.2661295,9.34283883054147e-31,0.110502083868419,0.237179366914585,-1.01539009093648,-0.0617865667834706,0.0166882127008089,0.512415916639509,-1.46973370737474,-1.90392183185486e-30,4.44344156140908
14.38,0.1836403,0.258996,5.46732004931085e-32,0.0819525771808347,0.223853201210848,-1.00082954220447,-0.0595480347713621,0.0066799172787642,0.504098415070251,-1.41565056904693,-1.13087875241004e-31,3.31917161237615
14.39,0.1798715,0.2513801,3.45732911514581e-33,0.05082020641281,0.21160151740153,-0.985026776914867,-0.0574320195973468,-0.00317035049038446,0.496278226150267,-1.36141028308528,-7.25417975996388e-33,2.07958716074098
14.4,0.176371,0.2435218,2.94049806809595e-34,0.0239810458404234,0.201266518892562,-0.96627358206258,-0.0554193544084212,-0.0128330863110103,0.490449129336666,-1.30679194467495,-6.23696833106851e-34,0.994717623339539
14.41,0.1732043,0.2356287,3.93425624446188e-35,0.00798770915043333,0.193282828802222,-0.943271815015861,-0.053486526120399,-0.0222658044611689,0.487635190379338,-1.25137998947608,-8.3890225555912e-35,0.33703906063953
14.42,0.1704064,0.2279126,9.10410216327017e-36,0.00179002247045145,0.187793262774605,-0.914819019866218,-0.0516085934926529,-0.0314139946598311,0.488455622528678,-1.19453600165076,-1.93827195950264e-35,0.0771405633876664
14.43,0.167861,0.2204927,2.90172124093706e-36,0.000267559309850745,0.183708351376526,-0.880572878968191,-0.0497715099788876,-0.040219723449513,0.491430468113535,-1.13569465427219,-6.14343699434852e-36,0.0118307978327608
14.44,0.165899,0.2137505,2.52245631936741e-36,2.2745339162912e-05,0.183574951876552,-0.83818349960271,-0.0479357604601221,-0.0486015584455401,0.501199161905688,-1.07320636706769,-5.24507924279431e-36,0.00103810820352488
14.45,0.1645046,0.2078677,5.42231424611607e-36,9.8667877073187e-07,0.186952596617568,-0.787115174075352,-0.0460662344939464,-0.0564727101862936,0.517497047094208,-1.00572099433206,-1.09512927480217e-35,4.68349375136946e-05
14.46,0.1633834,0.2028816,1.4437382552095e-35,2.02809586740682e-08,0.191195778929853,-0.728071201996105,-0.0441542767046479,-0.0637534222062546,0.536048029055232,-0.932281193055471,-2.8246307230792e-35,1.01050460578441e-06
14.47,0.1626268,0.1989162,5.49881890199993e-35,1.67366602055842e-10,0.196934414772146,-0.661063573831304,-0.0421849325569265,-0.0703640579445677,0.558088899552734,-0.85132803067696,-1.03775151997683e-34,8.85916683447089e-09
14.48,0.1622193,0.1960407,2.73191365834797e-34,4.49454810661077e-13,0.203886413893487,-0.5865904162447,-0.0401460684179916,-0.0762299621070147,0.58328734219047,-0.761377207197884,-4.95821590471585e-34,2.57923508970973e-11
14.49,0.1621141,0.1942492,1.53539793724497e-33,2.98332143580907e-16,0.211536344123996,-0.505748406914823,-0.0380307049767516,-0.0812874461761629,0.610871853591978,-0.66140362611046,-2.67635097472616e-33,1.93445265115923e-14
14.5,0.1621792,0.1934883,7.43547174836382e-33,3.26643310325538e-20,0.218727602183891,-0.419964910371119,-0.0358434289549127,-0.0854870952798741,0.638921257401686,-0.551062775265406,-1.24684466841815e-32,2.59642368000694e-18
14.51,0.1624093,0.1935583,3.09950399930378e-32,4.08507236985304e-25,0.225406375098819,-0.331742618976664,-0.0335893652039245,-0.0888045214696407,0.667389997707597,-0.432134451394957,-5.00822944646281e-32,4.02148978313765e-23
14.52,0.1626243,0.1943399,8.25589368797629e-32,3.16281931853074e-31,0.230136047012598,-0.242766833930038,-0.0312880047337985,-0.0912321898089411,0.693831339010289,-0.306844060185819,-1.29120963949112e-31,3.21130291086653e-29
14.53,0.1627814,0.195725,1.37244196012847e-31,1.03289882612291e-39,0.232698926220242,-0.154506581544348,-0.0289610154715961,-0.0927772556243846,0.717806899319136,-0.178286351030899,-2.08698241314584e-31,4.0112655433389e-37
14.54,0.1627373,0.1974551,1.16706211831998e-31,9.79844539194151e-49,0.232108309943083,-0.0694977256761646,-0.0266399323721653,-0.0934722328811463,0.737458099451972,-0.0519177295392917,-1.73595343809919e-31,1.33352982905341e-46
14.55,0.1624318,0.1994548,4.7918655113273e-32,-1.9253177093073e-52,0.22814028173119,0.0113876869320659,-0.0243585295548534,-0.0933583560118256,0.752025651520904,0.0690807669179312,-7.01590803685573e-32,3.02640082692945e-51
14.56,0.1618675,0.2016611,9.77390082130228e-33,-2.06532303368864e-45,0.221105584257493,0.0874734154110488,-0.0221474737122785,-0.0924836218577151,0.761489652955541,0.182397594600538,-1.41674769218327e-32,1.13244672326509e-44
14.57,0.1605297,0.2034281,3.72612621619839e-34,-6.77377522011514e-38,0.207202940753723,0.153564810888613,-0.0200754443047412,-0.090947973748829,0.757834104050444,0.280036486284562,-5.42193735735247e-34,2.46550227069401e-37
14.58,0.1591453,0.2056193,1.00645124989559e-35,-7.31082335522448e-32,0.192841555353129,0.216851195359643,-0.01814702875121,-0.0887794617952326,0.75138864128207,0.372641198779781,-1.47457907238351e-35,2.01119752441739e-31
14.59,0.1573358,0.2079402,8.01256497827266e-38,-2.67007997072604e-27,0.175141964775175,0.274834517909193,-0.0163956091034582,-0.0860311166161406,0.735491742069269,0.457077682052195,-1.19442143510594e-37,6.04515442033252e-27
14.6,0.1549834,0.2102199,1.09214608884025e-40,-7.44479859607302e-24,0.153545126294136,0.326222602921867,-0.0148601578405168,-0.082768890586922,0.706605060260102,0.532438469704371,-1.68242893835197e-40,1.46543203332667e-23
14.61,0.1519947,0.2122522,1.10164553277937e-44,-2.72442284139091e-21,0.127757260822573,0.369586383689779,-0.0135825852322911,-0.0790730267500242,0.66054187116693,0.597979658136636,-1.79566502512745e-44,4.83797906636502e-21
14.62,0.1484563,0.2144059,3.24109221430241e-50,-3.18816722102454e-19,0.0989648355200436,0.40819855511752,-0.0125929368770907,-0.074991041198849,0.595983720987762,0.658480199665281,-5.77231093939287e-50,5.2104623425245e-19
14.63,0.1444438,0.2165305,3.28126068914575e-58,-1.3347435369828e-17,0.0681909124601192,0.441004069757233,-0.0119110277524895,-0.0705810005012766,0.511981021187098,0.713346469730527,-6.69184883029592e-58,2.04009252643405e-17
14.64,0.1401428,0.219132,9.42183228689492e-71,-3.73307933473878e-16,0.0372634619511156,0.472247695677621,-0.0115383931329783,-0.0658585235445004,0.412445882270317,0.767569426395631,-2.3503913275166e-70,5.37696412796978e-16
14.65,0.1355161,0.2218995,9.3210720515916e-95,-5.74107782890389e-15,0.00609685252341796,0.499402630778165,-0.0114774246077441,-0.0608644972367188,0.298146518822798,0.818773318142648,-3.19036325691216e-94,7.86208300972534e-15
14.66,0.1307123,0.2250004,2.14335808838932e-79,-6.04593313646294e-14,-0.0239111591345069,0.523940166521144,-0.0117165361990892,-0.0556250955715073,0.178261512875491,0.868682146484211,-1.2005686947016e-78,7.91938128406731e-14
14.67,0.1258779,0.2285109,5.75464868101654e-65,-4.83104030146437e-13,-0.0514977961365493,0.546512413368937,-0.0122315141604547,-0.050159971437818,0.0640791384452045,0.918052761837275,-9.95850743991018e-64,6.08125790949022e-13
14.68,0.1210684,0.232267,-1.40116511970344e-57,-2.68854291672415e-12,-0.0762410848006321,0.565834476341967,-0.012993925008461,-0.0445016266743983,-0.0370998865543475,0.965913821221842,-1.71099166670907e-55,3.26839630277332e-12
14.69,0.1166081,0.23678,1.13867978265022e-53,-1.53822607565132e-11,-0.0956375149002033,0.586074492518272,-0.0139503001574631,-0.0386408817492156,-0.112473890980242,1.0157461271276,-1.1828137044446e-50,1.80987632580801e-11
14.7,0.1123122,0.2414411,-3.75163807476413e-50,-5.94546535296445e-11,-0.111455251303678,0.602222820365229,-0.0150648526704998,-0.0326186535455633,-0.169311857861198,1.06368900414648,-2.31477848110723e-47,6.80110583275924e-11
14.71,0.108412,0.246209,-1.1053161918509e-47,-1.58368868733108e-10,-0.122045235679608,0.614169902436354,-0.0162853050272959,-0.0264769545211997,-0.203069084856737,1.10995414848407,-2.14078446044007e-45,1.76806963852922e-10
14.72,0.1049029,0.2511413,-1.40674251975147e-46,-3.13982173609393e-10,-0.127794277416613,0.622619143788602,-0.0175632478014621,-0.0202507630833137,-0.21757131286158,1.15525089365218,-2.19606544676587e-44,3.43175759975745e-10
14.73,0.1018068,0.2559956,-2.2220842626378e-46,-4.09176392375434e-10,-0.1288778335327,0.62587352734641,-0.0188520261367891,-0.0139920278098496,-0.215440133666016,1.19878709152708,-3.56198979908733e-44,4.39205263374484e-10
14.74,0.0990437,0.2606558,-7.14787301598792e-47,-3.37833743376213e-10,-0.12629712375687,0.623396505669764,-0.0201149973743578,-0.00775806275315197,-0.201435291660165,1.2405815196674,-1.42744647720424e-44,3.57118975126678e-10
14.75,0.0966455,0.2649217,-3.20833918168319e-48,-1.60396686612128e-10,-0.12010744102277,0.614066605104569,-0.0213160717845855,-0.00161739670210628,-0.176561275900895,1.28039236569003,-1.34311240645142e-45,1.67402779507005e-10
14.76,0.09439825,0.2682418,1.82246354454836e-50,-3.1113839251781e-11,-0.112331112736414,0.59411752183752,-0.0224393829119496,0.00432377851626892,-0.147790606255172,1.31682218375976,-5.79098812440484e-47,3.214448232493e-11
14.77,0.09282249,0.271965,4.08515287040359e-53,-6.24346771453929e-12,-0.09902307522098,0.575157710972503,-0.0234296136641594,0.010075355625994,-0.102723196080193,1.35521519601414,-1.55295430949304e-49,6.39133994499697e-12
14.78,0.09115759,0.274426,-2.08381712634167e-54,-3.95766726451749e-13,-0.0867308525469048,0.544071280762707,-0.0242969221896284,0.015516068433621,-0.0623035159343981,1.39053642768683,-3.48248929874881e-52,4.02281607641654e-13
14.79,0.0898208,0.2763051,-5.23966475846945e-58,-1.2378513823608e-14,-0.0721498523744346,0.507375735087753,-0.0250184207133728,0.0205898257844986,-0.0159081817317039,1.42555010979383,-9.06697425160811e-56,1.25101766016326e-14
14.8,0.08871984,0.2774573,5.83920355996377e-62,-1.57052599294409e-16,-0.0562859086134986,0.464596427503976,-0.0255812797995078,0.0252357900595383,0.0333659808955582,1.46045202043886,-2.35296790391342e-60,1.58013117162653e-16
14.81,0.08766335,0.2778696,8.94186327321868e-67,-6.92009882722331e-19,-0.0408567930586594,0.416378640089238,-0.0259898477300944,0.0293995764604307,0.080366328242835,1.495929554,-1.1623199504525e-65,6.93952817860165e-19
14.82,0.08676884,0.277685,7.6957351322842e-73,-9.8039630879999e-22,-0.0249968988542104,0.364585389354918,-0.0262398167186365,0.0330454303539799,0.127979017088537,1.53319203086455,-5.92399805296465e-72,9.81089551574709e-22
14.83,0.08606599,0.2770483,1.5237404135818e-78,-3.93141357210414e-25,-0.00860759037404302,0.310968972575524,-0.0263258926223769,0.0361551200797351,0.176670635045388,1.57375546666355,-8.60646562066205e-78,3.93143077629516e-25
14.84,0.08551583,0.2759989,1.11155619405531e-78,-3.13958421619615e-29,0.00785610773611856,0.256324820446206,-0.0262473315450157,0.0387183682841972,0.225254559675222,1.61971243245924,-4.99710089586364e-78,3.14334225951162e-29
14.85,0.08529256,0.2746844,2.3799385262688e-72,-3.43863921626281e-34,0.0256598768182035,0.202245450570735,-0.0259907327768337,0.0407408227899045,0.277584320441182,1.67457993958312,-8.73738629823015e-72,3.45723221238303e-34
14.86,0.08525477,0.2732552,2.83516546939356e-65,-2.94205713572944e-40,0.0434653188524603,0.150217054127102,-0.0255560795883091,0.0422429933311755,0.329895646915767,1.74438479053953,-8.78586732460108e-65,2.98692437033842e-40
14.87,0.08549214,0.2719974,3.92259389606918e-59,-1.39208360560162e-47,0.0618668437161269,0.1026659049414,-0.0249374111511478,0.0432696523805895,0.384013549409475,1.83875519383271,-1.04810026559236e-58,1.44357508293483e-47
14.88,0.08598173,0.2705654,4.67924297906324e-54,-3.69088004438319e-57,0.0805176210789504,0.0568097521078359,-0.0241322349403583,0.0438377499016679,0.43908068642268,1.98866802792838,-1.10004947460097e-53,4.03820729174331e-57
14.89,0.08672636,0.2695565,8.15785232994534e-50,-3.04015078917271e-66,0.0993002514842019,0.0175217583666996,-0.0231392324255163,0.0440129674853349,0.494896460388509,2.24235764598414,-1.71606033327251e-49,3.88352838686211e-66
14.9,0.08767483,0.2686932,2.74337374382135e-46,-1.33859325058458e-66,0.117679056990905,-0.0176616001288563,-0.0219624418556072,0.0438363514840463,0.550220180531013,2.74297508189687,-5.24330982951623e-46,3.45019304779538e-66
14.91,0.08865333,0.2680535,1.60723908039111e-43,2.56105120764144e-61,0.13419499451801,-0.0482276733940967,-0.0206204919104271,0.0433540747501054,0.601716000126437,-2.8030891080361,-2.8386324897367e-43,2.56043468021017e-59
14.92,0.09005678,0.267755,7.2811151919001e-41,3.38983812574174e-55,0.152007778590151,-0.0734198432137223,-0.0191004141245256,0.0426198763179681,0.657127495077104,-2.29811425521868,-1.1920414255921e-40,1.80578810014282e-53
14.93,0.09108025,0.267441,3.61691855868192e-39,1.63367532298284e-50,0.16454404878058,-0.0963232859061405,-0.0174549736367198,0.0416566434589067,0.701662697454371,-2.01670692471778,-5.60427568725427e-39,7.2610478965999e-49
14.94,0.09244063,0.2673537,1.68506543479097e-37,-1.43951948877902e-46,0.177800021311985,-0.115062118614045,-0.0156769734236,0.0405060222727663,0.749042582472514,3.03498517832312,-2.47505966770174e-37,1.34278902410104e-45
14.95,0.09382667,0.2673986,3.68728113567982e-36,-3.01427760088018e-44,0.189175518074631,-0.130594229895402,-0.0137852182428537,0.0392000799738123,0.793811481814045,3.05371883885061,-5.17202249260763e-36,3.51377246333278e-43
14.96,0.09538745,0.2674504,5.82063863744562e-35,-1.9195670238909e-42,0.199921552204574,-0.144065508800523,-0.0117860027208079,0.037759424885807,0.83871585682064,3.07030272664198,-7.82641997496297e-35,2.89912959346143e-41
14.97,0.09732068,0.2676726,9.96110637309354e-34,-3.31425603966497e-41,0.211577172993148,-0.154262160417799,-0.00967023099087645,0.036216803281629,0.886745693194522,3.08297024503008,-1.28531952216865e-33,6.43309577202788e-40
14.98,0.09924161,0.2673436,8.81890610549698e-33,-8.53359272521303e-40,0.220958240069776,-0.167079054397967,-0.00746064859017869,0.0345460127376494,0.932011430702607,3.10004904941632,-1.09848618421815e-32,2.59140245742284e-38
14.99,0.1022668,0.2676809,2.99618222455876e-31,-2.91465235123717e-39,0.236989653085095,-0.172611501778917,-0.00509075205932774,0.0328198977198602,0.989800621999968,3.10714015340414,-3.58419283070844e-31,1.12716882325608e-37
15,0.1051569,0.2665334,3.83331668190923e-30,-4.6124000726666e-38,0.249265724042738,-0.188390922201294,-0.00259809481890036,0.0309359884978473,1.04245654656057,3.13057475399879,-4.4383445307397e-30,7.15826929153756e-36
15.01,0.109328,0.2656605,1.84316191596988e-28,3.27292799365053e-37,0.269169001347566,-0.199611524332798,9.35951945753052e-05,0.0289398732545193,1.10638116413128,-3.13486758264941,-2.06142163889681e-28,1.1169780686575e-34
15.02,0.1146442,0.264488,1.83088991126909e-26,1.23606961896534e-35,0.294893869770238,-0.211095790006956,0.00304253389227768,0.0268289153544497,1.17629641196231,-3.11525850235586,-1.98315323583668e-26,1.62505147897278e-33
15.03,0.1213603,0.2630604,3.76833121813305e-24,1.55566895178521e-34,0.327821158247723,-0.222397516538007,0.00632074547475491,0.0246049401890697,1.25056228505845,-3.09421133912406,-3.97006812312588e-24,2.00215827550089e-32
15.04,0.1304622,0.2622191,3.20685384550574e-21,3.33376724401423e-34,0.374938691482317,-0.226812760118645,0.0100701323895781,0.0223368125878832,1.33029792103459,-3.0838121545349,-3.30183623503957e-21,5.02436291909082e-32
15.05,0.1405924,0.2602918,1.56218803627028e-18,1.35422808631076e-33,0.424122327618836,-0.238064881659686,0.0143113556657664,0.0199561637712863,1.40364722122941,-3.05899528995112,-1.5842567134657e-18,5.29306020307669e-31
15.06,0.1514347,0.256921,3.49805389477283e-16,-3.53948999483579e-32,0.472400076786186,-0.258367115822429,0.0190353564336283,0.0173724926130621,1.47021306519469,-3.01258772446015,-3.51581476861496e-16,2.97681909755298e-29
15.07,0.1663924,0.2557702,5.10365821914216e-13,-2.56624871598103e-32,0.546346971664536,-0.257932690605698,0.0244988261502737,0.0147931657070051,1.53565540888053,-3.005213938187,-5.10680947830505e-13,2.65391973846105e-29
15.08,0.1825708,0.2538263,3.03331967438206e-10,1.85066983735334e-32,0.620656860922387,-0.262200195970613,0.0307053947594975,0.0121711637472989,1.5937485637221,-2.98585203393697,-3.03411843464897e-10,5.86048765968411e-29
15.09,0.2003542,0.2516857,1.07507461571565e-07,2.91385675575938e-31,0.697851361102402,-0.2660592735471,0.0376839083705216,0.00951057101182795,1.64619797427995,-2.96448377644949,-1.07813645666627e-07,1.19041359302616e-28
15.1,0.2196635,0.2496395,2.27083547659508e-05,6.32224431805711e-31,0.776585179844722,-0.26721454542622,0.0454497601689688,0.00683842555756575,1.694060605279,-2.94679845139494,-2.28818827556654e-05,1.45554798050826e-28
15.11,0.2404184,0.247815,0.00290577276784455,4.97826698852113e-31,0.855598147442056,-0.264862812002906,0.0540057416433893,0.00418979743753668,1.73830213401731,-2.93624006360298,-0.00294699942350462,9.26145375206546e-29
15.12,0.2621679,0.2461949,0.191931405914079,1.83024739083082e-31,0.930808215849401,-0.259430679523652,0.0633138238018834,0.00159549064230017,1.78016545179466,-2.93375314555722,-0.196214169958873,3.26881737089896e-29
15.13,0.2845414,0.2446727,3.29019089222316,3.99288595255025e-32,0.999109747295401,-0.252033691962919,0.0733049212748374,-0.000924846277329028,1.82072612023042,-2.93822158156849,-3.39564278817835,7.69112059837997e-30
15.14,0.307134,0.2432594,5.91802890724933,4.5457808050805e-33,1.05741409638538,-0.242784866464679,0.0838790622386911,-0.00335269494197581,1.86099032510999,-2.95182831447209,-6.1761399137434,1.19141824498598e-30
15.15,0.3296414,0.2418745,6.11094956358032,1.94705373863538e-34,1.10372685317964,-0.232522345669831,0.0949163307704876,-0.00567791839867413,1.90170995635672,-2.97441043811272,-6.46134161339447,1.38873764143326e-31
15.16,0.3517491,0.2404785,6.0454883461691,-1.36083202993566e-35,1.13620408149639,-0.221701350219518,0.106278371585451,-0.00789493190086931,1.94360769271541,-3.0072075031008,-6.4911910294272,1.30343677060927e-32
15.17,0.3730625,0.2388252,5.94003325811803,1.33803587741229e-37,1.15260094067493,-0.212377170673851,0.117804380992201,-0.0100187036076078,1.9875762444899,-3.0421935752669,-6.49587088177893,1.55754278202218e-33
15.18,0.3934822,0.2369319,5.8121385481283,1.45415899598176e-36,1.15327258776241,-0.204351024665069,0.129337106869825,-0.0120622138542585,2.03392112832703,-3.08080267550764,-6.4961949752981,2.34162627061326e-34
15.19,0.4128387,0.2346849,5.65954817058204,4.16251884973685e-37,1.13809386761284,-0.198468043780506,0.140718045545953,-0.0140468942920636,2.08316198294324,-3.11716216049627,-6.49310047231051,5.6454052625455e-35
15.2,0.430918,0.2318099,5.46765264581048,1.90932810659501e-37,1.10669778626257,-0.196760885467574,0.151785023408579,-0.0160145031467393,2.13602465505907,-3.12861829626604,-6.47444854216007,3.81538679835256e-35
15.21,0.4478733,0.2286258,5.14056351196915,1.70573815400153e-37,1.06174395341175,-0.196387934732617,0.162402462942697,-0.0179783824940655,2.19226067280322,-3.12963841291567,-6.32265677080278,3.62463956891792e-35
15.22,0.4634656,0.2246711,3.54782304180017,2.10764112280178e-38,1.00267813001423,-0.200889146537544,0.172429244242839,-0.0199872739594409,2.25285472684594,-3.04300811699683,-4.57046638665216,1.16865493224672e-34
15.23,0.4777026,0.2199773,0.318008498319342,1.01909944190007e-35,0.93102638762835,-0.209598884071927,0.181739508119122,-0.0220832628001602,2.31806472536255,-2.71135407437012,-0.433568967219718,1.00512815597832e-33
15.24,0.4907606,0.2147404,0.00436352475197181,3.23227630290003e-34,0.8496035351254,-0.220577082254843,0.190235543470376,-0.0242890336227086,2.38746551177733,-1.78375715893952,-0.00637444937265968,1.32370717598103e-32
15.25,0.5025361,0.2087983,2.15411408098461e-05,6.77598335357051e-33,0.758860857699908,-0.234850235534382,0.197824152047375,-0.0266375359780524,2.46168337709597,-1.06928371852221,-3.42659713191063e-05,3.09921205078057e-31
15.26,0.5131952,0.2022445,3.79909347335536e-08,1.73986267734562e-31,0.661399497155827,-0.251325482523685,0.204438147018934,-0.0291507908032893,2.54007916986528,-0.835576001243528,-6.71175573305452e-08,9.32894947646662e-30
15.27,0.5227429,0.1952866,1.96009932289412e-11,4.01735760562298e-30,0.558391423272042,-0.268078327175434,0.210022061251654,-0.0318315740750436,2.62260361964026,-0.72857721089165,-3.94844124152146e-11,2.38786091139558e-28
15.28,0.5312606,0.1879285,2.40540685256541e-15,7.95762085274211e-29,0.451552493310007,-0.284943341402455,0.214537586184754,-0.0346810074890682,2.70866002748109,-0.66474725394733,-5.7306070030829e-15,5.1344989674674e-27
15.29,0.538873,0.1803553,6.02442450927614e-20,1.03984838537482e-27,0.342831350080761,-0.30033569994477,0.217965899685562,-0.0376843644885159,2.79719599827632,-0.614125871846989,-1.78980654376673e-19,7.29231399745702e-26
15.3,0.5455214,0.1724472,3.09785854055308e-25,1.10830050380807e-26,0.232589419418186,-0.315214911418332,0.220291793879744,-0.0408365136026992,2.88811637028974,-0.574430649874096,-1.2427433968908e-24,8.39390066641292e-25
15.31,0.5515236,0.164733,1.83893780232385e-30,5.08707532515634e-26,0.124136782539043,-0.325340595334341,0.221533161705134,-0.0440899195560426,2.9788142522128,-0.528428737687239,-1.12123827844852e-29,4.24050774534288e-24
15.32,0.5565634,0.1566251,9.33175202130607e-34,2.34622692128105e-25,0.0155189862816236,-0.335661389134963,0.22168835156795,-0.0474465334473922,3.07083255629751,-0.492770472384634,-1.42276667975858e-32,2.10271002521401e-23
15.33,0.5610076,0.1487024,-3.07163053545186e-33,5.48756830936151e-25,-0.0896839578981172,-0.341516402093717,0.220791511988969,-0.0508616974683294,-3.12209258972685,-0.452533280502396,-4.67856138236743e-31,5.26834915612478e-23
15.34,0.5647464,0.1407845,2.35431919117315e-27,8.86790715701758e-25,-0.191947555587443,-0.344638359397752,0.218872036433095,-0.0543080810623069,2.91174940873328,-0.413378942583102,-1.03814125357059e-26,8.85941291261161e-23
15.35,0.5679042,0.1329726,3.3469285137823e-23,9.26329868578062e-25,-0.289884121733436,-0.344419023335139,0.21597319521576,-0.0577522712956583,3.0721157534046,-0.373835757520142,-5.2228908442714e-22,9.29672357813233e-23
15.36,0.5706065,0.1254493,-5.82864455215281e-21,5.15155199847923e-25,-0.382232440918365,-0.339673185019783,0.212150870806577,-0.0611490031458561,-3.04803693137776,-0.331617264281066,-6.99806058692614e-18,5.15541588387842e-23
15.37,0.5726587,0.1176772,-2.01208733794932e-16,2.81642042018843e-25,-0.470386100224598,-0.335029717164777,0.207447009804331,-0.0644993003175039,-2.88460731158404,-0.29617536942012,-2.31864027022473e-14,2.89875072315951e-23
15.38,0.574423,0.1103054,-1.77060419090393e-13,6.775151077044e-26,-0.551270349424573,-0.32537498603491,0.201934306310085,-0.067753050177853,-2.73046922393755,-0.256750919246669,-1.77094071774151e-11,7.81584900648219e-24
15.39,0.5758731,0.1031358,-5.36308654588929e-11,8.33025392016617e-27,-0.625155550388765,-0.312724024283176,0.195682750806197,-0.0708802904206848,-2.58771693055367,-0.217419225123343,-4.23798713968638e-09,1.30283161900088e-24
15.4,0.5770064,0.09614381,-6.37012572600687e-09,3.65003267295902e-28,-0.69214925269544,-0.297582835691658,0.188761258279243,-0.0738561187776014,-2.45704710709719,-0.178797000678478,-3.99757924733416e-07,1.38770099660452e-25
15.41,0.5780281,0.0896321,-2.88990141495393e-07,-5.88909262634085e-30,-0.750756572708809,-0.277846799629286,0.181253692552155,-0.0766345867738942,-2.3399401002135,-0.137126414349197,-1.5957362825969e-05,6.29856078796229e-27
15.42,0.5787978,0.08317038,-6.63086953004256e-06,3.97871918929405e-32,-0.802374680201535,-0.257397770510459,0.17322994575014,-0.0792085644789988,-2.23313666785979,-0.0985194658274123,-0.000336037305514143,2.11591082139635e-28
15.43,0.579448,0.07700308,-8.1939805370985e-05,2.30725030142078e-32,-0.846182829880266,-0.234485253069542,0.164768117451337,-0.0815534170096942,-2.13596724630699,-0.0596369500840088,-0.00388968849197125,3.61804488914359e-30
15.44,0.5798692,0.07088435,-0.00062727150861498,3.21173757669872e-34,-0.883381667559815,-0.211385715898126,0.155934300775739,-0.0836672741686755,-2.04568300373301,-0.0234919759725134,-0.0282866553676718,4.43449713377716e-32
15.45,0.5804024,0.06533018,-0.00272460060261876,-1.57468556399874e-36,-0.911570494881378,-0.184179478813624,0.146818595826925,-0.0855090689568117,-1.96262229783467,0.0161238118474354,-0.118171979668893,1.56411529796253e-34
15.46,0.5808974,0.06000891,-0.00761507932346215,-1.22211522455243e-38,-0.932461252131208,-0.155978554655237,0.137493983305613,-0.0870688545033641,-1.88394116912452,0.0549880943376052,-0.320640002287103,2.57741180387353e-37
15.47,0.581298,0.05482212,-0.0147328931337653,-2.18785448893097e-41,-0.946936251051016,-0.127813078152624,0.128024620795103,-0.0883469852848903,-1.80800398697741,0.0921585725141597,-0.606811810321851,2.40969680934281e-40
15.48,0.5818903,0.04999464,-0.0188448419535345,-1.1789672547776e-44,-0.953154960740425,-0.0980789559896191,0.118493071187698,-0.0893277748447865,-1.73448137941915,0.130283655779002,-0.764317706458392,8.91398263969221e-44
15.49,0.5826142,0.0454175,-0.0172810607033889,-4.48160231810771e-48,-0.952197256623698,-0.0679454024972372,0.108971098621461,-0.0900072288697589,-1.66173822896953,0.168182111529095,-0.69419787712129,2.65021158684772e-47
15.5,0.5833768,0.04071772,-0.0119443247849328,-8.30687233444882e-51,-0.945361024102722,-0.0405768638244695,0.0995174883804343,-0.0904129975080036,-1.58849172379318,0.202154579643631,-0.477850067160496,4.13806477237937e-50
15.51,0.5842505,0.03594925,-0.00601246209966776,-2.1717230602692e-52,-0.932577473345287,-0.0154989031650654,0.0901917136469814,-0.0905679865396542,-1.51386969430217,0.233255186247667,-0.240900522360966,9.44159283434161e-52
15.52,0.5856143,0.03160027,-0.00187506760114428,-1.64958683033977e-52,-0.911411080025758,0.0111683889401526,0.0810776028467238,-0.0904563026502527,-1.43651893653345,0.266738385740182,-0.0757047529249214,6.29676418116259e-52
15.53,0.5872273,0.02716064,-0.000404932127755602,-3.54308044500295e-51,-0.884543401927817,0.0351052613708571,0.0722321688274456,-0.0901052500365442,-1.35520405699056,0.297449026183215,-0.0165928805707722,1.21549807178794e-50
15.54,0.5892363,0.02284031,-5.72910717284037e-05,-5.31191511001267e-49,-0.85143340799013,0.0580357609369546,0.0637178347475443,-0.0895248924271746,-1.26828189114915,0.327784259596823,-0.00240393767656108,1.65651097385361e-48
15.55,0.5917131,0.01874304,-5.11646929339382e-06,-2.02250992398989e-46,-0.81221197427167,0.0807153329128596,0.0555957150048276,-0.088717739098046,-1.17387881465946,0.358902724217793,-0.000222392350477768,5.77119129739428e-46
15.56,0.5946749,0.01492423,-2.80556037230291e-07,-1.02303881529719e-43,-0.767464932413837,0.103459043871238,0.0479210656806893,-0.0876831486593336,-1.07016868486286,0.391425422176369,-1.28259155856103e-05,2.6834978777986e-43
15.57,0.5981534,0.0114894,-8.97602878177227e-09,-5.56176627075395e-41,-0.717656108783702,0.126952172713269,0.0407445045928522,-0.0864136269322009,-0.955262062987177,0.426446098765954,-4.40223526015719e-07,1.3440884477751e-40
15.58,0.6021444,0.00851244,-1.59326885081304e-10,-2.87287422837223e-38,-0.663524254011307,0.151571762979374,0.0341092620527392,-0.0848979093024072,-0.827891235204057,0.464723277958311,-8.59819462680608e-09,6.40456119687806e-38
15.59,0.6066602,0.006155799,-1.41659244372399e-12,-1.57854982313971e-35,-0.605647344840877,0.178355838426731,0.0280527886043304,-0.0831143509181399,-0.687511103962938,0.507855180819409,-8.85468046748713e-11,3.24310268121334e-35
15.6,0.6116546,0.004391645,-5.48231818008757e-15,-7.23096543852428e-33,-0.545042616019787,0.206745140011657,0.0226023624441325,-0.0810468995180233,-0.535912349334554,0.555579635358209,-4.4987461813897e-13,1.37013207821869e-32
15.61,0.6170538,0.003325216,-1.04174326723075e-17,-2.91442503615114e-30,-0.48287958407924,0.237263717528807,0.0177735666033401,-0.0786742623427353,-0.377573973658623,0.608917623030044,-1.04605623240079e-15,5.09429122868716e-30
15.62,0.6228864,0.003092872,-5.77226878917491e-21,-1.11534766608784e-27,-0.419442019438085,0.270625553576642,0.0135791464089593,-0.0759680068069688,-0.21698367738074,0.669083713659394,-9.07577536592073e-19,1.79834328965287e-27
15.63,0.6290466,0.003678034,-1.52016675396173e-24,-3.49048679537825e-25,-0.35605437301736,0.306263613968073,0.0100186026787857,-0.0729053706672881,-0.0616036271815738,0.735778441594638,-2.49644699524438e-22,5.20157014781147e-25
15.64,0.6346822,0.004353313,2.89243928814604e-27,-3.69653515652431e-23,-0.299795837032611,0.338036764780989,0.00702064430845958,-0.0695250030194782,0.0687744307350365,0.80279536082477,-4.57241742822882e-26,5.13975743967028e-23
15.65,0.6417816,0.007421227,4.69750136169795e-32,-1.7516490381038e-20,-0.23484481803139,0.384199829071552,0.00467219612814568,-0.0656830047287627,0.208663790106272,0.888424792719338,-2.27121882192497e-31,2.25712846157756e-20
15.66,0.6477963,0.01037088,2.18042154612494e-37,-1.99661072323031e-18,-0.182289852014904,0.423529356668139,0.00284929760799664,-0.0614477111620813,0.311887324175145,0.972114595681131,-7.13986944668577e-37,2.41691039281863e-18
15.67,0.6534145,0.01414513,1.22738111120593e-43,-1.69624256487952e-16,-0.136078175537957,0.46374557855663,0.00148851585261707,-0.056810255376515,0.395328287640349,1.06060536961827,-3.18886627088749e-43,1.94369628277095e-16
15.68,0.6582781,0.01864477,1.57554476159559e-50,-9.95702671201315e-15,-0.0988037418719405,0.503739346149933,0.000500478433897664,-0.0517728619150157,0.457588175938324,1.15238072497024,-3.56337518963226e-50,1.08966570794172e-14
15.69,0.6620708,0.02388856,3.17307957832446e-57,-4.21804679983625e-13,-0.0724718451292579,0.543419730147044,-0.000224240017394914,-0.0463386646135452,0.498587738343113,1.24652325129187,-6.62953750377552e-57,4.44985364065491e-13
15.7,0.6645284,0.02992024,7.0722570562416e-62,-1.35990535404605e-11,-0.0584494214849052,0.58290117171523,-0.000808734232243966,-0.0405096528963929,0.518597462028759,1.34198548723939,-1.42561622624e-61,1.39627896594807e-11
15.71,0.6653929,0.03685001,4.33777514799315e-62,-3.62902669689075e-10,-0.0578729733976053,0.622813178737271,-0.00138746396622002,-0.0342815211090202,0.516979398610815,1.43766715635121,-8.76883348950083e-62,3.66140891090643e-10
15.72,0.664531,0.04485426,9.47207676370211e-58,-8.87282970769493e-09,-0.0707232812490295,0.664253406291911,-0.00209469677871031,-0.0276389870461011,0.493466498378741,1.53228334273628,-1.99780807997014e-57,8.87941079668147e-09
15.73,0.6617661,0.05408825,7.09681795524896e-51,-2.11263018807309e-07,-0.0972397493181712,0.708056056812321,-0.00306709427189203,-0.0205584264779779,0.446017743939511,1.62428382485004,-1.64399762476712e-50,2.11565430581024e-07
15.74,0.657109,0.06478774,1.19660053643845e-43,-5.32831177854372e-06,-0.136087952724299,0.75560752357099,-0.00442797379913502,-0.013002351242268,0.374458046160884,1.71215638326409,-3.27631720548847e-43,5.3819685766945e-06
15.75,0.6506061,0.07733679,5.03855976755119e-37,-0.000161653890841322,-0.185682638804928,0.809328002089315,-0.0062848001871843,-0.00490907122137483,0.279688798239045,1.79440621273676,-1.8361561523763e-36,0.000165779214525485
15.76,0.6423222,0.09180339,2.80412193420477e-31,-0.00551990927674083,-0.244351054873975,0.86891836429377,-0.00872831073592405,0.00378011242156287,0.164974551594636,1.8701668132486,-1.68837469698173e-30,0.00577672237685447
15.77,0.6325025,0.1085647,6.61600137237784e-27,-0.220922719196715,-0.309084643327166,0.936499052901431,-0.0118191571691957,0.0131451029505772,0.0394120509034067,1.93869463634692,-2.15104357994956e-25,0.236758302710546
15.78,0.6212788,0.1276412,-8.85599595965053e-24,-3.77271517028441,-0.377959542987829,1.0111646479986,-0.015598752599074,0.0232567494305632,-0.0874702486249189,2.00032716645133,-5.05424909776812e-21,4.14950128264017
15.79,0.6088647,0.1490441,-1.43027500970371e-19,-5.68259427942885,-0.448539412694662,1.09196277425331,-0.0200841467260206,0.0341763771730963,-0.205397240903997,2.05575794008697,-2.6588303953961e-17,6.42296054002207
15.8,0.5951013,0.1723052,-4.96324479802007e-16,-5.58699351795502,-0.521482563325733,1.17420335719888,-0.025298972359278,0.0459184107450851,-0.311664985267638,2.1067709629384,-5.01679574935605e-14,6.4979628637727
15.81,0.5808858,0.1980121,-2.24538551536776e-13,-5.43030758358106,-0.589115983122042,1.26186557783452,-0.0311901321904984,0.0585370665234303,-0.394167316404562,2.15270989549093,-2.25603030638722e-11,6.4999451829787
15.82,0.5656124,0.2251168,-5.28956494201189e-11,-5.26848134155791,-0.656164847730496,1.34570832184801,-0.0377517806678033,0.0719941497419104,-0.462125720833172,2.19654276056552,-5.0054327802015e-09,6.49999784058912
15.83,0.5495504,0.2534096,-6.20362182333861e-09,-5.10289826565732,-0.72013860572188,1.42383832178456,-0.0449531667250221,0.0862325329597561,-0.514752075513738,2.23877115617238,-5.32038218632582e-07,6.49999987407026
15.84,0.5324538,0.2822133,-4.45844796883149e-07,-4.92942506439781,-0.78279196534907,1.4908649836377,-0.0527810863785128,0.101141182796133,-0.556577064089593,2.2807023906873,-3.50331028953756e-05,6.49999998766489
15.85,0.5151255,0.3117669,-1.41198893799e-05,-4.75237420902078,-0.837544744815576,1.54909875600824,-0.0611565338266686,0.116632170356215,-0.583756286907163,2.32148632995002,-0.00104949187250801,6.49999999823158
15.86,0.4974985,0.3416329,-0.000236550852162855,-4.56956486857269,-0.885185343614855,1.59539928840253,-0.0700083872628171,0.132586163240241,-0.600119488664193,2.36181638828068,-0.0170289072180908,6.49999999960671
15.87,0.4790825,0.3708494,-0.00281294850090577,-4.37423470440886,-0.929797482649956,1.62281785367922,-0.0793063620893167,0.148814341777033,-0.610972133767365,2.4032284102274,-0.19841328143979,6.49999999983838
15.88,0.4602431,0.399409,-0.0184914953921704,-4.16934089866357,-0.968465252409068,1.63257826451141,-0.0889910146134074,0.165140124422147,-0.615242967480251,2.4450948819961,-1.29414721664124,6.49999999988553
15.89,0.4410274,0.4270074,-0.0531164965178237,-3.95459649100661,-1.00103128650145,1.62358248944538,-0.0990013274784219,0.181375949316601,-0.614016280558424,2.48751585331271,-3.72573226934487,6.49999999985726
15.9,0.4214678,0.4533981,-0.0767585883452797,-3.7301921707642,-1.02750179141538,1.59538881817837,-0.109276345392576,0.197329837498385,-0.608217458342877,2.530494000259,-5.44194068669489,6.4999999996803
15.91,0.4016156,0.4783798,-0.0841126545730808,-3.49631730859016,-1.0477713255835,1.54806825561317,-0.119754058648411,0.212810520054516,-0.598481205915888,2.57398340259789,-6.0741586098766,6.4999999986813
15.92,0.3814666,0.5017356,-0.0849113810307676,-3.25254270996646,-1.06221461313227,1.4816831087309,-0.130376204779733,0.227627351141825,-0.585579196106075,2.61801821628731,-6.2883700838245,6.49999998948341
15.93,0.3609697,0.5232961,-0.0834004073383501,-2.99863276666894,-1.07158105401758,1.3967890195065,-0.141092015319909,0.24159524133689,-0.570348146439009,2.66258321804972,-6.36931417034083,6.49999982768655
15.94,0.3401711,0.5429499,-0.0808326680004486,-2.7346279728854,-1.07582897970472,1.29447139364285,-0.151850305116956,0.254539955273319,-0.553024274176725,2.70760583548295,-6.39889715495137,6.49999374259511
15.95,0.3190043,0.560569,-0.0778010585685382,-2.45983599272318,-1.0758340352827,1.17571273738686,-0.162608645469783,0.266297082647187,-0.534312447978795,2.75310726662523,-6.40579791903341,6.49943162922367
15.96,0.2975226,0.5761405,-0.0744800412830866,-2.12845751326767,-1.07149194325154,1.04242933687618,-0.173323564902299,0.276721376015949,-0.514275571711822,2.79893935096997,-6.39386048649353,6.35497594028318
15.97,0.2756877,0.5896476,-0.0710429730594534,-0.0856383518021111,-1.06344874720153,0.896451695649109,-0.183958052374314,0.28568589297244,-0.493369923674892,2.84503177551809,-6.35956328880066,0.294657117002376
15.98,0.25326,0.6007064,-0.0677943834829871,-1.44985891598542e-05,-1.05389458348366,0.736658090987568,-0.194496998209151,0.293052473882316,-0.472845212780328,2.89209472537666,-6.30229948623109,5.90632042304046e-05
15.99,0.2307376,0.6099474,-0.0639059349255877,-3.53548070596713e-10,-1.03909455918442,0.570088319448946,-0.204887943800995,0.298753357076806,-0.450652855419535,2.93883266226988,-6.15158092651283,1.75625650291869e-09
16,0.2078797,0.617088,-0.0588734572121845,-7.82549996827971e-16,-1.02140901775348,0.396085751832615,-0.21510203397853,0.302714214595132,-0.428135738507121,2.98592671181616,-5.81820043281235,4.97667238216124e-15
16.01,0.1845014,0.6219365,-0.0516044194640729,-2.69166725082544e-22,-1.00259684955151,0.214810644672699,-0.225128002474045,0.304862321041859,-0.406220015569441,3.03387716639597,-5.17184213405517,2.48252275780259e-21
16.02,0.1611323,0.6249981,-0.0375421207861619,-7.62650281130378e-27,-0.978701479689839,0.0319418846251125,-0.234915017270943,0.30518173988811,-0.382781051206716,3.08178695812517,-3.77183680663466,1.44256014345366e-25
16.03,0.1378964,0.6263069,-0.0174890783683818,3.42883422832988e-25,-0.949276083292592,-0.150984327686448,-0.244407778103869,0.303671896611245,-0.357629950021051,-2.4549496497793,-1.75047466070818,2.14573495936596e-23
16.04,0.1142478,0.625502,-0.00550477267237688,5.92923242197107e-19,-0.919176030392183,-0.335659033176626,-0.253599538407791,0.300315306279479,-0.333306203452884,-2.27838576920275,-0.550704915456803,3.1090251451541e-17
16.05,0.09097277,0.62312,-0.00101028678097498,7.19607482099155e-13,-0.882473760476994,-0.516565440222294,-0.262424276012561,0.295149651877256,-0.306699528561069,-2.14715671799353,-0.102592677560167,3.44000080221074e-11
16.06,0.06796062,0.6191033,-0.0001228126218407,8.62669756384848e-08,-0.840753344430532,-0.693317686189765,-0.270831809456866,0.288216475015358,-0.2786488780525,-2.04685483747247,-0.0131041542931173,3.89254765903214e-06
16.07,0.04538077,0.6136223,-9.32273804240503e-06,0.00118401903716421,-0.793317551365547,-0.863791322295196,-0.278764984970522,0.279578561792406,-0.248785816844755,-1.96814386913,-0.00112017528145633,0.0514740043423548
16.08,0.02331673,0.6068092,-3.96047942479539e-07,0.145775310871813,-0.740230519497842,-1.02636850049616,-0.2861672901655,0.269314876787445,-0.217123111351224,-1.90451572785985,-6.21646453364458e-05,6.18158133808182
16.09,0.002365642,0.5991873,-4.89230328401788e-09,0.155907229209602,-0.67757573877833,-1.17652854736224,-0.292943047553283,0.257549591313822,-0.181642259424073,-1.85221907151788,-1.6646457329297e-06,6.49940495895965
16.1,-0.01863205,0.590088,1.27566341758114e-11,0.157855921586351,-0.615523383861611,-1.31955990074374,-0.299098281391899,0.244353992306385,-0.147460343136437,-1.8069496760088,-3.77298790551409e-08,6.49999733689287
16.11,-0.03829436,0.5806577,2.70176809500116e-13,0.159254608745105,-0.543596739203739,-1.44610001889702,-0.304534248783937,0.229892992117415,-0.109187147911534,-1.76804430936152,-3.47039592385138e-10,6.4999999659584
16.12,-0.05688819,0.5709834,-7.27869587476587e-15,0.160284443470796,-0.465078426271727,-1.55595969152978,-0.309185033046654,0.214333395202117,-0.0684346761560698,-1.73367506202519,-1.4556784134091e-12,6.49999999897928
16.13,-0.07424197,0.5613173,-1.91766500304016e-17,0.161045970037963,-0.379612540178137,-1.64776757224771,-0.312981158448435,0.19785571947964,-0.0249523144062333,-1.70269135200939,-2.57702444105422e-15,6.49999999993503
16.14,-0.08983249,0.552232,2.58090386704522e-20,0.161602513621888,-0.284169878172424,-1.71785501575629,-0.31582285723016,0.180677169322077,0.0228439858867148,-1.67438865403712,-1.67740836107969e-18,6.49999999999121
16.15,-0.104778,0.5428827,1.02353722759128e-22,0.162006828696947,-0.188841627786605,-1.7741230666417,-0.317711273508026,0.16293593865566,0.069989650393158,-1.64757167909534,-1.58237386363596e-21,6.49999999999813
16.16,-0.1176511,0.5344575,5.98440190035915e-25,0.162279276425492,-0.0830501250760918,-1.80795030912636,-0.318541774758787,0.144856435564397,0.121811517752881,-1.62215185853252,-4.84460107892017e-24,6.49999999999923
16.17,-0.1288967,0.5265916,1.92123814882621e-25,0.162440388452623,0.028267838237678,-1.82374729982162,-0.31825909637641,0.12661896256618,0.175895255270218,-1.59748290992915,-1.08961373776289e-24,6.49999999999948
16.18,-0.1384598,0.5193233,1.8307066770139e-23,0.162499524375038,0.144426694291372,-1.82251952030216,-0.316814829433496,0.108393767363159,0.231935490413634,-1.57318000311904,-8.00256536924832e-23,6.49999999999945
16.19,-0.1464378,0.5127016,8.12348217067004e-20,0.162459911889147,0.263575184932609,-1.80521767487475,-0.31417907758417,0.0903415906144113,0.289071055351291,-1.54891209342882,-2.86613079245436e-19,6.49999999999909
16.2,-0.1528859,0.5067773,1.06626416291908e-15,0.162319643946055,0.384314893653347,-1.77280314941191,-0.310335928647637,0.0726135591202922,0.346684469599195,-1.52437480110599,-3.14731713416184e-15,6.4999999999977
16.21,-0.1578655,0.5017052,9.19129024515065e-12,0.162071735982425,0.505299043679749,-1.72543894041331,-0.305282938210839,0.0553591697161592,0.404216690126404,-1.49925379147904,-2.3375203229115e-11,6.49999999999095
16.22,-0.1614604,0.4975121,3.13785875996043e-08,0.161703797761628,0.625105639140997,-1.66437563859805,-0.299031881819429,0.0387154133301787,0.461121833972318,-1.47322944150664,-7.04612039099973e-08,6.49999999994448
16.23,-0.1638523,0.494523,3.78597902812214e-05,0.161194761820263,0.741666433123161,-1.58850903638013,-0.291615217488198,0.0228303229663773,0.51664616930172,-1.44584179363183,-7.65785140921175e-05,6.49999999942299
16.24,-0.1649772,0.4927053,0.0186819801063578,0.160515450220928,0.855013998958793,-1.49972545557687,-0.28306507749861,0.00783306841060869,0.570964824102335,-1.41666240275912,-0.0345509219729592,6.49999998971915
16.25,-0.1648878,0.49216,2.00771334111668,0.15962255136623,0.964283023549367,-1.39879288285532,-0.273422247263116,-0.00615486041794454,0.623898875670203,-1.38510599413369,-3.43630167523218,6.49999966500955
16.26,-0.163614,0.4927917,4.03015385970255,0.158458618360097,1.06888034841864,-1.28804096620391,-0.26273344377893,-0.0190352700799837,0.675401626793613,-1.35059314397164,-6.44679491530035,6.4999793909887
16.27,-0.1611651,0.4943806,4.31158662629466,0.156895863392075,1.16844664830079,-1.17065422931767,-0.251048977295922,-0.0307418123731604,0.725524081515489,-1.31258489087271,-6.49912416775012,6.49757989074836
16.28,-0.1574294,0.4967528,4.54577670598439,0.142615273892642,1.26362437281158,-1.04924906347667,-0.238412733567806,-0.0412343030079272,0.774649232211346,-1.27046087727024,-6.49997749731239,5.9799855255312
16.29,-0.152394,0.4994339,4.76458965629151,0.00394524800310464,1.35426234208219,-0.928620175741132,-0.224870110146984,-0.0505205047653385,0.822862355942179,-1.22413133136371,-6.49999914400027,0.168084922261247
16.3,-0.1459777,0.5020522,4.96958130971769,5.23506559480993e-06,1.44077914732921,-0.81237274765671,-0.210462318673692,-0.0586442322419056,0.870409581807695,-1.17373272650055,-6.49999995493854,0.000227561453225549
16.31,-0.1379892,0.5041962,5.16244489417979,4.36781651356797e-09,1.5244455521398,-0.704113108219105,-0.195217863152294,-0.0656853633240966,0.917736480213297,-1.12007253607094,-6.49999999697509,1.94587098979357e-07
16.32,-0.1283171,0.5055385,5.34352652589697,2.7682696319693e-12,1.60582553240521,-0.606451017495114,-0.179159607828242,-0.0717498734990478,0.965023804358234,-1.06453476924067,-6.49999999975244,1.26946880753045e-10
16.33,-0.1168359,0.5056161,5.51299176426576,1.93551997889126e-15,1.68556103232243,-0.522787655679525,-0.162303997505017,-0.076977750055843,1.01242752781865,-1.00993147305159,-6.49999999997626,9.1635286495333e-14
16.34,-0.1036646,0.5039518,5.66935905986684,2.67090946314644e-18,1.76234505014025,-0.456279754044734,-0.144680547003615,-0.0815405475962904,1.05962339175119,-0.960234503205531,-6.49999999999727,1.30555668263918e-16
16.35,-0.08772114,0.5013881,5.81727951147868,4.62611875694666e-21,1.8443589519877,-0.399367682993264,-0.126236957483738,-0.085534224426223,1.10826997273088,-0.913321061796534,-6.49999999999971,2.33618756408427e-19
16.36,-0.06981923,0.4969113,5.95085202238119,3.43219583758214e-23,1.92432384354576,-0.359593810214989,-0.10699371904828,-0.0891301625283729,1.15670176088212,-0.876051403849369,-6.49999999999996,1.78185363966286e-21
16.37,-0.04961681,0.4908685,6.0707143301448,1.05640305815361e-24,2.00455445249597,-0.333121043279407,-0.0869481745233206,-0.092461372961167,1.20524448713669,-0.847735146748335,-6.49999999999999,5.60806515071371e-23
16.38,-0.02721738,0.4832938,6.17580171477851,1.55562590257419e-25,2.08370690290685,-0.31878556920025,-0.0661111054942521,-0.0956492286531694,1.25355618191025,-0.828600929350265,-6.5,8.39001382115795e-24
16.39,-0.003444988,0.4737745,6.26446842790069,1.81786255153092e-25,2.15492863458179,-0.31894439393033,-0.0445618191484342,-0.0988386725924727,1.30070620698512,-0.820928331263032,-6.5,9.86870433703234e-24
16.4,0.02358007,0.4641406,6.33996521494867,1.8432632558219e-25,2.2330316942182,-0.318089462932875,-0.0222315022062522,-0.102019567221801,1.34837934641716,-0.812580961838807,-6.5,1.00794799558909e-23
16.41,0.0514264,0.4528877,6.39929312811312,8.69133573947822e-25,2.29801511007943,-0.328087602736529,0.000748648894542119,-0.105300443249167,1.39449387598032,-0.812694935602345,-6.5,4.75219021139686e-23
16.42,0.08056249,0.4408678,6.44422431863473,6.07651444667992e-24,2.35412698456421,-0.341328354978687,0.0242899187401843,-0.108713726798954,1.4396668631978,-0.814995727495958,-6.5,3.31578915493809e-22
16.43,0.1106442,0.4283106,6.47550816010653,4.57079176580925e-23,2.3990028163155,-0.355658424186192,0.0482799469033393,-0.112270311040816,1.48393748329489,-0.817706395594601,-6.5,2.488280813625e-21
16.44,0.1408964,0.4150529,6.49386509903257,4.18692200016233e-22,2.42716983514237,-0.372167854349854,0.072551645254763,-0.115991989584314,1.52733481766984,-0.821545054179603,-6.5,2.27176624633911e-20
16.45,0.172317,0.4025806,6.49999940346435,1.09329562373425e-21,2.4475056313121,-0.378922502731355,0.097026701567884,-0.119781214611628,1.57036779302616,-0.818051420040057,-6.5,5.94998210801911e-20
16.46,0.2031799,0.3898248,6.49419212656434,2.59823787540617e-21,2.4470115314034,-0.385009279771532,0.121496816881918,-0.123631307409343,1.61308341424162,-0.814035342839133,-6.5,1.41897869976372e-19
16.47,0.2334896,0.3772866,6.47648488125529,3.5639123886489e-21,2.42731645843999,-0.386502299096843,0.145769981466318,-0.127496330400311,1.65590454128568,-0.806796007562888,-6.5,1.95884799858955e-19
16.48,0.2629438,0.3651137,6.44646633645639,2.59483564573754e-21,2.38765039233946,-0.38258233451506,0.169646485389712,-0.131322153745462,1.69925954945049,-0.795868299183703,-6.5,1.44037220970044e-19
16.49,0.2908091,0.3528788,6.40302519771128,1.56337553497494e-21,2.32406667911379,-0.377032236011498,0.19288715218085,-0.135092476105577,1.74379285543216,-0.78397594966327,-6.5,8.77495202895337e-20
16.5,0.3178385,0.3418217,6.34502498250012,2.44566648580026e-22,2.24465443951469,-0.360291602389987,0.215333696575997,-0.138695392129477,1.78965474480412,-0.76422145268833,-6.5,1.39944007870047e-20
16.51,0.3426051,0.3304081,6.26925263079635,4.56166213085777e-23,2.13998579293201,-0.345344996666554,0.236733554505317,-0.142148842096142,1.83811275451218,-0.745963926676951,-6.5,2.66005945755642e-21
16.52,0.3655275,0.3193634,6.1726673154668,4.9323696924534e-24,2.01590278272199,-0.326450367154457,0.256892582332537,-0.145413345767687,1.88957930561496,-0.724889207853275,-6.5,2.94409033934076e-22
16.53,0.3861984,0.3081942,6.04994108438256,5.2050812177096e-25,1.87147699125912,-0.307886105356125,0.275607352245128,-0.148492206821248,1.94518951910116,-0.704191028693187,-6.49999999999991,3.18459482273967e-23
16.54,0.4044012,0.2967286,5.89372295872385,6.5391475286654e-26,1.70746436640602,-0.291073059998576,0.292681995909189,-0.151402937421234,2.00622304879776,-0.685011004260306,-6.4999999999924,4.101084017012e-24
16.55,0.4203051,0.2849284,5.69537451656819,1.03457665757204e-26,1.52768971955694,-0.276265957448855,0.307958893104758,-0.154165596995723,2.07372792376453,-0.667605059753215,-6.49999999849103,6.64769191265433e-25
16.56,0.4339053,0.2728688,5.44287926333531,1.9129698455635e-27,1.33442131850493,-0.26279589692974,0.321303106289807,-0.15679355596502,2.14919592323811,-0.651464206395476,-6.49999913627543,1.25931059979899e-25
16.57,0.4453703,0.2605325,5.12072805882908,4.24866835354622e-28,1.13118713189299,-0.250765129309272,0.332614977608737,-0.159301207258113,2.23399689135216,-0.63669456510613,-6.49827918929907,2.8642734297636e-26
16.58,0.454408,0.2475221,1.22459075829413,1.78789894215001e-28,0.917712698306033,-0.243231751230258,0.341792104591798,-0.161733524770415,2.33087111787299,-0.625894559621766,-1.68980509046771,1.22775141530671e-26
16.59,0.4617042,0.234555,2.09471078004526e-05,6.10783062132838e-29,0.701428154541922,-0.23426444145792,0.348806386137217,-0.164076169184994,2.43979711181182,-0.61403482977308,-3.2451639328837e-05,4.28404967924801e-27
16.6,0.4671028,0.2212692,2.50177350807678e-11,2.61389097444209e-29,0.482644245407393,-0.22684966385555,0.353632828591291,-0.16634466582355,2.56276214161765,-0.603665621427217,-4.57129148245357e-11,1.86906032182372e-27
16.61,0.4709534,0.2078276,6.81540736624831e-18,1.15289286436198e-29,0.265604567446985,-0.219625559607646,0.356288874265761,-0.168540921419626,2.69892715266429,-0.59360976620976,-1.59003362151315e-17,8.40433094596219e-28
16.62,0.4735283,0.1948021,1.38092740754089e-22,2.73346427900084e-30,0.0536080053244845,-0.208134046348555,0.356824954319005,-0.170622261883112,2.84585851760229,-0.579991266597581,-4.76441988581344e-22,2.04708528859161e-28
16.63,0.4751354,0.1823485,-2.45348749540514e-22,3.0667130714752e-31,-0.150054516363014,-0.191550251589057,0.355324409155375,-0.172537764399003,-2.3245137271781,-0.562023469924697,-1.33637496516433e-20,2.38258853027601e-29
16.64,0.4757974,0.1705051,-5.3036772325413e-17,1.67905830083276e-32,-0.344618810600331,-0.170063161679177,0.351878221049372,-0.174238396015794,-2.2485437662956,-0.539726554884718,-2.71835623217408e-15,1.36681384439841e-30
16.65,0.4758926,0.1596922,-1.27888122272913e-11,3.17178360916424e-34,-0.526667718029024,-0.140890763181126,0.346611543869082,-0.175647303647606,-2.18437133226504,-0.510281283301134,-6.26391056741618e-10,2.74523606122698e-32
16.66,0.4755029,0.1500821,-3.74803439006932e-07,2.54013481639712e-36,-0.695432486608631,-0.10345616552635,0.339657219002995,-0.176681865302869,-2.12938754962793,-0.472585245895042,-1.77199525628685e-05,2.36241978152496e-34
16.67,0.4745969,0.1414954,-0.0015024669946618,2.6904386034861e-38,-0.851166483753552,-0.0600295552957313,0.33114555416546,-0.177282160855826,-2.08141932945123,-0.428127893970498,-0.0690670011519099,2.65885934398445e-36
16.68,0.4732642,0.1340075,-0.129509049083398,1.98340215004649e-39,-0.993239039276169,-0.0107505295845485,0.321213163772698,-0.177389666151672,-2.03906498953645,-0.376339769514069,-5.82038753806027,1.99128569838889e-37
16.69,0.4719197,0.1281038,-0.147204188233821,8.9213598224168e-39,-1.1186191187475,0.0474238001769862,0.310026972585223,-0.176915428149902,-2.00171022684532,-0.313049222428471,-6.49624124999055,9.00755451770016e-37
16.7,0.4704649,0.1234992,-0.149513846718707,4.1462101953475e-36,-1.22860839022022,0.11121349235485,0.297740888683021,-0.175803293226353,-1.96813925909605,-0.240785643399007,-6.49994720176994,5.23480105145668e-34
16.71,0.4689989,0.1201258,-0.151393930889707,3.68248719708204e-33,-1.32295996042793,0.179259639062465,0.284511289078742,-0.174010696835729,-1.93769003958131,-0.160467941053616,-6.4999982432975,4.95357432940317e-30
16.72,0.4676217,0.1178923,-0.15299183224492,3.29231930596166e-28,-1.40153352512307,0.25009750378619,0.270495953827511,-0.171509721797867,-1.90984554713994,-0.0736272806462356,-6.49999987819553,8.00572252009849e-26
16.73,0.4665483,0.1168475,-0.154353553739105,-9.96935337991607e-24,-1.46339802079503,0.323454687840815,0.255861973619561,-0.168275174919459,-1.88431126878541,0.0191998569587635,-6.49999998348573,8.02161654208157e-22
16.74,0.4651931,0.1161901,-0.155550550534806,-1.96588851872361e-19,-1.51402842151444,0.392413303099666,0.240721689404416,-0.164351041888462,-1.86011833198925,0.108534127667686,-6.49999999657107,1.79823174949985e-18
16.75,0.4640079,0.1162364,-0.156590411809133,-2.83003594323098e-16,-1.55046541486648,0.459363548750725,0.225217035255751,-0.159757406400955,-1.83740829068133,0.196641181502116,-6.49999999884361,1.44678561378901e-15
16.76,0.4630457,0.1169168,-0.157497230913846,-1.28091778099983e-13,-1.57316679709666,0.52350223645043,0.209485367284785,-0.154522384036451,-1.81595703349545,0.281860288163459,-6.49999999939279,4.63269133060786e-13
16.77,0.462392,0.1181754,-0.158289156591931,-2.35629440102844e-11,-1.5823885124855,0.584211975973997,0.19366148215993,-0.148680264276711,-1.79560617126495,0.362980990983905,-6.49999999951489,6.64995768351248e-11
16.78,0.4617731,0.119578,-0.15898918669843,-1.60758241459553e-09,-1.58124374273335,0.637985546558784,0.177849044732596,-0.142300408811123,-1.77598389102948,0.435672173169777,-6.4999999994673,3.8071458253417e-09
16.79,0.4617333,0.1215994,-0.159597199505801,-6.49236757468138e-08,-1.56629771752351,0.688742155210381,0.162186067557361,-0.135412987259019,-1.75730587640793,0.504752425719784,-6.49999999910174,1.34131576715856e-07
16.8,0.4618915,0.1238187,-0.160131995819379,-1.34187638017727e-06,-1.54167567649785,0.733105334935685,0.146769310792383,-0.128081933909662,-1.73919990452181,0.566620185705092,-6.49999999793318,2.49853879958517e-06
16.81,0.4623937,0.1263538,-0.160598796901484,-1.6847175125325e-05,-1.50713483839506,0.772216001273557,0.131697962408432,-0.120359773896927,-1.72165196944593,0.622997341019044,-6.49999999335158,2.88707943808946e-05
16.82,0.4633121,0.1293785,-0.161003373845328,-0.000150216110234957,-1.4630904594033,0.807597011890902,0.117067057814399,-0.112283803778018,-1.70461238998593,0.67582682543835,-6.49999996979594,0.000240164483889713
16.83,0.4644912,0.1328179,-0.161352732511375,-0.000956489780405547,-1.41175667435266,0.838728191833606,0.102949491070872,-0.103896521859681,-1.68793550082561,0.724872834429127,-6.49999981492959,0.00144283635908747
16.84,0.4657738,0.1367458,-0.161651742529559,-0.00467597698067471,-1.35523393305269,0.866318351549769,0.0893971517403455,-0.0952333383441838,-1.67150271793026,0.771099310612681,-6.49999853762495,0.00671055006853075
16.85,0.4669108,0.1412125,-0.161903906576993,-0.0184148065753864,-1.29620745095068,0.890860650413652,0.0764350772308388,-0.0863247318400473,-1.65518364779,0.815176038721479,-6.49998614844798,0.0253034521666142
16.86,0.4676386,0.1462993,-0.162108615369223,-0.0614750367350031,-1.23728300099624,0.913068304895402,0.0640622472208763,-0.0771940487910932,-1.63887174374552,0.857890035417274,-6.4998553282329,0.0812719273897256
16.87,0.4675986,0.1520533,-0.162239839247581,-0.178103217510612,-1.18159954244798,0.933347012768583,0.0522462517963965,-0.0678605786634074,-1.62246185256146,0.899688795649038,-6.4985273731714,0.227429275921612
16.88,0.4664555,0.1585592,-0.162076219312585,-0.459016033827117,-1.13185116093768,0.952375349997134,0.0409277401870197,-0.0583368251634361,-1.60589389856165,0.941178692617001,-6.48716482848296,0.567906084255813
16.89,0.4638037,0.1658065,-0.160452190751628,-1.02060444742889,-1.09103085827096,0.97004159314498,0.0300174316043101,-0.0486364092319863,-1.58913412845754,0.982303512431241,-6.41919956696438,1.22697876272626
16.9,0.4594346,0.173864,-0.154312521014497,-1.93871025585438,-1.06030891278615,0.986871458038793,0.0194143424764486,-0.0387676946515983,-1.57222418142688,1.02345913721326,-6.17250732313819,2.27029245386857
16.91,0.4530511,0.182638,-0.143612054380338,-3.01869746638324,-1.04138961470579,1.00208382979215,0.00900044632939068,-0.0287468563536769,-1.55522497133657,1.06412765630142,-5.74519974821805,3.45229168472242
16.92,0.4444436,0.1918052,-0.137837908160912,-3.82828492677979,-1.03508908019492,1.01317222368178,-0.00135044447255848,-0.0186151341168591,-1.53822986660939,1.10286079696793,-5.51652992581363,4.28920479293464
16.93,0.4338188,0.2021896,-0.141333951616485,-4.67394068571427,-1.03884050859761,1.02681948472832,-0.0117388495585346,-0.00834693926957594,-1.52132407803914,1.14369453603081,-5.66049325272572,5.13503646575595
16.94,0.421231,0.2128782,-0.150030849879756,-5.12466416342898,-1.05140274366898,1.03559441149324,-0.0222528769952243,0.0020090048453565,-1.50457094643478,1.18245249503987,-6.01481800697817,5.53676864832907
16.95,0.4067324,0.2241077,-0.157091091331287,-5.40564769480167,-1.07158995974852,1.04165962526573,-0.0329687765927095,0.0124256010980138,-1.48801217313253,1.22053007029916,-6.30589242831627,5.75491998778035
16.96,0.391033,0.2359027,-0.159887418707213,-5.58498439478325,-1.09314469343619,1.04536952325736,-0.0439002235270715,0.0228792963305874,-1.47152120407333,1.25824257067176,-6.42810415248737,5.86920531671388
16.97,0.3742413,0.2479819,-0.160724921190936,-5.63639927471315,-1.11496921619905,1.04467287488698,-0.055049915689062,0.0333260250794572,-1.45507544102241,1.29492026709797,-6.47360224829399,5.85779367820987
16.98,0.3571045,0.26057,-0.160723576682256,-5.61678044985378,-1.13107821436662,1.04166180961325,-0.0663606978327282,0.0437426431755897,-1.43842949157527,1.33161275904607,-6.48740697150544,5.78128307124043
16.99,0.340066,0.2736327,-0.160416265135102,-5.5011920404344,-1.13835238986134,1.03625159754435,-0.0777442217313415,0.0541051591510332,-1.4214065047407,1.3684349466934,-6.4911292518948,5.615725884866
17,0.3233837,0.2869387,-0.159933915461543,-5.16550914679531,-1.13541075839778,1.02684145487049,-0.0890983293153193,0.0643735736997381,-1.40388250714182,1.40512428986138,-6.49027344303522,5.23718229984815
17.01,0.3074838,0.3003138,-0.159182182742696,-4.38154416156534,-1.11973439025186,1.01242717949474,-0.100295673217838,0.0744978454946856,-1.38562671543407,1.4417911186573,-6.48141517629107,4.41823982222613
17.02,0.2926165,0.3139484,-0.157416884922523,-3.11793349843079,-1.09044655830763,0.994958964431961,-0.111200138800914,0.0844474351390052,-1.36646512015855,1.4792460634879,-6.43454046946287,3.13103911267111
17.03,0.2787291,0.3275118,-0.148651220145005,-1.52919701866934,-1.04917641431678,0.972185071619972,-0.121691902944082,0.0941692858552049,-1.34638357031597,1.51754782308145,-6.10365676185059,1.53136644190738
17.04,0.2659192,0.3409104,-0.0884963651084578,-0.454954276281747,-0.996332984322441,0.943912153739904,-0.131655232787306,0.103608407392604,-1.32525203287519,1.55737296194376,-3.65265620218722,0.454995247236196
17.05,0.2542173,0.3540728,-0.00809390246297117,-0.084805043678181,-0.932885323588593,0.910171534346052,-0.140984086023192,0.112710122736064,-1.30296716597646,1.5996315581166,-0.336089544996187,0.0848402947161923
17.06,0.2430647,0.3665997,-0.00022217221900674,-0.00909275180023964,-0.86437353248753,0.868461069146907,-0.149627821348068,0.121394733427534,-1.27996618109764,1.6457530770159,-0.00928821927342673,0.00911834278857259
17.07,0.2324995,0.3785387,-3.3679955810908e-06,-0.000586642847016778,-0.791296975843867,0.820018021232652,-0.157540791106506,0.12959491363986,-1.25617568229624,1.69790534211693,-0.000141882332953496,0.000591411668824972
17.08,0.2221893,0.3896875,-3.30988650502097e-08,-2.02530445161703e-05,-0.717027501447127,0.764069375745795,-0.164711066120978,0.137235607397318,-1.23195910131415,1.75970265959889,-1.40612829300028e-06,2.06196827868191e-05
17.09,0.2118609,0.3998906,-2.36004766794023e-10,-3.25938528644014e-07,-0.644218270869381,0.700318025377426,-0.171153248829671,0.144238787651092,-1.20770411455651,1.83740998903427,-1.0117671748696e-08,3.37870172542923e-07
17.1,0.201403,0.4091662,-1.28538469442695e-12,-2.23242456689337e-09,-0.574052035120239,0.629892904089235,-0.176893769180874,0.150537716691985,-1.18365438509675,1.94150891290227,-5.56408038478782e-11,2.39504975558936e-09
17.11,0.1904116,0.4170344,-7.03760704293694e-15,-4.05285395439913e-12,-0.509875211838242,0.549987472267119,-0.181992521299256,0.156037591414656,-1.16056889926238,2.09789244890906,-3.07671243224947e-13,4.68913148336708e-12
17.12,0.1788011,0.4238356,-4.39500960756528e-17,-1.74264192681572e-15,-0.45226539630637,0.46448240870472,-0.18651517526232,0.160682415501703,-1.13876621367263,2.34894948668076,-1.94056430893261e-15,2.44715981536413e-15
17.13,0.1667421,0.4293321,-2.97926757377219e-19,-7.23573798702138e-20,-0.399722954545634,0.37247404793305,-0.190512404807776,0.164407155981033,-1.11808902213161,2.7701588852579,-1.32856032740199e-17,1.99682968096068e-19
17.14,0.1540984,0.4335052,-2.66176657823259e-21,6.3026825837242e-27,-0.353217331165219,0.27488146841473,-0.194044578119428,0.167155970665181,-1.09893654963333,-2.94911835394908,-1.19844746118912e-19,1.53645813298354e-24
17.15,0.1409808,0.4363904,-3.13033190468519e-23,1.4656163709291e-32,-0.311686573066236,0.173011738634074,-0.197161443850091,0.168886088051522,-1.08118698122994,-2.48881696550108,-1.42257376398278e-21,9.62855913728763e-31
17.16,0.1275098,0.4380311,-4.73015967402322e-25,1.61498321708336e-38,-0.274046979997994,0.0681590776583683,-0.199901913650071,0.169567678828105,-1.06465487994036,-2.21123718803097,-2.16900528207143e-23,8.05756189295105e-37
17.17,0.1138026,0.4384651,-8.89611122406359e-27,1.33401640339671e-39,-0.239300546091052,-0.0385071621737509,-0.202294919110981,0.169182607206368,-1.04912948193335,-2.04475745012144,-4.11502159894165e-25,6.01284083519137e-38
17.18,0.1002336,0.4379637,-1.57128489890028e-28,-2.50984952637692e-34,-0.204508696731576,-0.144072036149531,-0.204340006078297,0.167741886844872,-1.03374996112738,3.11051290706343,-7.33325051967449e-27,1.10744721607118e-32
17.19,0.08648213,0.4363587,-3.9759258670672e-30,2.70786992903489e-28,-0.172366461013073,-0.249288716197452,-0.206063670688428,0.165248999682898,-1.01939584318776,-3.0847493450822,-1.87153109039259e-28,4.00568115352062e-26
17.2,0.07305364,0.4340235,-1.01106334032678e-31,-7.93368378378066e-24,-0.138922757147,-0.350620285180671,-0.207452898259898,0.161742796831091,-1.00477279256858,-2.99749882762699,-4.8020644647672e-30,1.41095578119947e-20
17.21,0.0598335,0.4310214,-3.60848615303566e-33,2.94791410607441e-18,-0.105360992891107,-0.447251013293403,-0.208506508188809,0.157270286698157,-0.990269131124194,-2.9113646534624,-1.72956372192009e-31,4.03875010593438e-16
17.22,0.04684313,0.4275882,-2.31721162952805e-34,1.40460230305255e-14,-0.0717170545222743,-0.53711046942915,-0.209223678734032,0.151899182003866,-0.975890921125341,-2.82782890085559,-1.12099803395533e-32,1.41739601261582e-12
17.23,0.03405694,0.4238243,-3.57126972747049e-35,9.85703960060544e-12,-0.038390816651102,-0.61938649379481,-0.209607586900543,0.145705317065918,-0.961785623620724,-2.74726376497219,-1.74384748426905e-33,9.90362980630237e-10
17.24,0.02130517,0.4199092,-1.61980891168733e-35,1.99399575312566e-09,-0.00687031971884977,-0.692760530650803,-0.209676290097731,0.13877771175941,-0.948555049412599,-2.67040250283301,-7.98049998175029e-34,1.85893666369729e-07
17.25,0.008454623,0.4159692,-1.94236447138873e-35,1.47263113555636e-07,0.0217665699761973,-0.756483387140383,-0.209458624397969,0.131212877888006,-0.936689529129834,-2.59745822750124,-9.64818864541847e-34,1.187714063457e-05
17.26,-0.004692201,0.4120858,-4.32022924033093e-35,4.42401161194963e-06,0.0460431901581835,-0.810276177365392,-0.208998192496387,0.123110116114352,-0.926884820867808,-2.52825123076713,-2.16073953757989e-33,0.000310694983444601
17.27,-0.01826957,0.4083859,-1.15558325192098e-34,5.85876804260982e-05,0.0651153783843981,-0.853584750422051,-0.208347038712543,0.114574268610131,-0.91958389414161,-2.46282870576049,-5.8095758790054e-33,0.00370572452075719
17.28,-0.03248828,0.4048374,-2.45681598771294e-34,0.000396015465592532,0.0776418103391165,-0.887206933219845,-0.207570620609152,0.105702199277933,-0.915432818283883,-2.4002472940548,-1.23881005210386e-32,0.0232079570776838
17.29,-0.04714221,0.4017851,-3.9712152234335e-34,0.00130379948857423,0.0856646111792578,-0.908991432548252,-0.20671397449736,0.0966122849524503,-0.913506444073107,-2.34180058842482,-2.00519416647556e-32,0.0721141677896033
17.3,-0.06324247,0.3981473,-2.39182650932905e-34,0.00360425379600115,0.0816391075301262,-0.928172376843786,-0.205897583422058,0.0873305611840124,-0.917151125468167,-2.28061219999169,-1.20455670328463e-32,0.189322340493999
17.31,-0.07991618,0.3948513,-1.05309607820628e-34,0.00584794466330202,0.0733164912501003,-0.937586339126422,-0.205164418509557,0.0779546977927482,-0.922603301651151,-2.22147440475346,-5.28297698092547e-33,0.293887500311693
17.32,-0.09706666,0.391629,-4.01578802013845e-35,0.00663575943001602,0.061842482955818,-0.940025887561961,-0.204545993679999,0.0685544389171286,-0.929206840995182,-2.16223838627212,-2.00519506968678e-33,0.320295320230484
17.33,-0.114328,0.3887759,-1.75810707517725e-35,0.00482733660526762,0.0503839237055246,-0.93370601619086,-0.204042154442944,0.05921737875522,-0.935478532724664,-2.1038070528523,-8.74029666037162e-34,0.224761750919056
17.34,-0.1323578,0.3851761,-7.33731204637962e-36,0.00362453144337296,0.0339115775503878,-0.928061516999911,-0.20370303866744,0.0499367635852209,-0.943535380605113,-2.04001209057897,-3.62741074403251e-34,0.162972111631494
17.35,-0.1504055,0.3813869,-4.39170067901088e-36,0.00222626170982883,0.0187555292878976,-0.918715213771684,-0.203515483374561,0.040749611447504,-0.950549469540437,-1.97329450875784,-2.16077177178178e-34,0.0969992520414597
17.36,-0.1672398,0.3783573,-3.89809825649157e-36,0.000749550015137008,0.0144740102264649,-0.89859788495566,-0.203370743272296,0.0317636325979474,-0.952703674795504,-1.90705531103157,-1.91510935988747e-34,0.0318133746887717
17.37,-0.1838363,0.3746861,-3.67233921524972e-36,0.00026078859264896,0.0126810538310664,-0.879611320652921,-0.203243932733986,0.0229675193914182,-0.953743605732144,-1.83488395621834,-1.80292489669822e-34,0.0108175855390173
17.38,-0.1986915,0.3718506,-4.53492054730308e-36,4.81787922735209e-05,0.0248733235454743,-0.850243277956245,-0.202995199498531,0.0144650866118558,-0.949005875875419,-1.76129633404082,-2.23358476524984e-34,0.00196374260835426
17.39,-0.2128429,0.3686469,-7.97251231356444e-36,8.37004462677004e-06,0.0418415913138617,-0.820881543125908,-0.202576783585392,0.00625627118059669,-0.942443558409082,-1.68171565890281,-3.94440324745677e-34,0.000336934928586867
17.4,-0.2247424,0.3668013,-5.91870616472601e-35,5.83323571067185e-07,0.0751286888306133,-0.778222395692866,-0.201825496697086,-0.00152595277633197,-0.928989761733541,-1.59838183861809,-2.95582611117191e-33,2.3342092212631e-05
17.41,-0.2349448,0.3653962,-3.16348170529731e-33,2.50794014645447e-08,0.118962463045996,-0.730727787893191,-0.200635872066626,-0.00883323065526388,-0.91079533910057,-1.50726176546682,-1.6004683130122e-31,1.0052656936151e-06
17.42,-0.2432017,0.3648938,-1.63254885555805e-30,4.90164460940216e-10,0.174182897049828,-0.675456145368142,-0.198894043096128,-0.0155877921089453,-0.886833587494716,-1.40537879769806,-8.40646046851208e-29,1.98862072856637e-08
17.43,-0.2493704,0.3655485,-5.10203053119855e-27,3.32160690980555e-12,0.240677545968616,-0.611367167966407,-0.196487267636442,-0.0217014637886094,-0.856125071024535,-1.28678914280166,-2.69029731941179e-25,1.38576866743117e-10
17.44,-0.2537968,0.3668905,-2.74417300511923e-23,8.80646124518672e-15,0.314480273004708,-0.543209928194393,-0.193342464906395,-0.0271335630705533,-0.819490659822125,-1.14580140398583,-1.49158781563536e-21,3.87573577767195e-13
17.45,-0.2561299,0.3695255,-1.73027946245998e-19,4.38300315436839e-18,0.39729470316562,-0.466994014756494,-0.189369517874738,-0.0318035032181182,-0.774220593280926,-0.967806828184498,-9.80329841214942e-18,2.13166379664414e-16
17.46,-0.256621,0.3731098,-6.7132457388787e-16,3.12383612922121e-22,0.485964125622584,-0.386500595296937,-0.184509876618513,-0.0356685091710876,-0.720077419076536,-0.741588377747962,-4.02947929523959e-14,1.8302006003035e-20
17.47,-0.255293,0.3775589,-1.34807457918018e-12,1.2570785619876e-27,0.57931272803533,-0.303221099996032,-0.178716749338159,-0.0387007201710479,-0.655231091344713,-0.460747082275521,-8.82296778691144e-11,1.19213345470928e-25
17.48,-0.2522699,0.3825756,-1.25332277024442e-09,-7.59811750959307e-36,0.675442473324594,-0.22020579610635,-0.171962324604913,-0.0409027781321114,-0.578023471087603,-0.147127083724007,-9.4233980206637e-08,2.10202187758034e-32
17.49,-0.2474814,0.3879861,-5.90786534396459e-07,-1.45754522535502e-42,0.774091093325762,-0.139301999244499,-0.164221413671656,-0.0422957981245564,-0.484696859054377,0.155220954566887,-5.37635936612563e-05,9.29452384666166e-42
17.5,-0.2410111,0.3935272,-0.000165810326019572,-3.12211030387521e-56,0.87380873865408,-0.0628977608704044,-0.155483326285115,-0.0429247757332605,-0.372035849018602,0.40784154901265,-0.0166361478177973,7.87251089554824e-56
17.51,-0.2331218,0.398494,-0.0150071756044429,-1.76289107686125e-68,0.971858887746556,0.00339013984179193,-0.145764737407649,-0.0428908743348425,-0.23905002380453,0.593019038414424,-1.91770031499524,3.15339634203656e-68
17.52,-0.2224022,0.4038708,-0.0376423912114293,-5.26664073648517e-55,1.07870225869027,0.0676198261348704,-0.134977714820747,-0.0422146760734938,-0.0629804206004837,0.74588668487161,-6.40170424451436,7.76214451016971e-55
17.53,-0.2098187,0.4085957,0.954135230557631,-1.13849001689338e-44,1.18550670824791,0.121278241840503,-0.123122647738268,-0.0410018936550888,0.14488094603095,0.859142897501595,-6.49899731820347,1.50348987202854e-44
17.54,-0.194719,0.4128906,2.4430929181073,-2.48124850134049e-38,1.29666702168785,0.166591661990748,-0.110155977521389,-0.0393359770351813,0.385715009676266,0.949068192893619,-6.49998760025875,3.05239875280732e-38
17.55,-0.1769448,0.4166337,3.87705618233835,-3.0063279889154e-34,1.41237975519381,0.202987199842632,-0.0960321799694509,-0.037306105036755,0.639080226887712,1.02189985931017,-6.49999981581237,3.52386125944486e-34
17.56,-0.1564218,0.4197281,4.99449299526253,-1.29104789169081e-31,1.53214788332175,0.230185359534232,-0.0807107011362335,-0.0350042514414127,0.876369461898716,1.08197567788679,-6.49999999670548,1.4622383834436e-31
17.57,-0.1331956,0.4220551,5.72639528643677,-4.58779990498713e-30,1.65455786107886,0.247816099304317,-0.0641651225254449,-0.0325260904483695,1.07785648693017,1.13189046663312,-6.49999999992714,5.06797043462816e-30
17.58,-0.1074386,0.4235087,6.14698211107646,-2.05240907259706e-29,1.7773055048018,0.255699080902439,-0.0463920674774269,-0.0299690996393451,1.23963200002083,1.17329270409036,-6.49999999999792,2.225887402136e-29
17.59,-0.07943948,0.423991,6.36625106293957,-1.35912792491565e-29,1.89736340755536,0.253788699302435,-0.0274184334018733,-0.0274312126463208,1.3675331266154,1.20704155942518,-6.49999999999992,1.45423999644749e-29
17.6,-0.04959943,0.4234504,6.46696465913905,-1.36512328235317e-30,2.01108107626606,0.242466092451558,-0.00730762263921265,-0.0250065517218052,1.46990812727944,1.23354844553333,-6.5,1.44657285111587e-30
17.61,-0.01834521,0.4218353,6.49911870809138,-1.72033980647271e-32,2.11493171871324,0.222141177165615,0.0138416945479197,-0.022785139950149,1.55432488386053,1.25241426423146,-6.5,1.81132892657532e-32
17.62,0.01325322,0.4187222,6.48983231465493,-7.93036374205911e-36,2.20074204743386,0.190352101944291,0.0358491150222583,-0.0208816189307061,1.62675076560812,1.25949121361063,-6.5,8.33058808744135e-36
17.63,0.04578416,0.4150142,6.45264724797761,-3.20722614426137e-40,2.27391530747524,0.155222045370431,0.0585882680970107,-0.0193293984770018,1.69160648477153,1.25845394164105,-6.5,3.37021247286282e-40
17.64,0.07741205,0.4096336,6.3923917624635,-8.51272036150637e-48,2.32075304145077,0.108849277426988,0.0817957985115184,-0.0182409057027319,1.7530558103962,1.23580803830969,-6.5,9.01351305519466e-48
17.65,0.1088626,0.4035937,6.31040069078196,-4.8045987423069e-60,2.34859778570923,0.0602813799324236,0.105281776368611,-0.0176380919034077,1.81297995898417,1.18987971442712,-6.5,5.17538691228549e-60
17.66,0.1394233,0.3966689,6.20359510109826,-1.39618365372567e-85,2.35320878239846,0.00823815915278359,0.128813864192595,-0.0175557103118799,1.87402411643434,1.10139532282302,-6.5,1.56544304661029e-85
17.67,0.1688226,0.3890103,6.06617409549022,-1.60874878743067e-65,2.33422698817564,-0.0455134352762709,0.152156134074352,-0.0180108446646426,1.93829788766298,0.939516136951439,-6.5,1.99280271204516e-65
17.68,0.1965732,0.3802797,5.88744171176901,-4.1607802697117e-49,2.28979248025444,-0.103132300570806,0.175054058876896,-0.0190421676703506,2.00850884355178,0.633896006574658,-6.5,7.02458351301465e-49
17.69,0.2230266,0.3709314,5.65765555190327,-3.20454496758162e-40,2.22483513085748,-0.160432719908104,0.197302410185471,-0.0206464948694317,2.0856374046639,0.177448588590936,-6.5,1.80262343896264e-39
17.7,0.2478754,0.36086,5.35903647777613,6.29120117450453e-35,2.13892997786022,-0.217902193168649,0.218691709964073,-0.0228255168011182,2.17236825681475,-0.265787757422878,-6.5,6.99005126978438e-33
17.71,0.2712186,0.3501335,4.97313913068861,8.73775124368687e-30,2.03495648060456,-0.274643521723185,0.239041274770119,-0.02557195201835,2.2703344945869,-0.547329310487943,-6.5,7.00007142071179e-28
17.72,0.2932392,0.3388502,4.48276771163895,1.01399574250447e-25,1.91632890382675,-0.329598786349679,0.258204563808386,-0.0288679398818468,2.38041560127165,-0.699594398515847,-6.49999999999997,6.23970631886564e-24
17.73,0.3141023,0.3270984,3.87662047368936,1.72742010138172e-22,1.78615095115139,-0.381879674647015,0.2760660733199,-0.032686736628317,2.50259626965696,-0.779352993899858,-6.49999999999909,9.73858471127955e-21
17.74,0.3339997,0.3150686,3.15532304388169,6.67932384335523e-20,1.64755988922803,-0.429889197217117,0.29254167221218,-0.0369856286004882,2.63523340591496,-0.817254207494729,-6.49999999995696,3.63756592712323e-18
17.75,0.3530366,0.3028319,2.32291899707818,8.20301368822408e-18,1.5028345042661,-0.473109075402357,0.307570017254841,-0.0417167193545117,2.77541459097782,-0.830689256917325,-6.49999999667452,4.41637869369454e-16
17.76,0.3713565,0.2906281,1.43289900222319,3.47235126832471e-16,1.35441013614749,-0.509778167356307,0.321114118616316,-0.0468145010280748,2.91844903612135,-0.826770117065105,-6.49999957180631,1.87566192444903e-14
17.77,0.3889448,0.2783022,0.509606483690943,7.09492868019431e-15,1.20333176296154,-0.541376951870475,0.333147436245932,-0.0522282705467796,3.05998213870827,-0.81340679986723,-6.4999018722358,3.87689544444189e-13
17.78,0.4058841,0.2662299,-0.0462140012295605,6.15038443879333e-14,1.05133389005275,-0.565180450351608,0.343660775146459,-0.0578800750502956,-3.08794907629291,-0.790191091550407,-6.45823126627637,3.43199502324417e-12
17.79,0.42208,0.254472,-0.00264220793781883,2.50004167451773e-13,0.898653356063527,-0.581166591567242,0.352647308707094,-0.0636917409659681,-2.96146549665696,-0.759522165658238,-0.952327042386296,1.43738136881889e-11
17.8,0.4374584,0.2429297,-5.05675510336233e-06,5.63906339420855e-13,0.74567116259859,-0.590602581475828,0.36010402033308,-0.0695977667807263,-2.84519663080299,-0.724260559637887,-0.000520281610758585,3.36834333695147e-11
17.81,0.4519086,0.2316061,-9.00691614103174e-10,7.51338532638286e-13,0.592456563941894,-0.593902543461306,0.366028585972499,-0.0755367922153394,-2.73932264180302,-0.685545277907012,-9.03747836490261e-08,4.70871224101868e-11
17.82,0.465273,0.2206125,-6.57049930819323e-14,5.75146715658044e-13,0.438714706695443,-0.590648137247991,0.370415733039454,-0.0814432735878193,-2.64312289326505,-0.643270365684609,-5.82339169889509e-12,3.83574201997796e-11
17.83,0.4774289,0.2097029,-3.27808540902895e-18,3.08725954033569e-13,0.28444671889617,-0.583265744504834,0.373260200228415,-0.0872759310328677,-2.5557656638938,-0.600339665855278,-2.42649161472446e-16,2.22153310249198e-11
17.84,0.4882388,0.1988777,-8.05719806557859e-22,1.18863649334864e-13,0.129544601018338,-0.572105697424416,0.374555646238599,-0.0929969880071118,-2.47622179264646,-0.557080166407879,-5.1940087932424e-20,9.33014441709462e-12
17.85,0.4976107,0.1880347,-5.69475287772344e-23,3.60303766748258e-14,-0.0257338179005444,-0.558311527527854,0.374298308059593,-0.0985801032823903,-2.40364274636991,-0.514639694358123,-3.34970738103564e-21,3.09077050186046e-12
17.86,0.5054869,0.1769878,-4.72063035940817e-21,1.00145439844588e-14,-0.18088341384729,-0.543605808288484,0.37248947392112,-0.104016161365275,-2.71003749877648,-0.474703263367135,-4.64987064158952e-19,9.27966759406305e-13
17.87,0.5118738,0.1659509,-5.76012861443016e-17,2.2294871480363e-15,-0.334939420538284,-0.526477932644617,0.369140079715738,-0.109280940691721,-2.62696013525404,-0.435365437110196,-4.94124684194579e-15,2.18734338220092e-13
17.88,0.5168545,0.1543313,-1.36404880991232e-12,6.25426123142777e-16,-0.486423457731121,-0.511810934304002,0.364275845138426,-0.114399050034761,-2.54797020917095,-0.401640638357319,-9.9433652080795e-11,6.27645061973639e-14
17.89,0.5205353,0.1427021,-1.28473419343343e-08,1.43666834673191e-16,-0.633805106520391,-0.495044220587801,0.357937794073223,-0.119349492240639,-2.47330552789189,-0.368275133935095,-8.24695611969964e-07,1.44053566109905e-14
17.9,0.5230917,0.1309705,-3.38444996381414e-05,2.86254851351638e-17,-0.775160537048734,-0.47715435532027,0.350186188702735,-0.124121035793842,-2.40319522798351,-0.336156874291121,-0.00198978969951475,2.86251150364172e-15
17.91,0.5248531,0.1195461,-0.0207064690548672,3.51863302240446e-18,-0.907557903422997,-0.455147505560742,0.341110609668505,-0.12867251084945,-2.33806556183204,-0.302071381345819,-1.14143328320626,3.59197277211771e-16
17.92,0.5254481,0.1075781,-0.122142166036371,5.27274184400631e-19,-1.03376052586355,-0.436073241110146,0.33077300440987,-0.133033243260551,-2.27621681009625,-0.273094713305821,-6.3937176273364,5.71566935244532e-17
17.93,0.5255336,0.09614582,-0.129566639445212,3.71140421433126e-20,-1.14840732440385,-0.411433219158441,0.319288931165831,-0.137147575452135,-2.21880328363855,-0.240421036107088,-6.49900083087972,4.69751835918611e-18
17.94,0.5251732,0.08516213,-0.13440676330989,1.13959466534409e-21,-1.25120053145566,-0.382478543277374,0.306776925851275,-0.140972360884909,-2.16517853241742,-0.205363024147579,-6.49997945391099,2.11969929375308e-19
17.95,0.5245191,0.07523309,-0.138689587218754,3.05173447194977e-24,-1.34125559490163,-0.345008819792977,0.293364369902258,-0.144422449082839,-2.1149500898962,-0.163805547551893,-6.49999914893818,2.86745775265759e-21
17.96,0.5234153,0.06528713,-0.142510414667334,-3.85867731788744e-26,-1.42020989446685,-0.308225551316083,0.27916227095759,-0.147504704596,-2.06718257665166,-0.124682221043481,-6.49999993923027,3.12841201348789e-23
17.97,0.5219433,0.05627254,-0.145901511316119,2.82512944103681e-28,-1.48780725369875,-0.264933059883305,0.264284198420602,-0.150154035194833,-2.02153852457802,-0.0808120905107166,-6.49999999294845,9.86493670913644e-26
17.98,0.5201716,0.04808286,-0.148897941193065,7.52930028262131e-31,-1.54397850240772,-0.216722113031222,0.248844413396525,-0.152321256325145,-1.97769175944085,-0.0336233874894462,-6.49999999873404,9.26269390988718e-29
17.99,0.518051,0.04060594,-0.151542283926708,-3.03984916510369e-34,-1.58963732435775,-0.165134741104238,0.232948040152948,-0.153972603736187,-1.93518830518998,0.0155927980444507,-6.4999999996709,3.14253317582725e-32
18,0.5154831,0.03354503,-0.153870007246095,-5.42112160759184e-37,-1.62607096756996,-0.113046677570935,0.216687330477248,-0.155103070511897,-1.89359596500993,0.0643540574185886,-6.4999999998839,9.32988740351415e-36
18.01,0.5123557,0.0267012,-0.155905849902802,-1.24617337879909e-39,-1.65462953382213,-0.0623543105800124,0.200141035139027,-0.155726613617697,-1.85255668665253,0.111175964169771,-6.4999999999475,1.11062495453479e-38
18.02,0.5090559,0.02044157,-0.157644981842658,-4.9963670376822e-41,-1.67274648272161,-0.0104059770251599,0.183413570311811,-0.155830673387948,-1.81228702243726,0.158811477413213,-6.49999999996752,3.11794584299977e-40
18.03,0.5052955,0.01418252,-0.159113890006065,-2.10215924163021e-40,-1.68333523166319,0.0378588639824482,0.166580217995179,-0.155452084748124,-1.7722919473119,0.202992374476211,-6.49999999997496,1.04312768718855e-39
18.04,0.5016163,0.008487267,-0.160307194138782,-4.30909386216048e-38,-1.68271644067165,0.0868046319290112,0.149753053588462,-0.154584038428834,-1.73283457894762,0.247971979091771,-6.49999999997329,1.76588031428739e-37
18.05,0.4975915,0.002562306,-0.16124318193041,-2.6147935071511e-35,-1.6750472459718,0.129926984594455,0.133002581128744,-0.153284768582889,-1.6934080901277,0.288164523276566,-6.49999999996506,9.25400053307945e-35
18.06,0.494157,-0.002445273,-0.161915922631591,-4.39893336029805e-32,-1.65367480293454,0.176315676693301,0.116465833099399,-0.151521611815956,-1.65435246126439,0.331873948472466,-6.49999999993134,1.35520698986552e-31
18.07,0.4907682,-0.00746773,-0.16233520198973,-3.07349828076817e-29,-1.62398707617112,0.21820515151199,0.100225962337688,-0.149339560300836,-1.61517012751809,0.372487526713065,-6.49999999982521,8.45854108450735e-29
18.08,0.4882695,-0.0114274,-0.162497823665273,-2.66604386864523e-26,-1.58026925552461,0.264048734728801,0.0844232697824416,-0.146699072953548,-1.5758952261028,0.417503869029382,-6.49999999929949,6.57393171738934e-26
18.09,0.4863727,-0.01481327,-0.162399723622411,-1.29333307926294e-23,-1.52608820495916,0.30946857569344,0.0691623877328499,-0.143604387196614,-1.53618360907872,0.463340491025949,-6.49999999591065,2.89125713155811e-23
18.1,0.4851636,-0.01743983,-0.162029325866026,-4.16436711048797e-21,-1.46190772992656,0.355659347945897,0.0545433104335843,-0.140047793717155,-1.49579349110318,0.511163024064701,-6.4999999643703,8.50522285947372e-21
18.11,0.484884,-0.01894557,-0.16136757641206,-1.19467834455217e-18,-1.3870129055968,0.405081936416197,0.0406731813776163,-0.135996974352993,-1.45441874142891,0.56308828366741,-6.49999949932509,2.23683039804949e-18
18.12,0.4854947,-0.01932142,-0.160387276046517,-2.79294653507211e-16,-1.30297946426997,0.457253040807975,0.0276433867349167,-0.131424443944913,-1.41176224428325,0.618758378049684,-6.49998848806694,4.81456075151752e-16
18.13,0.4870474,-0.01831162,-0.159041329299492,-6.0314855535811e-14,-1.21061384866938,0.513621483770329,0.0155372482482228,-0.12628822910721,-1.36747601056056,0.679219541709204,-6.49954205572257,9.60259735312227e-14
18.14,0.4889599,-0.01608004,-0.156677484843873,-9.8560892765815e-12,-1.11560916284917,0.572244764734339,0.00438115661973117,-0.120565781459867,-1.32171543818806,0.742877506031427,-6.47275304580795,1.45737619843754e-11
18.15,0.4909667,-0.01260568,-0.114369963307769,-1.20871834439242e-09,-1.020786171433,0.632749541677361,-0.00582670509459882,-0.114238286043093,-1.27465734840295,0.809291610041026,-4.78928393035605,1.67017748358252e-09
18.16,0.492907,-0.007663091,-0.00356779452582184,-1.24699168733304e-07,-0.927937848091553,0.696363257083947,-0.0151060835755144,-0.107274653472253,-1.22654887529271,0.878943064908855,-0.151868364583786,1.61940649100005e-07
18.17,0.4940116,-0.001510044,-3.06046939079616e-05,-9.15745520847126e-06,-0.84340242755703,0.760454314835107,-0.0235401078510847,-0.0996701103239024,-1.17884973540666,0.949865730507799,-0.00132746100189548,1.12589435562819e-05
18.18,0.4939554,0.005923217,-3.13601900947534e-07,-0.000503999394520031,-0.769547973031106,0.825129200950798,-0.0312355875813957,-0.0914188183143945,-1.13278270578401,1.02181026094323,-1.38857789840792e-05,0.000590794253875526
18.19,0.4923842,0.01464966,-5.16125339748516e-09,-0.0210615681787879,-0.708716747683406,0.890041811727313,-0.0383227550582298,-0.0825184001971213,-1.08986003441636,1.09424198032083,-2.33479121142182e-07,0.0237014557970473
18.2,0.4890392,0.02467889,-1.77599215681583e-10,-0.615342550935006,-0.662254087044256,0.954844444438228,-0.0449452959286723,-0.072969955752739,-1.05144968021622,1.16663789968015,-8.20425902670077e-09,0.669238036674559
18.21,0.4834944,0.0357935,-1.85258142374221e-11,-4.44300150072238,-0.632603516954984,1.01745828980692,-0.0512713310982222,-0.0627953728546698,-1.01922827023428,1.23797163371411,-8.72127672931461e-10,4.70084966959273
18.22,0.4766014,0.04895046,-3.691215791864e-12,-6.18167241463172,-0.612057874380842,1.08507199443191,-0.0573919098420306,-0.0519446529103507,-0.990978453812287,1.30990344293957,-1.76841761040841e-10,6.39807797071187
18.23,0.4679875,0.06354455,-1.80971028462003e-12,-6.37734876744756,-0.602897556752792,1.15218874964903,-0.0634208854095585,-0.0404227654138604,-0.967745454896243,1.38035062624316,-8.80184302976612e-11,6.49471526707159
18.24,0.4579847,0.07973079,-1.71260249532554e-12,-6.45165480859908,-0.601721328585816,1.21962631272,-0.0694380986954167,-0.0282265022866604,-0.948239781682015,1.44911871697628,-8.43949277111578e-11,6.49968685949489
18.25,0.4465982,0.09755188,-2.96455236894158e-12,-6.49017156312846,-0.607862226566142,1.28726639744681,-0.0755167209610781,-0.0153538383121923,-0.932104147523208,1.51584302562574,-1.4772797091141e-10,6.49997872126565
18.26,0.434127,0.1170189,-7.28306963408452e-12,-6.49970939636726,-0.618396314187486,1.35475304770325,-0.0817006841029529,-0.00180630783515975,-0.918036166748692,1.58022771690937,-3.66553414681081e-10,6.49999834084443
18.27,0.4212111,0.1380944,-1.63915492276937e-11,-6.48349855735268,-0.62796958964006,1.42138136923296,-0.0879803799993535,0.0124075058571698,-0.903837334115791,1.64208454824156,-8.33482873704041e-10,6.4999998498397
18.28,0.4076623,0.1605873,-3.79572324899917e-11,-6.44467495398285,-0.638032769560388,1.4853180126945,-0.0943607076949574,0.0272606859841148,-0.890097336696596,1.70139421517768,-1.94975172612812e-09,6.49999998346956
18.29,0.3937737,0.184297,-7.54170173990615e-11,-6.38609805615594,-0.64621291591143,1.54481129421494,-0.100822836854072,0.0427087989262642,-0.875882059083788,1.75832519418812,-3.9158466669573e-09,6.49999999770467
18.3,0.3793366,0.2086999,-1.46834137136557e-10,-6.30975891519208,-0.654196775859356,1.59577354434217,-0.107364804612665,0.0586665343696858,-0.861894758560405,1.81339150657779,-7.70727273130023e-09,6.49999999955364
18.31,0.36491,0.2338574,-2.03047702942637e-10,-6.21753291594944,-0.657627196079293,1.63900928043428,-0.113941076573458,0.0750566271740286,-0.846444830493017,1.86675551294401,-1.07903633138683e-08,6.49999999988489
18.32,0.3503504,0.259335,-2.23259924006625e-10,-6.11004773317611,-0.657925232509806,1.67147210124461,-0.120520328898556,0.0917713481864748,-0.830183071651441,1.91902080266176,-1.20250985564149e-08,6.4999999999578
18.33,0.335652,0.2848691,-1.99528104392168e-10,-5.98750480381303,-0.655358959456731,1.69173526108249,-0.127073918493124,0.1086887007973,-0.813264912700971,1.97064142761503,-1.09042086855172e-08,6.49999999997753
18.34,0.3201852,0.3093238,-2.10828516220765e-10,-5.84612922781439,-0.654995561475928,1.69180978130298,-0.133623874107883,0.125606798610329,-0.797732652305075,2.0232732959449,-1.16829710549275e-08,6.49999999997834
18.35,0.3045768,0.3332716,-1.81930891558335e-10,-5.6877533103673,-0.651825112109425,1.67766117246936,-0.140142125228977,0.142383410335023,-0.781543143181595,2.07615495499698,-1.02351265863761e-08,6.49999999996839
18.36,0.2882925,0.3557808,-1.76473958044668e-10,-5.50710456193056,-0.650178313994097,1.64324329143444,-0.146643908368918,0.158815843249367,-0.766458848053193,2.13087170938744,-1.00754359800541e-08,6.4999999999155
18.37,0.2718059,0.3772398,-1.45701042473638e-10,-5.3054962161597,-0.646284035048385,1.59331237510736,-0.153106748719402,0.174748967000441,-0.750931115812494,2.18676202210229,-8.45178627284474e-09,6.49999999963013
18.38,0.2543814,0.3965401,-1.57482402707253e-10,-5.07344463259127,-0.645984564805516,1.52077261071949,-0.159566594367457,0.189956693107636,-0.737322858038401,2.24604464441322,-9.26964054524849e-09,6.49999999651975
18.39,0.2362427,0.4138857,-1.91854622220182e-10,-4.81011507537174,-0.64726442491272,1.42936592428437,-0.166039238616584,0.20425035235048,-0.724739035624001,2.30838691725802,-1.1453617868782e-08,6.49999993140751
18.4,0.2179246,0.4296908,-1.92822618729931e-10,-4.51810831134409,-0.645859570409105,1.32428520280193,-0.172497834320675,0.217493204378499,-0.711437621043989,2.37288200604401,-1.16931466914992e-08,6.49999734012137
18.41,0.1991182,0.4434224,-1.93053663267036e-10,-4.19005648268784,-0.644343290455868,1.20308214254436,-0.178941267225234,0.229524025803943,-0.698486474047175,2.44089431920323,-1.18964070274916e-08,6.49974297324199
18.42,0.1799707,0.45521,-1.77330616472727e-10,-3.7870633893739,-0.641582228740791,1.0687187000345,-0.185357089512642,0.240211212804288,-0.68542559805588,2.51213395656003,-1.1115265144593e-08,6.43237656247084
18.43,0.1606533,0.4650931,-1.36706855281333e-10,-0.333356292903164,-0.636351499750447,0.923313915061026,-0.191720604510146,0.249444351954898,-0.671781682330826,2.58650176985793,-8.73170117128405e-09,0.632142949219013
18.44,0.1413045,0.4731914,-8.29086408615301e-11,-8.63224382267259e-05,-0.627788282418223,0.769510691287124,-0.197998487334329,0.257139458867769,-0.65724349959905,2.66359239680712,-5.40966058411677e-09,0.000187482013361892
18.45,0.1218561,0.4794603,-4.17929483004509e-11,-3.00294943097374e-09,-0.616705040510382,0.608530206337594,-0.204165537739432,0.263224760931145,-0.642171382158752,2.74347209933874,-2.79220815075144e-09,7.74932258205492e-09
18.46,0.1030448,0.4845889,-1.15817812642975e-11,-1.43521606896666e-14,-0.597674808416922,0.447217140422392,-0.210142285823602,0.267696932335369,-0.624411946060581,2.82356510550229,-7.97388843962338e-10,4.61050326928459e-14
18.47,0.08411496,0.4880158,-2.81741997598431e-12,-6.08819018398046e-21,-0.577217189481583,0.28222151625981,-0.215914457718418,0.270519147497967,-0.606647846950792,2.90574069050954,-2.00332429482453e-10,2.61878472388173e-20
18.48,0.06607835,0.4906741,-3.28015082352682e-13,-5.13982445475002e-27,-0.547760533922197,0.122031643989967,-0.221392063057639,0.271739463937867,-0.585780356821263,2.98622781219854,-2.42824522147306e-11,3.27470350801846e-26
18.49,0.04829052,0.4921118,-2.75073851141984e-14,-3.40322908489078e-29,-0.515113368459208,-0.0362588113919138,-0.226543196742232,0.271376875823948,-0.564201522367019,3.06666100884584,-2.12748769139743e-12,4.82690504979199e-28
18.5,0.03096616,0.4926011,-1.45041421269128e-15,5.26381122738521e-26,-0.478046399977849,-0.189742498449824,-0.23132366074201,0.269479450839449,-0.541361301476701,-2.70173671065938,-1.17663666730441e-13,5.13803752886293e-24
18.51,0.01413407,0.4922108,-4.71754332385628e-17,3.73600736487438e-20,-0.436882436294685,-0.337336328642142,-0.235692485104957,0.266106087553028,-0.517346275335393,-2.58665737270274,-4.02429017388603e-15,2.94571618504701e-18
18.52,-0.002188464,0.4909914,-9.38691391147831e-19,6.58716944637241e-15,-0.392033437928397,-0.478216413838005,-0.239612819484241,0.261323923414648,-0.492269675178356,-2.48108206145702,-8.42076691350501e-17,4.27695610423126e-13
18.53,-0.0181082,0.4888883,-1.26154356706994e-20,1.39707366036634e-10,-0.344857420427608,-0.612476332158518,-0.243061393688517,0.255199160093063,-0.46665447995657,-2.38353081245333,-1.18508025603626e-18,8.04438564701897e-09
18.54,-0.03362882,0.4859029,-1.21164103669926e-22,4.99630054518788e-07,-0.295829895971572,-0.739804535117457,-0.246019692648233,0.247801114741888,-0.440640761069526,-2.29286195610376,-1.18158459278568e-20,2.65022082209403e-05
18.55,-0.04883811,0.4819852,-9.94841607851041e-25,0.000453566427550824,-0.246049138731646,-0.860354062000031,-0.248480184035549,0.239197574121888,-0.414655754476391,-2.20783584383614,-9.93180612549705e-23,0.0225757898868627
18.56,-0.06377775,0.477158,-8.73199723741022e-27,0.0695251878995671,-0.196180006444838,-0.97374182115983,-0.250441984099998,0.229460155910289,-0.388942389258008,-2.12764227488938,-8.77528183365817e-25,3.28350457507015
18.57,-0.07836222,0.4716513,-1.03011977434584e-28,0.142448085871043,-0.145858865036114,-1.07805238468762,-0.251900572750359,0.218679632063413,-0.363267117135953,-2.05209001578846,-1.03199558066825e-26,6.44511704337116
18.58,-0.09276886,0.4651527,-2.76574930932892e-30,0.148751646949221,-0.0967765639213525,-1.17576621145082,-0.252868338389572,0.206921969948905,-0.338376938681428,-1.97960475065748,-2.76511010675137e-28,6.49907609019489
18.59,-0.1067441,0.4580969,-2.31248430013791e-31,0.152951986917091,-0.0471714146272681,-1.26343430462802,-0.253340052535845,0.194287626902625,-0.313361943714483,-1.91055275216188,-2.33426120143954e-29,6.49996969477543
18.6,-0.1203926,0.4504552,-9.52663718535975e-32,0.15628860589245,0.00182165126006595,-1.34151520097471,-0.253321836023244,0.180872474892878,-0.288714581203368,-1.84418551146269,-9.93358797099391e-30,6.49999827202605
18.61,-0.1331721,0.4428926,-2.42954996416579e-31,0.158823902890957,0.0541368965739082,-1.40512430154793,-0.252780467057505,0.166821231877398,-0.262378695064331,-1.78077887572315,-2.73526711956525e-29,6.49999981154518
18.62,-0.1448136,0.4355787,-4.65756327279577e-30,0.160648330218601,0.111279712253921,-1.45367250486303,-0.251667669934966,0.152284506828768,-0.233433116826634,-1.71966974832364,-6.21081283531556e-28,6.49999996275386
18.63,-0.1556261,0.4284066,-3.59774644706241e-28,0.161833330564809,0.17016585087806,-1.48884474988019,-0.249966011426185,0.137396059329966,-0.203305320576798,-1.66006864106203,-6.93825663232215e-26,6.4999999880224
18.64,-0.1646622,0.4220762,-5.81044389595919e-26,0.16241965389206,0.237600155154155,-1.50603595403115,-0.247590009874644,0.122335699789655,-0.168166353365909,-1.60177866694123,-3.86691568515309e-23,6.49999999292476
18.65,-0.1724216,0.4162587,4.3750473939636e-23,0.162440109188911,0.30867987067921,-1.50906345260005,-0.244503211167852,0.107245065263654,-0.130337600441924,-1.54404734042974,-3.76498927735567e-20,6.49999999334971
18.66,-0.17886,0.4110521,-5.40169745961015e-20,0.161904957344869,0.383040277825913,-1.49823252005869,-0.240672808389593,0.0922627400630672,-0.0897416285958842,-1.48645905296658,-3.87123234549888e-17,6.49999999016314
18.67,-0.1835149,0.406909,-3.32818521025771e-16,0.160808360677461,0.463543423242253,-1.47117012886432,-0.23603737415717,0.077551038774424,-0.0444170276197545,-1.42851387193596,-4.17399889988798e-14,6.49999997490193
18.68,-0.1865042,0.4037768,9.07853813485383e-14,0.159129458589254,0.548325540518881,-1.42969021934016,-0.230554118751981,0.0632541365810223,0.00497627436214945,-1.36976638281114,-3.40685096882153e-11,6.49999989295068
18.69,-0.1880274,0.4016895,8.46830656999884e-10,0.156834862215902,0.635014048926791,-1.37488709154271,-0.224203978262713,0.0495052656655953,0.0574093415742685,-1.30979920615637,-1.68885134278346e-08,6.49999923176471
18.7,-0.1878422,0.4011663,6.56196047778646e-07,0.153852352686934,0.724803239309011,-1.30410020696735,-0.216955945869623,0.0364642635959218,0.113949125991441,-1.24766736090327,-5.69621063512933e-06,6.49998906348062
18.71,-0.1860467,0.4017935,0.000214691125296035,0.150135505916185,0.816158947967921,-1.22218609665077,-0.208794356389944,0.0242424026294141,0.174010029516648,-1.18337340340982,-0.00122987823732104,6.4997170194158
18.72,-0.1827096,0.4036547,0.0384566041703406,0.145316573717811,0.907880526034713,-1.12985192673609,-0.199715551129597,0.0129438833620532,0.237143403142233,-1.11640076597637,-0.164549539704833,6.48556401802627
18.73,-0.1778215,0.4065754,1.35605071314533,0.114067197327133,0.999456658147896,-1.02980684736807,-0.189720984548118,0.00264581488837244,0.303274362520279,-1.04671984763601,-4.56431233457183,5.28361572945043
18.74,-0.1715349,0.4101734,2.33907548530826,0.00284892414077773,1.08917066384247,-0.926207204328196,-0.178829277909693,-0.00661625715490952,0.371520045176581,-0.975037198257974,-6.45363480792504,0.137899371449914
18.75,-0.1639485,0.4140143,2.77751463079811,7.72555655576507e-06,1.17586133626268,-0.823309449510165,-0.167070664547066,-0.0148493516500112,0.441298929276847,-0.902681446111459,-6.49880319024044,0.000393163735611268
18.76,-0.1553832,0.417341,3.18177473452154,1.53171769191521e-08,1.25676812660793,-0.727532609226274,-0.154502983280987,-0.0221246777422739,0.511028442479651,-0.832606626389741,-6.49995132704319,8.23327784602256e-07
18.77,-0.1460267,0.4194981,3.56333834628972,3.32342468098655e-11,1.33039788707892,-0.643967614894795,-0.141199004410198,-0.0285643538912219,0.579943271223394,-0.768107184634698,-6.49999689386698,1.89433109102772e-09
18.78,-0.1352007,0.4207384,3.94037047953756,7.41401282135166e-14,1.40207113774196,-0.570217000092004,-0.127178293032778,-0.0342665238921419,0.65131346527886,-0.709096879903431,-6.49999975709093,4.50878603980878e-12
18.79,-0.1231478,0.4206889,4.30428303119249,2.46936909316114e-16,1.46963273241031,-0.508842782538252,-0.112481965708675,-0.0393549517175244,0.723903136360512,-0.657713352061689,-6.49999997550622,1.61007955701622e-14
18.8,-0.1102279,0.4184546,4.64489074323656,3.11552086488434e-18,1.53021754087202,-0.466164303511425,-0.0971797902999549,-0.0440165947526387,0.79619450161767,-0.618179933221713,-6.49999999659942,2.16888213725388e-16
18.81,-0.09521702,0.4154516,4.98089922100668,5.67238609368624e-20,1.59338679791248,-0.430046461009371,-0.0812459223208301,-0.0483170593627324,0.873112018378192,-0.583795818947831,-6.4999999995337,4.21579350023169e-18
18.82,-0.07873867,0.4108106,5.29311778106241,3.73466164512048e-21,1.65375860608465,-0.406903261629251,-0.0647083362599836,-0.0523860919790249,0.951544610915607,-0.558334202088989,-6.49999999992541,2.92385585508784e-19
18.83,-0.06062124,0.4048795,5.57818246738951,7.10825590092157e-22,1.71248799868265,-0.393173318882264,-0.0475834562731572,-0.0563178251678475,1.03164887647921,-0.539486088204054,-6.49999999998672,5.78930337107645e-20
18.84,-0.04078265,0.3979494,5.83101854972624,2.99619849030113e-22,1.76996212218212,-0.385952482671733,-0.0298838350513359,-0.0601773499945648,1.1130301585638,-0.52526035263791,-6.49999999999742,2.51419302018465e-20
18.85,-0.01930299,0.3902295,6.04601131880038,2.22172933872032e-22,1.82529914094461,-0.38315495981071,-0.0116308436418898,-0.0640088995926719,1.19475289701869,-0.514186201629583,-6.49999999999944,1.90763025821257e-20
18.86,0.003683212,0.3819735,6.21956666396433,2.17643392862428e-22,1.87727871878939,-0.382485445755876,0.00714194354600408,-0.0678337540502307,1.27591227708765,-0.50474233403392,-6.49999999999986,1.90500007035579e-20
18.87,0.02803552,0.3733203,6.35048252492808,2.40154282760259e-22,1.92474789031251,-0.382701336564047,0.0263894224491292,-0.0716607674158712,1.35584119026503,-0.496115126938016,-6.49999999999996,2.1383398527195e-20
18.88,0.05342408,0.3645684,6.43924527598003,2.20125747831281e-22,1.96521427057382,-0.381416890128226,0.0460415651548673,-0.0754749363171534,1.43393030016519,-0.486905389544432,-6.49999999999999,1.99496398124132e-20
18.89,0.07981413,0.3559859,6.48809033573325,1.3052476540351e-22,1.99868294971007,-0.376677317088729,0.066028394651968,-0.0792417094880407,1.51023673174072,-0.476059877166486,-6.49999999999999,1.20658420232845e-20
18.9,0.1066216,0.3475444,6.49937139353533,5.29331530594986e-23,2.02098310915252,-0.368986258597677,0.0862382257434932,-0.0829315720740175,1.58470737221032,-0.463960355934856,-6.5,4.99434239549393e-21
18.91,0.133623,0.3394226,6.47537434333769,1.24516387472817e-23,2.03109850408286,-0.357230739945111,0.106549210784322,-0.0865038794734686,1.65789228325759,-0.450052573292992,-6.5,1.19959238340809e-21
18.92,0.1603749,0.3315727,6.41725149682973,1.80783729586626e-24,2.02647481005094,-0.342152751624598,0.126813958884831,-0.0899254069897146,1.73057121462958,-0.434823626014393,-6.5,1.7747033977056e-22
18.93,0.1866277,0.324133,6.32461148839342,1.39183239162867e-25,2.00632745267511,-0.323023247147024,0.146877233411582,-0.0931556394611848,1.80368444495415,-0.41790320670433,-6.5,1.38671505574435e-23
18.94,0.2120416,0.3170013,6.19507045841302,6.28199607958813e-27,1.96933557047631,-0.301050328695341,0.166570589116345,-0.0961661427481382,1.87838761998989,-0.399993933269972,-6.49999999999999,6.30656266673932e-25
18.95,0.2362956,0.3099815,6.0238172276239,2.0620790824735e-28,1.9145203056346,-0.278088370799418,0.185715792172691,-0.0989470264561324,1.95603329891979,-0.382128289612538,-6.49999999999996,2.07164648960028e-26
18.96,0.2591291,0.3029701,5.80336781472892,5.57201731723532e-30,1.84155167575174,-0.255139470821996,0.204131308930209,-0.101498421164352,2.03809674330584,-0.364834151353245,-6.49999999999974,5.58367834231395e-28
18.97,0.2803897,0.2958817,5.5238603734669,1.40179150094746e-31,1.75106045238,-0.232990788019858,0.221641913454009,-0.103828329044551,2.12600216965917,-0.348509349397438,-6.49999999999701,1.40153544201702e-29
18.98,0.299984,0.2885842,5.17336246151668,4.070532913684e-33,1.64418938239708,-0.212722634708118,0.23808380727798,-0.105955555391632,2.22108984748209,-0.333713370901461,-6.49999999993834,4.07192506657312e-31
18.99,0.317723,0.2809436,4.7366597293214,1.74470212422465e-34,1.52135715806599,-0.195335362027675,0.25329737885864,-0.107908909011909,2.32501978377226,-0.32095395248861,-6.49999999746207,1.75266310317782e-32
19,0.333702,0.2729477,4.20327447926318,1.17848657885615e-35,1.38522689713878,-0.180794709759146,0.267149647830027,-0.1097168561095,2.4382613635764,-0.310146042575059,-6.49999978103606,1.19276391776669e-33
19.01,0.3478671,0.2645453,3.56521254925601,1.40538020288317e-36,1.23719488351901,-0.16935413612752,0.279521596665217,-0.111410397470776,2.56129880018202,-0.301371423976263,-6.49995528324657,1.4359390460059e-34
19.02,0.3603421,0.2558338,2.81099776815212,2.55080048095534e-37,1.0799828189885,-0.160083099291487,0.290321424855103,-0.11301122846369,2.69293728934214,-0.294043053294458,-6.47585055383429,2.63431098174699e-35
19.03,0.3710741,0.2466846,0.25497701834117,8.67881147509486e-38,0.914807336607495,-0.153851433694228,0.299469498221177,-0.114549742800633,2.83181698738479,-0.288604269021262,-0.840523465014348,9.05150702645693e-36
19.04,0.3803698,0.237473,2.32154957622604e-05,2.91328923701945e-38,0.745594742261527,-0.147560819562893,0.306925445643793,-0.116025350996262,2.97342274983672,-0.283260451942353,-0.00013729497846448,3.0732810867139e-36
19.05,0.3883891,0.2284755,8.0413985576187e-11,6.18167375540437e-39,0.574871560947166,-0.139112837874842,0.312674161253264,-0.11741647937501,3.11347063318997,-0.276833827466862,-4.02861760711268e-09,6.62829809590648e-37
19.06,0.3951803,0.2195778,1.36501074440018e-17,1.04282877240145e-39,0.404124273655913,-0.129596229342347,0.316715403989824,-0.118712441668434,-3.03459283536892,-0.269957278540879,-2.17561123211907e-14,1.14181849562714e-37
19.07,0.4007731,0.2107704,-3.78482927609102e-22,1.46937055056241e-40,0.234583607187616,-0.119214404441728,0.3190612400617,-0.119904585712851,-2.90688384255699,-0.262750069759725,-4.9958607678021e-20,1.65179943747565e-38
19.08,0.4055116,0.2026581,-3.62464351702523e-26,6.76697955799632e-42,0.0697894070023146,-0.103428455452853,0.319759134131723,-0.120938870267379,-2.7897776039921,-0.252677020411379,-3.62509317080823e-24,7.96293882070772e-40
19.09,0.4094133,0.195281,-6.8908941285348e-26,1.20506854679121e-43,-0.0895187607735721,-0.0824322398527766,0.318863946523987,-0.121763192665907,-2.68328886666695,-0.239873670018332,-6.55954887928781e-24,1.53102809184944e-41
19.1,0.4124924,0.18829,-7.24285978606688e-22,2.19426806845712e-45,-0.242718632308446,-0.0594335079191524,0.316436760200903,-0.122357527745099,-2.70468734900706,-0.226144654495987,-7.09387730200685e-20,3.1216313399088e-43
19.11,0.4149186,0.1822197,-5.7656177655944e-17,4.59196388606858e-47,-0.388075363077064,-0.030599944283118,0.312556006570132,-0.12266352718793,-2.61896392017796,-0.209284006903264,-4.86471964221511e-15,8.01983338128363e-45
19.12,0.4167147,0.1769397,-1.47290163074403e-12,6.83844218001991e-48,-0.525159946861958,0.00244840965980586,0.307304407101512,-0.122639043091332,-2.54055259014557,-0.190157312285752,-1.05845714784048e-10,1.77287303410708e-45
19.13,0.4179676,0.1726148,-7.02110411813774e-09,3.02399682421693e-47,-0.65313240879679,0.0404639239054703,0.300773083013545,-0.122234403852277,-2.46889647765566,-0.168238683923233,-4.47869101463904e-07,2.00260680551034e-44
19.14,0.4186774,0.1688698,-7.66469983091081e-06,-4.13503558270559e-45,-0.771935587109823,0.0799480961047365,0.293053727142446,-0.12143492289123,-2.4030630257793,-0.145449430869304,-0.000450558720385722,8.70125447352691e-42
19.15,0.4189761,0.165923,-0.00237153433104709,-4.01355875941985e-41,-0.880557297907259,0.122237336953146,0.284248154163374,-0.120212549521698,-2.34260517019977,-0.120884682645007,-0.131267360672772,3.30384712388302e-38
19.16,0.4189102,0.1638711,-0.0854823920698214,1.99701416439842e-37,-0.97877832184955,0.167608941050561,0.274460370944878,-0.118536460111193,-2.28679605364955,-0.0942237630611274,-4.51225742365889,2.69908703787836e-34
19.17,0.4184918,0.1620389,-0.126958204065654,3.597129873103e-33,-1.06671872257533,0.210353071184084,0.263793183719125,-0.116432929399352,-2.23489717293444,-0.0687820930505198,-6.44218066127577,7.2787417233013e-31
19.18,0.4179074,0.1609936,-0.132449481623945,1.01802865547939e-29,-1.14321124168822,0.25478484325707,0.252361071302243,-0.113885080966781,-2.18670592451079,-0.0418085498587764,-6.49754620555939,1.25683078243075e-27
19.19,0.417077,0.160191,-0.136463756954212,3.87703536301022e-27,-1.20928921168833,0.296315081249652,0.240268179185359,-0.110921930154285,-2.14137778324705,-0.0160297406202114,-6.49981548512878,6.67496227813136e-25
19.2,0.4162496,0.159911,-0.13999939836446,-1.02780596014746e-24,-1.26344326894101,0.337075003998562,0.227633746495949,-0.107551180114299,-2.09893319274541,0.00998152430044782,-6.49997554976127,1.78598613936075e-22
19.21,0.4149562,0.1593916,-0.143221686557234,-3.01119028423857e-22,-1.30985519834232,0.371006257262614,0.214535194512526,-0.103841117541673,-2.05789604380593,0.0323699354760586,-6.49999538330956,1.26140527708049e-20
19.22,0.4135435,0.1590382,-0.146107501358728,-2.04079597207097e-20,-1.34617650713305,0.401553918765623,0.201073429441196,-0.0998255783540166,-2.01864241134061,0.0533263255020054,-6.49999868706106,4.47904742469704e-19
19.23,0.412004,0.1587894,-0.1486942875103,-5.74376071426015e-19,-1.37301442655715,0.428319013400021,0.187343285175624,-0.0955423882200163,-1.98080056769691,0.0725674933044286,-6.49999946435406,8.48212001133101e-18
19.24,0.4098872,0.1581049,-0.15105560555314,-5.15333582842806e-18,-1.39438205686519,0.447269828439943,0.173399464606972,-0.0910696899356169,-1.94333991140105,0.0872444125939364,-6.49999973257197,6.05951231143396e-17
19.25,0.407522,0.1573415,-0.153169200766317,-2.50268409091904e-17,-1.40804243488097,0.461639180831174,0.159319040258163,-0.0864532981273052,-1.90662290215592,0.0993793458386775,-6.49999982461026,2.52527191021251e-16
19.26,0.4046898,0.1563643,-0.15506564318604,-6.42938681076006e-17,-1.41617081065424,0.470654081992155,0.14515733215162,-0.0817467573073836,-1.87014322605545,0.108249184419898,-6.49999986079444,5.89792918820432e-16
19.27,0.401453,0.1551039,-0.156745658699905,-8.91846444222551e-17,-1.41865718858052,0.474136191603249,0.130970760265815,-0.0770053953913511,-1.83385600072755,0.113479914826548,-6.49999986606479,7.77585877924083e-16
19.28,0.3981095,0.1541757,-0.158200629514187,-1.18914327826443e-16,-1.41362536343478,0.477227926619456,0.116834506631467,-0.0722331161251566,-1.79796929395448,0.118694523828673,-6.49999983316612,9.88869936371996e-16
19.29,0.3945936,0.1535029,-0.159442345140138,-1.43219751627242e-16,-1.40217586267436,0.479349128141886,0.102812748004724,-0.0674396248437377,-1.76223304194397,0.123438809608532,-6.49999974024005,1.1437162307362e-15
19.3,0.3908073,0.1529976,-0.160477061332542,-1.45844525814839e-16,-1.38561243901656,0.479880737226292,0.088956623614558,-0.0626408174714748,-1.7264167336621,0.127174892685233,-6.49999951452577,1.12985084552977e-15
19.31,0.3870583,0.153386,-0.161299213515948,-2.33179075731945e-16,-1.36205787920443,0.484532411124965,0.0753360448225136,-0.0577954933602251,-1.69063875964522,0.134512135961353,-6.49999882518228,1.70782888949411e-15
19.32,0.3831428,0.1546361,-0.161912158242127,-5.42855819318214e-16,-1.33374052488148,0.492709843114843,0.0619986395736988,-0.0528683949290767,-1.65461534713436,0.145279978607683,-6.49999656513152,3.68780586692758e-15
19.33,0.3790065,0.1569991,-0.162311420878794,-2.13173409975299e-15,-1.3016028685425,0.506021090528013,0.0489826108882738,-0.0478081840237966,-1.61822725853865,0.161204468435144,-6.49998815262014,1.31168457703251e-14
19.34,0.3745689,0.1607606,-0.16248944345911,-1.60631537319196e-14,-1.26673645073472,0.526185277458366,0.0363152463809266,-0.0425463312492129,-1.58138658783003,0.184331088320592,-6.49995326124643,8.7217308784411e-14
19.35,0.3696152,0.1660528,-0.162435185305846,-2.23380068853447e-13,-1.23119551143508,0.553564255403397,0.0240032912665758,-0.0370106886951789,-1.54404198734084,0.215723696459276,-6.49980392461401,1.04650370863551e-12
19.36,0.3640168,0.1729712,-0.162130590661385,-5.24386921585699e-12,-1.19621867732694,0.588168643623946,0.0120411044933064,-0.0311290022589395,-1.50625241206347,0.256249412086777,-6.4991658798438,2.08150112152643e-11
19.37,0.357605,0.1815484,-0.161535033228427,-1.80278426364934e-10,-1.16325433452988,0.629475570751319,0.000408561148007599,-0.0248342465514263,-1.46816554419826,0.306345848340983,-6.49661972422542,6.0081881681931e-10
19.38,0.3502223,0.1917859,-0.160540010938342,-7.84199869356026e-09,-1.13353835256385,0.676725450913932,-0.0109268223776309,-0.018066992042287,-1.43002053484135,0.366205079108036,-6.48771791255169,2.19419316950658e-08
19.39,0.3417738,0.2036362,-0.15888965822837,-3.72620323874573e-07,-1.10771565403254,0.728802936548243,-0.0220039789179563,-0.0107789626768045,-1.39209992612756,0.435564882091086,-6.4615726693385,8.82660517416627e-07
19.4,0.3322388,0.2169808,-0.156115984540606,-1.67257781569822e-05,-1.0857867811777,0.784103607335799,-0.0328618467297334,-0.00293792660344656,-1.35466378413106,0.513482593207371,-6.39793622521265,3.40201404394877e-05
19.41,0.3217536,0.231807,-0.151374557825404,-0.000674463423023384,-1.06652435456074,0.841938530105281,-0.0435270902753408,0.00548145869760625,-1.31780594648276,0.599613926380067,-6.26013037942324,0.00119484881686121
19.42,0.3102983,0.2478408,-0.143811760615801,-0.0209750455693595,-1.04997838531667,0.899648105905877,-0.0540268741285074,0.014477939756665,-1.28172718547664,0.691498709086807,-6.00900588480071,0.0328968845755169
19.43,0.2981435,0.2649818,-0.131319367857638,-0.448009428542992,-1.03395051782698,0.95611177209682,-0.0643663793067773,0.0240390574776332,-1.24622160763792,0.78791207266437,-5.55077276051186,0.632088777553375
19.44,0.2853934,0.282837,-0.111297970530054,-3.04926517899526,-1.01768355008653,1.0080517404505,-0.0745432148076425,0.0341195748821382,-1.21123004045339,0.885821284774745,-4.76491552339174,3.93755653327161
19.45,0.2729523,0.3018879,-0.0709525878779428,-5.14802039478787,-0.994351437163386,1.05919432098829,-0.0844867291792764,0.0447115180920211,-1.17531652614186,0.987579397604949,-3.08213457411447,6.16735059256245
19.46,0.2602486,0.3210055,-0.030565495693001,-5.70897746834032,-0.968995601195683,1.10059610367291,-0.0941766851912332,0.0557174791287501,-1.13951193046556,1.08670092598188,-1.34911336338459,6.44983972179754
19.47,0.2486687,0.3408447,-0.00538228634379012,-6.01762924697492,-0.931290523604254,1.13777831550465,-0.103489590427276,0.0670952622837967,-1.10106035567901,1.18658392137808,-0.242071440853992,6.49063056981876
19.48,0.2376382,0.3605801,-0.000516464597446324,-6.23209722803987,-0.88679030046795,1.16447759437923,-0.112357493431955,0.078740038227589,-1.06109484308879,1.28411280763359,-0.0237292027993269,6.49713822190998
19.49,0.2276482,0.3802149,-2.42637369980513e-05,-6.38113056579673,-0.832505647783284,1.18134365478342,-0.120682549909788,0.0905534747754232,-1.01834773166049,1.3802842577999,-0.00114285689440625,6.49864978525754
19.5,0.2188379,0.3995462,-5.08413801249361e-07,-6.46957307239827,-0.768427518756569,1.18745120002048,-0.128366825097354,0.102427986775628,-0.972244177265087,1.47558029228194,-2.46543575588619e-05,6.49899637390553
19.51,0.2112336,0.4183903,-4.26506550451483e-09,-6.49880284463832,-0.695473053630735,1.18215636447683,-0.135321555633661,0.114249550420396,-0.922424719163666,1.57084959582272,-2.13989006448995e-07,6.49880285385418
19.52,0.2044998,0.436376,-1.50170524113205e-11,-6.46729633250926,-0.617309713761772,1.1634895303478,-0.141494652771279,0.125884445723874,-0.869690080813215,1.66727590303002,-7.83454680084846e-10,6.4974981517905
19.53,0.199085,0.4536404,-1.38972817111635e-14,-6.36784927342578,-0.531357258256156,1.13362298591031,-0.14680822535384,0.137220675582977,-0.812169685428718,1.76631468322665,-7.60217022646831e-13,6.49146936852562
19.54,0.1940026,0.4694129,-5.14041156465782e-18,-6.15164818547757,-0.446261619206517,1.08764709128386,-0.151270841545906,0.148097146495816,-0.753501373895663,1.87076940489606,-2.97383804994093e-16,6.43905107885257
19.55,0.1892676,0.4839771,-6.28573292830014e-22,-5.26318927464686,-0.36233461371835,1.02923807368632,-0.154894187683089,0.158389527232679,-0.693801551866452,1.98247953417787,-3.89674731496071e-20,5.742811408694
19.56,0.1845298,0.4968264,-3.08202282505432e-26,-1.01938662152694,-0.282655267351227,0.955785404837343,-0.157720740356601,0.167947381281053,-0.63501321268442,2.10581991299198,-2.08362497722816e-24,1.18493048846292
19.57,0.1793735,0.5077705,-1.11126868405812e-30,-0.0113950952715316,-0.210540336181923,0.867405603797117,-0.159826143718421,0.176621437319024,-0.579769731677708,2.24546406408396,-8.32597552370942e-29,0.014592386908898
19.58,0.1734675,0.5166196,-8.55241209696081e-35,-2.60501052340289e-05,-0.148361283130914,0.764302813767436,-0.16130975654973,0.184264465456698,-0.53049284166061,2.40692919884275,-7.09838089855778e-33,3.88681056269072e-05
19.59,0.1665477,0.5232174,-5.39132639686768e-38,-9.53075859180623e-09,-0.0977355692713857,0.647012357796172,-0.162287112242444,0.19073458903466,-0.489228034889828,2.59541425201699,-4.86466191069634e-36,1.83362202952488e-08
19.6,0.1584334,0.5274496,-6.09580690984351e-40,-2.6951521858921e-13,-0.0594481655773755,0.516439610962919,-0.162881593898217,0.195898985144289,-0.45734201658724,2.81300309858489,-5.81115260277131e-38,8.3845631734678e-13
19.61,0.1491932,0.5293772,-7.46608138873115e-41,-1.43405854125197e-19,-0.0322467053695448,0.374851624852418,-0.163204060951913,0.199647501392813,-0.434376295416615,3.05270756782178,-7.33275388970267e-39,1.64889679508875e-18
19.62,0.1387647,0.5290044,-3.76226812667344e-41,2.99438859689326e-29,-0.0159076047541902,0.223970797280977,-0.163363136999455,0.201887209365623,-0.420443473209609,-2.98379702630988,-3.74180729455532e-39,6.01951966059372e-26
19.63,0.1275996,0.5265955,-3.12467436477508e-41,1.90626792607935e-35,-0.00622980158179587,0.067446311793411,-0.163425435015273,0.202561672483557,-0.412178418027874,-2.7515405480314,-3.12364532314675e-39,1.91570055810013e-33
19.64,0.1157523,0.5222999,-3.04569023575726e-41,1.74340971288108e-34,-0.00233409294506615,-0.0922020597369198,-0.163448775944723,0.201639651886188,-0.408839104923185,-2.54685180841152,-3.04937515568496e-39,1.26811663890974e-32
19.65,0.103693,0.516454,-3.02993110156731e-41,9.77563629391632e-27,-0.000192008345070604,-0.251190076810072,-0.163450696028174,0.199127751118087,-0.407019386136002,-2.90586804662647,-3.03575734173508e-39,1.28020986498085e-24
19.66,0.09170871,0.5093679,-3.02218327261858e-41,3.18572599962673e-19,0.00252367251329133,-0.406230968979191,-0.163425459303041,0.195065441428295,-0.40475938012356,-2.73613237213875,-3.03031566531947e-39,3.19358300093746e-17
19.67,0.08023902,0.5013621,-3.15399777798762e-41,2.01996424122031e-13,0.00912656572202053,-0.554230800385856,-0.163334193645821,0.189523133424437,-0.399298317214366,-2.58225338079602,-3.16675912501219e-39,1.57812032831174e-11
19.68,0.06939805,0.4928099,-4.0033529044466e-41,5.70434209259088e-09,0.0201636595783938,-0.691970047538234,-0.163132557050037,0.182603432949055,-0.390190116898445,-2.44715326304968,-4.02315267301715e-39,3.53340832088842e-07
19.69,0.05960336,0.4840328,-9.46922259096597e-41,1.47218993627017e-05,0.0384339713272439,-0.816936211800911,-0.162748217336765,0.174434070831045,-0.37500825026038,-2.3303360453785,-9.50506001581643e-39,0.000805973273873206
19.7,0.05091812,0.4753194,-7.33441530062766e-40,0.00608876710736784,0.0637680377265184,-0.927136828047164,-0.162110536959499,0.165162702550574,-0.353726978740639,-2.22961456068088,-7.3369786247361e-38,0.307780003451554
19.71,0.04342265,0.4669869,-2.99701553821986e-38,0.113258484732024,0.0960977580884013,-1.02060011043717,-0.161149559378615,0.154956701446202,-0.32609876864819,-2.14250834157686,-3.00400882376777e-36,5.39836342209718
19.72,0.03691379,0.4592021,-5.0528220218624e-36,0.141681767230574,0.133149239803345,-1.09676414394571,-0.159818066980582,0.143989060006745,-0.293772191749828,-2.06609845968534,-5.22059348031749e-34,6.45841636035596
19.73,0.03139569,0.4520598,-2.17706500123837e-33,0.147479676853869,0.174378703231072,-1.15576393029878,-0.158074279948271,0.132431420703757,-0.256835773624947,-1.99780796300534,-2.51048659894296e-31,6.49663016448861
19.74,0.02669158,0.4457635,-1.03229696655967e-30,0.151485028770689,0.217874326186225,-1.19699249001723,-0.155895536686409,0.120461495803585,-0.216694869641871,-1.93590826386171,-1.62887005792203e-28,6.49937064990784
19.75,0.02259004,0.4403308,-1.76272355297356e-28,0.154640889769613,0.26159107567544,-1.22142436129621,-0.153279625929655,0.108247252190623,-0.175044666050879,-1.87855456030702,-7.91952895346087e-26,6.49975754799303
19.76,0.01868178,0.4355913,1.68901115954429e-26,0.15716382156863,0.302124927548222,-1.23150758262522,-0.150258376654172,0.0959321763643706,-0.135219198713684,-1.82395162224736,-1.66690822306433e-23,6.49983197925897
19.77,0.01479121,0.4315097,-2.30882426426427e-25,0.159153240133461,0.338137763609639,-1.22854686667224,-0.146876999018076,0.0836467076976482,-0.09870939942919,-1.77096855430844,-1.39379425472121e-21,6.49980361932127
19.78,0.01072946,0.4281007,-2.34247681916063e-22,0.160662403471817,0.368318880387333,-1.21344346523312,-0.143193810214203,0.0715122730453169,-0.0671390428965896,-1.71872633786294,-4.49143753318023e-20,6.4996247962757
19.79,0.006285715,0.4250945,-4.38610246997487e-21,0.161713599176271,0.391324177008437,-1.18928910001267,-0.139280568444118,0.0596193820451902,-0.0423444851134022,-1.66613455469161,-5.4295147238e-19,6.49894992464935
19.8,0.001729036,0.4227678,-2.50841607616901e-20,0.162236051409611,0.409624604597536,-1.15479079397523,-0.135184322398143,0.048071474105438,-0.0218869019556133,-1.61277449061667,-3.58636189854794e-18,6.49533729601126
19.81,-0.004139502,0.419785,-3.10196073941868e-20,0.16196835637348,0.414305722943034,-1.12121431551485,-0.131041265168713,0.0368593309502895,-0.0168004712074229,-1.55745238118148,-5.17813407696728e-18,6.47932855939213
19.82,-0.01016205,0.4172256,-2.89752162599646e-20,0.158806057478901,0.415235633662245,-1.08038474746765,-0.12688890883209,0.026055483475613,-0.0160877060006756,-1.50030553529246,-4.97658352965062e-18,6.36853674247193
19.83,-0.01664119,0.4145782,-1.80186448882391e-20,0.138702297876537,0.410384175588414,-1.03702928905526,-0.122785067076206,0.0156851905850604,-0.0226673070836392,-1.4410105867695,-2.53106276831554e-18,5.59658296001617
19.84,-0.02346697,0.4118242,-6.29258707788065e-21,0.0634583866149536,0.40106493522188,-0.991740675660359,-0.118774417723987,0.00576778382845677,-0.0353977277370951,-1.37947638967499,-7.69857235259998e-19,2.58695318937369
19.85,-0.03039484,0.4088364,-1.29953854414758e-21,0.00917627996576096,0.389546331915756,-0.945909546835568,-0.11487895440483,-0.00369131163989891,-0.0517033349569349,-1.31588642421018,-1.76317225697164e-19,0.379681800152801
19.86,-0.03725957,0.405609,-1.70179250232168e-22,0.000788754506971704,0.377329620933128,-0.899890916079606,-0.111105658195498,-0.012690220800695,-0.0697578431876965,-1.25046021860245,-3.56223732604932e-20,0.0332916716361295
19.87,-0.04381354,0.4021474,-1.50306659157696e-23,5.67687370305182e-05,0.366434691115691,-0.853927123811272,-0.107441311284341,-0.0212294920388077,-0.0868199204424088,-1.18349613919696,-8.09455811468923e-21,0.00245752582129636
19.88,-0.04994625,0.3985135,3.59633924015577e-25,3.48834950889667e-06,0.357670300841983,-0.80780509332594,-0.103864608275922,-0.0293075429720671,-0.101630231065702,-1.11518115375037,-2.32310869627544e-21,0.000155780878659008
19.89,-0.05533274,0.3945707,1.00835677858316e-24,1.97088061252605e-07,0.353408972127676,-0.762856683879732,-0.100330518554645,-0.0369361098108644,-0.110557792263556,-1.04650673453924,-1.17049914334648e-21,9.13027473246771e-06
19.9,-0.05959092,0.3906622,1.17131502701865e-24,8.58651892568147e-09,0.356250017662186,-0.716616369450291,-0.0967680183780229,-0.0441022735053673,-0.10929591842839,-0.976464436436392,-1.4913069954114e-21,4.15234795045466e-07
19.91,-0.06328004,0.3864201,1.08788599214799e-24,3.52436773065983e-10,0.361360106195756,-0.672277874215535,-0.0931544173160653,-0.0508250522475227,-0.104488171823594,-0.907392462250063,-2.56144578843945e-21,1.78744789034994e-08
19.92,-0.06555259,0.3822328,-2.63182859932684e-23,1.08727763273981e-11,0.375006981214533,-0.626969670917161,-0.08940434750392,-0.0570947489566943,-0.085824110449488,-0.83766244815073,-1.30344050802434e-20,5.81977572277057e-10
19.93,-0.06660057,0.3781306,-9.54415514849462e-22,2.42408292080057e-13,0.394987714159061,-0.580795869376237,-0.0854544703623294,-0.0629027076504566,-0.055484943532028,-0.767445991201478,-1.37641304407744e-19,1.38262103311741e-11
19.94,-0.06637531,0.3741222,-1.29673862330832e-20,3.77045366812256e-15,0.421067680442578,-0.534026225563827,-0.0812437935579036,-0.0682429699060949,-0.0124303832122568,-0.697073291132221,-2.67528906621845e-18,2.32762523782184e-13
19.95,-0.06486127,0.3702485,2.91441551702114e-18,3.80543147386104e-17,0.452740566004106,-0.486662458209633,-0.0767163878978626,-0.0731095944881912,0.0441415257896294,-0.626635419332458,-8.17972619904e-17,2.60982009223711e-15
19.96,-0.06203198,0.3666143,4.00349174758584e-16,2.1669685151423e-19,0.489588463267259,-0.438223033293883,-0.07182050326519,-0.0774918248211301,0.115282049947828,-0.555660531214191,-3.43273207942938e-15,1.70599620199233e-17
19.97,-0.05786439,0.3632724,3.51181875042807e-14,6.28046903041157e-22,0.531168281396472,-0.388665785329978,-0.0665088204512253,-0.0813784826744298,0.201891742558244,-0.484047701545823,-1.7515499932318e-13,5.72233246682711e-20
19.98,-0.05242813,0.359959,2.74880097367317e-12,1.16432202304517e-24,0.576334536735468,-0.340391713997239,-0.0607454750838706,-0.0847823998144022,0.303023339160201,-0.414615687483411,-9.25968087164021e-12,1.16240484926287e-22
19.99,-0.04558339,0.3571074,2.09173884903562e-10,7.95136510302359e-28,0.625606196923367,-0.29025707449834,-0.0544894131146369,-0.0876849705593856,0.41998145186151,-0.343599140769577,-5.12885387137917e-10,7.94820015889373e-26
20,-0.03698566,0.3548234,1.75997016138676e-08,1.11392877621788e-31,0.680999059982001,-0.237886091505606,-0.0476794225148169,-0.0900638314744417,0.555206725861538,-0.270308444264385,-3.3368079307773e-08,1.21824944319648e-29
20.01,-0.02710732,0.3524794,1.14442943523116e-06,4.01226157348596e-36,0.73810544852509,-0.18857394387844,-0.040298368029566,-0.0919495709132261,0.697048115719525,-0.201540449192446,-1.78299314677618e-06,7.99641759131472e-34
20.02,-0.01534043,0.3506944,7.7461437716604e-05,-8.19889663549811e-42,0.801085234144912,-0.137623694490097,-0.0322875156881169,-0.0933258078581271,0.847003622255956,-0.131091359912802,-0.000103387001522628,7.16616686941553e-39
20.03,-0.001349039,0.3496232,0.00579092437335058,5.21461170478382e-47,0.871669513730387,-0.0842712343920056,-0.023570820550813,-0.0941685202020471,0.99896707284429,-0.0577496840793324,-0.00688623813392585,7.85407635989448e-45
20.04,0.0138105,0.348064,0.267676410259298,-4.99868174444669e-52,0.940792879117124,-0.0382364005495024,-0.0141628917596418,-0.0945508842075422,1.13653102537063,0.00533286192711066,-0.295052634092844,1.74069185411291e-49
20.05,0.03155581,0.3473226,4.45741624383196,-3.47741873728867e-52,1.01895689424606,0.0107926404182006,-0.00397332281718122,-0.0944429578033602,1.26558494742501,0.0723432508761914,-4.67329776354259,5.15540607099611e-51
20.06,0.05139371,0.3470046,6.33056619283497,-1.68608251204809e-48,1.10123603851729,0.0592703124193719,0.00703903756799168,-0.0938502546791664,1.37950579210104,0.138570606335311,-6.44812369945985,1.19928254068707e-47
20.07,0.07294869,0.3469099,6.4706348823315,-3.09050695075392e-43,1.18395315787431,0.105420964504393,0.0188785691467348,-0.0927960450341225,1.47795372907323,0.201770248296169,-6.49860897732432,1.54228866635139e-42
20.08,0.09578478,0.3465525,6.49975634478905,-9.08148260760112e-39,1.26324810576762,0.145425741150763,0.031511050204411,-0.0913417876226149,1.56315361569841,0.257084036009262,-6.49994608329626,3.59341467905612e-38
20.09,0.1197905,0.3461194,6.48525779390591,-3.52484611430143e-35,1.33804802595585,0.180954838261551,0.0448915304639695,-0.0895322392399994,1.63816936295531,0.307059068361001,-6.49999700005106,1.17205403528507e-34
20.1,0.1441536,0.345058,6.44076986866737,-1.01226225409158e-32,1.40204652776843,0.207909837894618,0.0589119957416538,-0.0874531408610532,1.70593119801933,0.346635792873042,-6.49999971447799,2.98832906218058e-32
20.11,0.1696203,0.3443723,6.37407953095136,-1.73224302092741e-30,1.46135836922766,0.234488076808702,0.0735255794339305,-0.0851082600929662,1.76800131458996,0.386643187140851,-6.499999964712,4.59803594082482e-30
20.12,0.1948995,0.3433255,6.28745320086296,-6.70044245642696e-29,1.50613283703321,0.254916593675869,0.0885869078042625,-0.0825590941562074,1.82729338833467,0.419801167238865,-6.49999999237476,1.64359066925957e-28
20.13,0.2193774,0.3413125,6.1795070542069,-3.49886943352147e-28,1.53251422916755,0.264914252502885,0.103912050095938,-0.0799099516311786,1.88620319722403,0.440663517278815,-6.49999999688911,8.19772672134424e-28
20.14,0.2436854,0.3396021,6.05132784032876,-1.7717690737781e-27,1.54654016701485,0.274948626648805,0.119377451766087,-0.0771604653646906,1.94460551614921,0.462431505873145,-6.49999999809299,3.96804897852994e-27
20.15,0.2667006,0.3371729,5.895229986019,-2.30875343206284e-27,1.54048817752228,0.277134642859345,0.134782333541309,-0.0743891189360971,2.00567295465039,0.474888300741783,-6.49999999777568,5.04470364317426e-27
20.16,0.2881005,0.334008,5.70346209693659,-8.48545700733001e-28,1.51344439270543,0.271937373193864,0.149916777468364,-0.0716697452041585,2.07114057625969,0.478048671319766,-6.49999999488819,1.84276739047323e-27
20.17,0.308518,0.3312104,5.47518325628739,-4.1191751149672e-28,1.47196473942416,0.268406787544881,0.164636424862605,-0.0689856773287097,2.14004518155664,0.483434259098492,-6.49999998081066,8.85354825071774e-28
20.18,0.3272353,0.3281685,5.19579728830516,-1.12923760430514e-28,1.4119021755243,0.261755107755283,0.178755446617848,-0.0663681262511568,2.21537317280451,0.484575778330721,-6.49999985873674,2.42186000311312e-28
20.19,0.3437312,0.3245334,4.84614714239812,-1.06200783764661e-29,1.33103022542965,0.249593605572342,0.192065748872145,-0.0638721901954334,2.30011613959727,0.477608644668368,-6.49999760245932,2.30830108165183e-29
20.2,0.3585246,0.3212671,4.42155014437211,-1.42664869429054e-30,1.23534340270937,0.239785095872448,0.204419182899239,-0.0614743392367089,2.39332899147229,0.473241701049821,-6.4999148426725,3.12731168407407e-30
20.21,0.3710968,0.3179065,3.89383748000118,-1.34929159445219e-31,1.12256012739667,0.228664658749023,0.215644784173205,-0.0591876926492187,2.49834329588777,0.466243571349916,-6.49190082767579,2.99888902023439e-31
20.22,0.3813857,0.3143391,2.35986782163111,-7.37340386339034e-33,0.994154027356942,0.215541336921387,0.225586324446775,-0.0570322792800048,2.61640332017736,0.455255255903574,-4.70293956608875,1.67560243457162e-32
20.23,0.3893096,0.3108158,0.00494398585742175,-3.52186358797442e-34,0.85143273789496,0.202569541961855,0.234100651825724,-0.0550065838603863,2.74821841201036,0.443344953019475,-0.0129064544931901,8.20466895828009e-34
20.24,0.3948719,0.307244,3.73060137403206e-07,-1.23686139403726e-35,0.69633744865304,0.189106552761092,0.241064026312255,-0.0531155183327754,2.89274120994934,0.429412096654304,-1.52357258418556e-06,2.96951543772599e-35
20.25,0.3981417,0.3035904,1.4640558483118e-12,-2.9366415534088e-37,0.531236101953692,0.175018757564965,0.246376387331792,-0.0513653307571257,3.04668429321955,0.413077693799264,-1.55781509482406e-11,7.31511582429014e-37
20.26,0.3991729,0.2998556,-3.91059891637073e-20,-4.5770137425683e-39,0.358264008789305,0.160443780245668,0.249959027419685,-0.049760892954669,-3.07806010127894,0.394416379023198,-6.74882887857236e-18,1.19180427913308e-38
20.27,0.3980718,0.296012,-1.44176752348365e-27,-4.21576136675295e-41,0.179837940423827,0.145294733198175,0.251757406823923,-0.0483079456226873,-2.92126458100425,0.373134106776471,-2.1795907449584e-25,1.15826176322209e-40
20.28,0.3949855,0.2920048,-7.24206646035518e-32,-1.86860055648785e-43,-0.00146208931440839,0.12928823087982,0.251742785930779,-0.0470150633138891,-2.77195257725288,0.348554966349723,-7.26325490381651e-30,5.48662849871226e-43
20.29,0.3903569,0.2881032,6.09855014899179e-29,-7.85941769827456e-46,-0.180982614326737,0.114646917780149,0.249932959787511,-0.0458685941360876,-2.99386427617902,0.324883137760356,-1.91096879590089e-25,2.47243073520249e-45
20.3,0.3844547,0.2843359,-4.12648011327904e-20,-3.61632025269965e-48,-0.355759061206008,0.101573001883345,0.246375369175451,-0.0448528641172542,-2.83916558757779,0.302837597012971,-4.21063880189271e-18,1.21893686826342e-47
20.31,0.3776028,0.2807954,-6.8067247231422e-14,-2.71967927137667e-50,-0.522660383502668,0.0907341936006878,0.241148765340425,-0.0439455221812473,-2.69596322776049,0.284122977798445,-6.59661394836281e-12,9.75946348678646e-50
20.32,0.370117,0.2775927,-5.57589139023491e-09,-5.74573765376322e-52,-0.678899663358699,0.08287453296668,0.234359768706838,-0.0431167768515805,-2.56709625017295,0.270693908123174,-4.22243081004137e-07,2.16193253123008e-51
20.33,0.3622408,0.2749331,-3.67999858813103e-05,-8.56022383615486e-53,-0.822514412198565,0.0793830976270629,0.226134624584852,-0.0423229458753098,-2.45286256575351,0.265921205202999,-0.00229654151101562,3.27739174602438e-52
20.34,0.3542419,0.2725779,-0.0265584344882591,-3.732063981129e-53,-0.95158107913155,0.0781224151130271,0.216618813793537,-0.0415417217241796,-2.35238036458892,0.265709528988835,-1.48334947474181,1.42997982959486e-52
20.35,0.3464486,0.2711638,-0.123104934853885,-5.1857142279955e-52,-1.06394344639989,0.0838019239195962,0.205979379329538,-0.0407037024849836,-2.26434551092273,0.280388687595189,-6.38525131960196,1.88516081562075e-51
20.36,0.3383162,0.2697907,-0.132688301646192,-5.21004283641485e-51,-1.16435800309344,0.0889687642351569,0.194335799298603,-0.039814014842632,-2.18422412340826,0.294346844900364,-6.49837758454101,1.80586601079144e-50
20.37,0.3306719,0.2694947,-0.138856140690541,-1.34894359293346e-48,-1.24683512913708,0.101559413442332,0.181867448007232,-0.0387984207082087,-2.11291729153232,0.324666391007576,-6.49993778736987,4.24631444558493e-48
20.38,0.3229232,0.2692908,-0.144063736442157,-1.65002659261057e-46,-1.31676081719075,0.113393526289249,0.168699839835325,-0.0376644854453162,-2.04671708963921,0.354071038284621,-6.49999542067043,4.77104161700019e-46
20.39,0.3156119,0.2698448,-0.148369166903916,-6.94861536469163e-44,-1.37054339267694,0.129551259862407,0.154994405908555,-0.0363689728466922,-1.98572119655067,0.393386610679911,-6.49999932345563,1.81390629385226e-43
20.4,0.3082281,0.2705016,-0.1519909517992,-1.14116832716213e-41,-1.41296834033534,0.144593640698908,0.140864722505202,-0.0349230364397031,-1.92752212245967,0.431263555673531,-6.49999984190652,2.72864489141891e-41
20.41,0.3008256,0.2711878,-0.155000292556641,-7.34519242616349e-40,-1.44422978494142,0.157951777808766,0.126422424655788,-0.0333435186616154,-1.87146993020065,0.466651914870139,-6.49999994399587,1.6311901751665e-39
20.42,0.2935171,0.2720228,-0.157451636081122,-2.88276064766824e-38,-1.46412348997435,0.170587090172887,0.111781189756044,-0.0316376477598865,-1.81707881599121,0.501626392552258,-6.49999997042493,5.98961585631992e-38
20.43,0.2860568,0.2724604,-0.159404410779935,-2.36141183500013e-37,-1.47525866502954,0.178300396751997,0.0970286031057489,-0.0298546437923666,-1.7634213371805,0.527759966617712,-6.49999997897967,4.68531763664003e-37
20.44,0.278428,0.2725897,-0.16087841173632,-6.29789308369319e-37,-1.47835089803831,0.182100763636816,0.0822450941253657,-0.0280336361559984,-1.71009637045093,0.546974640352889,-6.49999998047977,1.2100735168096e-36
20.45,0.2706128,0.2722171,-0.161881593276353,-4.16854421258772e-37,-1.47411955646494,0.180783250115553,0.0675038985607163,-0.0262258036548429,-1.65677440167609,0.556456030068262,-6.49999997690413,7.8875287690044e-37
20.46,0.2622918,0.2707823,-0.162412891268202,-2.15200341614779e-38,-1.46556860638847,0.170460028691731,0.0528482124968316,-0.0245212033679256,-1.60305619765766,0.547020003082886,-6.49999996848648,4.13454022449785e-38
20.47,0.2536807,0.2685332,-0.162460067875473,-1.24534547689443e-40,-1.45142118578441,0.153776443687712,0.0383340006389875,-0.0229834389310485,-1.54895506853419,0.521857971361914,-6.49999994803996,2.49614571922762e-40
20.48,0.2447513,0.2654352,-0.162011236291586,-4.38895236142359e-44,-1.43239006346476,0.131054374760732,0.0240101000043399,-0.0216728951834411,-1.49436519495453,0.478912020465085,-6.49999989842235,9.51551904769049e-44
20.49,0.2355207,0.2613893,-0.161053229143364,-2.04968635319821e-49,-1.40881682182008,0.102135149134864,0.00992193178613906,-0.0206515436920925,-1.43923172767159,0.414399250090194,-6.49999976576683,5.09019278036105e-49
20.5,0.2261131,0.2565223,-0.159571209553399,-1.0724248541507e-57,-1.38022723477841,0.0686362683144646,-0.00388034056164502,-0.0199651810089478,-1.38345139088296,0.329201638103307,-6.49999934642134,3.3302031311023e-57
20.51,0.216615,0.250815,-0.157548127397084,-2.36840163159359e-72,-1.34650065061677,0.0309636467263426,-0.0173453470678128,-0.0196555445416844,-1.32689512972397,0.222860725091469,-6.49999775723743,1.07567134571797e-71
20.52,0.2074002,0.2447266,-0.154944850426229,-6.77861033541617e-85,-1.30536521097408,-0.00682638424136095,-0.0303989991775536,-0.019723808384098,-1.26900657994366,0.108906192388739,-6.49998951847699,6.17748183909854e-84
20.53,0.1981551,0.2378894,-0.151759298333774,1.37482652702437e-66,-1.26000481152159,-0.0473061692013224,-0.0429990472927694,-0.0201968700761113,-1.21011774964117,-0.0158874595184329,-6.4999395129904,2.38114671390734e-64
20.54,0.1897528,0.2314382,-0.147858568421252,-1.26237736358651e-56,-1.20434312802341,-0.0813548338202814,-0.0550424785730035,-0.0210104184143141,-1.14843583643989,-0.118317205810117,-6.4994341406855,1.07920177712169e-53
20.55,0.1816721,0.2245424,-0.143142590231901,1.40456693502507e-48,-1.1434509926994,-0.115607414614348,-0.0664769884999975,-0.0221664925604576,-1.08478051622767,-0.215131472648584,-6.49267326437732,2.26045238202915e-46
20.56,0.1746928,0.2184095,-0.13424560470922,3.07689995803953e-44,-1.07213196526831,-0.140618830841263,-0.0771983081526806,-0.0235726808688702,-1.01680390365118,-0.278904140638686,-6.32908409172606,3.28086475175863e-42
20.57,0.1685975,0.2128521,-0.0609529137836014,1.16423665792721e-41,-0.993244792612527,-0.158381105704689,-0.0871307560788059,-0.0251564919259171,-0.944620131941088,-0.31850994799345,-3.01113694406278,1.17111587980965e-39
20.58,0.1636518,0.2082333,-0.00115807784247758,1.48155564027374e-40,-0.905797218017749,-0.166572921169465,-0.0961887282589834,-0.0268222211376117,-0.866782045478755,-0.331415921979818,-0.0605548345409454,1.48273279142463e-38
20.59,0.1598281,0.2046721,-4.97157029650281e-06,9.99583329389993e-41,-0.811155991735159,-0.16497124022209,-0.104300288176335,-0.0284719335398326,-0.782812168354465,-0.320040587474045,-0.000279354112318846,1.00462436972263e-38
20.6,0.1570394,0.202362,-7.57070455897992e-09,2.60748279839886e-42,-0.711078830599778,-0.152863422013755,-0.111411076482333,-0.0300005677599702,-0.692685039620078,-0.284280353919164,-4.70014893728921e-07,2.74430181047392e-40
20.61,0.1553824,0.2012388,-2.95102966520565e-12,1.69718903503452e-45,-0.60582424047441,-0.131616298899031,-0.117469318887077,-0.0313167307489605,-0.595653237476982,-0.227718875082984,-2.14272065153178e-10,2.37858679875451e-43
20.62,0.1543633,0.201289,-2.81803724071003e-16,1.86810789694536e-53,-0.500160784055582,-0.102162386432009,-0.122470926727633,-0.0323383546132806,-0.494843125641751,-0.152065489161131,-2.51542323646109e-14,2.06169342826968e-48
20.63,0.1541328,0.2025381,-4.25147934081175e-21,6.2427063496416e-59,-0.393584849630033,-0.0651092046104735,-0.126406775223933,-0.0329894466593853,-0.390032572586838,-0.0580615144194125,-4.27251794901043e-19,9.46290561324602e-57
20.64,0.1542565,0.20467,-7.70007182816886e-27,-8.41893183210307e-71,-0.290096395445184,-0.0236711864120451,-0.129307739178385,-0.0332261585235058,-0.285377565674971,0.0465264776266795,-8.08451211856011e-25,2.20658746137624e-69
20.65,0.1545745,0.2075811,-3.79876322512964e-34,-3.76499819140482e-71,-0.191278750210618,0.0207806819108813,-0.131220526680491,-0.0330183517043969,-0.183424693861739,0.157790025728261,-1.21271601007536e-31,2.36387302071121e-70
20.66,0.1548786,0.2111243,-9.26612999077918e-42,-5.24137931318779e-57,-0.0989378165378145,0.0666301925111408,-0.132209904845869,-0.0323520497792855,-0.0869826005466273,0.270797931271945,-5.0618049578699e-39,1.97141846278121e-56
20.67,0.1550413,0.2150804,1.16882730773406e-46,-4.21297077975451e-47,-0.0140858577619163,0.111828202100813,-0.132350763423488,-0.0312337677582774,0.00217372621848687,0.379813542932134,-1.05081340995469e-43,1.13773891293059e-46
20.68,0.1545319,0.2190133,4.84974220060895e-43,-1.22597325472777e-40,0.0593140927363329,0.152831990780363,-0.131757622496125,-0.0297054478504738,0.0795269788956629,0.476898754200185,-6.38640845586452e-42,2.66834909084309e-40
20.69,0.1536209,0.2229499,5.44557741974763e-38,-5.01472382392928e-36,0.12376857929922,0.189923417176616,-0.130519936703133,-0.0278062136787076,0.147725126627885,0.563848324535354,-3.64042015680044e-37,9.37797763882405e-36
20.7,0.1521203,0.2266235,1.67757375821045e-33,-9.25959263447822e-33,0.178157789433527,0.221147741569763,-0.128738358808798,-0.02559473626301,0.205826585144712,0.638218014591927,-8.21646411799256e-33,1.55419531175588e-32
20.71,0.1499564,0.2298468,4.06615331318644e-30,-1.60840864434029e-30,0.222372919610558,0.245341359555461,-0.126514629612692,-0.0231413226674554,0.254022701544822,0.699634309333181,-1.62777605350647e-29,2.49816182961933e-30
20.72,0.1471942,0.2325417,1.17105937812382e-27,-4.4889397274434e-29,0.257432047625835,0.262299220797892,-0.123940309136434,-0.0205183304594765,0.293614450257934,0.749286805295546,-4.06897834104504e-27,6.59171768659887e-29
20.73,0.1439035,0.2346226,6.59991059173758e-26,-2.65431086355576e-28,0.284363666087822,0.271820451353898,-0.121096672475555,-0.0178001259459375,0.325793921528606,0.787826905185132,-2.07051341318105e-25,3.74523911891043e-28
20.74,0.1401577,0.2360719,1.07056322291818e-24,-4.14589843040624e-28,0.304193713570072,0.274278813261085,-0.118054735339855,-0.0150573378133266,0.351630937696711,0.816232424227655,-3.11651881563988e-24,5.69113591384707e-28
20.75,0.1361858,0.2369514,7.81820620028136e-24,-2.12669273385547e-28,0.319096012988702,0.270668878751271,-0.114863775209968,-0.0123506490258139,0.373286676961289,0.83587103120355,-2.14716467135226e-23,2.86689793326136e-28
20.76,0.1324125,0.2375772,4.46815217809837e-23,-5.94389141067892e-29,0.332594974394597,0.263880246010677,-0.111537825466022,-0.00971184656570713,0.394327217416108,0.850914295877315,-1.1637113154863e-22,7.90595038318618e-29
20.77,0.1282037,0.23738,1.06512920548745e-22,-3.83350365303577e-30,0.339897082622803,0.249856597816896,-0.108138854639794,-0.00721328058753817,0.409735378345743,0.853488911927811,-2.6738854880798e-22,5.08744647982247e-30
20.78,0.1248478,0.2374544,4.32980546657051e-22,-3.05832237891558e-31,0.351240985101491,0.237566437393311,-0.104626444788779,-0.00483761621360507,0.430093261565106,0.858039619388764,-1.03796253148689e-21,4.04267463584363e-31
20.79,0.1209758,0.2365761,7.09943898052186e-22,-3.75455027253526e-33,0.355836234973246,0.217627211292999,-0.101068082439046,-0.00266134410067508,0.444143403517129,0.846331640415725,-1.651119383902e-21,5.01414354217638e-33
20.8,0.1183785,0.2364879,3.04113265355095e-21,-1.47420537216765e-34,0.367803133717056,0.204004624872985,-0.0973900511018757,-0.000621297851945225,0.466780949837267,0.844211076835001,-6.75188855500923e-21,1.97248958427315e-34
20.81,0.1158279,0.2359536,9.11606085198735e-21,-1.82396117310646e-36,0.377165809730117,0.186885835379236,-0.0936183930045745,0.00124756050184713,0.487625732122661,0.832085891567642,-1.94385416727371e-20,2.46726891612645e-36
20.82,0.1138707,0.2355571,3.32933572842613e-20,-2.18707249136931e-38,0.388228379671325,0.171080722022848,-0.0897361092078613,0.00295836772207561,0.511301467276311,0.819250979638157,-6.79809684648294e-20,2.99373377880169e-38
20.83,0.11236,0.2352199,1.24720489589871e-19,-2.15358965281931e-40,0.399680871317821,0.155981365529046,-0.085739300494683,0.00451818137736607,0.53652151869756,0.804358969142253,-2.43818370723035e-19,2.98988981006305e-40
20.84,0.1114531,0.2351135,5.44334193883096e-19,-2.75035607926058e-42,0.412622849770614,0.142927507007734,-0.0816130719969769,0.00594745644744342,0.564573029010476,0.791140518240467,-1.01679380220326e-18,3.86801294044152e-42
20.85,0.1109312,0.2352826,2.20756017297447e-18,-5.6353261413572e-44,0.425199164817026,0.132175705068763,-0.0773610803488067,0.00726921349813105,0.593560980099425,0.781308543794509,-3.94564829195507e-18,8.00359367585254e-44
20.86,0.1108163,0.2354797,8.46840904373945e-18,-9.50293974898288e-46,0.437530412131308,0.121729723562319,-0.0729857762274936,0.00848651073375423,0.623681784228459,0.769661647171767,-1.4498458971085e-17,1.36580153521374e-45
20.87,0.1108778,0.2357882,2.52469676485175e-17,-1.74060742891387e-47,0.447806238323361,0.112259685316126,-0.06850771384426,0.0096091075869155,0.653046394532189,0.758341654117328,-4.1553057433355e-17,2.53142372403792e-47
20.88,0.1109634,0.2360971,5.28243011455483e-17,-2.39994310182185e-49,0.454961142278318,0.102900639246577,-0.0639581024214768,0.0106381139793813,0.680512455817037,0.744622998277496,-8.39662753669058e-17,3.54196161203475e-49
20.89,0.1111965,0.2363461,8.88620758613521e-17,-1.90950308568473e-51,0.460128086023381,0.0932384070678047,-0.059356821561243,0.0115704980500593,0.707253947671774,0.726660851113996,-1.36786366528261e-16,2.87463165256525e-51
20.9,0.1111385,0.2363415,8.54035490058558e-17,-3.35015661784856e-54,0.460087513269882,0.0818782280312824,-0.0547559464285442,0.0123892803303721,0.729738713461061,0.698025802248506,-1.28126502387361e-16,5.2133839205943e-54
20.91,0.1112402,0.2363431,7.09871771979649e-17,-3.36472715177934e-57,0.458664970002127,0.0709892968766277,-0.0501692967285229,0.0130991732991384,0.751892403765374,0.666043652604451,-1.03949180750682e-16,5.44606902627963e-57
20.92,0.1112588,0.2362522,4.20822360911514e-17,-9.7338136506449e-61,0.454124144482352,0.0598478212068647,-0.0456280552836994,0.0136976515112071,0.771734612529961,0.627223054610206,-6.03532451676545e-17,1.6583744734749e-60
20.93,0.1111274,0.2359587,1.7107730878243e-17,-2.4800266487127e-65,0.446218833895737,0.0477000325209904,-0.041165866944742,0.014174651836417,0.788743997014006,0.576763406338867,-2.41170286770099e-17,4.54587089546174e-65
20.94,0.1108121,0.2355147,4.68975983178576e-18,-3.03218839267742e-71,0.434990026595496,0.0350880837124166,-0.036815966678787,0.0145255326735411,0.802611127663967,0.515859757915607,-6.52192441381612e-18,6.14164938558493e-71
20.95,0.1101269,0.2348172,7.36714382410769e-19,-1.36295212031517e-79,0.41934131806721,0.0213371482386446,-0.0326225534981149,0.0147389041559276,0.811539131192338,0.43945482064541,-1.01579746250487e-18,3.20161387846044e-79
20.96,0.109624,0.2341421,1.10936717779033e-19,-1.34856163607778e-88,0.403901401289431,0.0087086842434132,-0.0285835394852206,0.0148259909983617,0.820492517688009,0.361318125853784,-1.51677596003345e-19,3.82299872728568e-88
20.97,0.1088205,0.2332984,1.00079870253853e-20,-3.95926217842499e-91,0.385067901536689,-0.0042608591825315,-0.0247328604698537,0.0147833824065364,0.824738859141863,0.273956655479168,-1.36294683115245e-20,1.47238682906017e-90
20.98,0.1076946,0.2322393,5.16293360403343e-22,-1.54849497336512e-82,0.363043929726626,-0.0178242865110469,-0.0211024211725875,0.0146051395414259,0.823582589823216,0.177211308844221,-7.03872475008663e-22,8.72145666649362e-82
20.99,0.1066517,0.2312713,2.30254137289527e-23,-3.73995555890456e-75,0.341284771400175,-0.0295340300377709,-0.0176895734585857,0.0143097992410482,0.820898710696893,0.0914809649608566,-3.14694378885973e-23,4.15528825491087e-74
21,0.1053978,0.230196,6.23409430374881e-25,-1.95445885942374e-70,0.317659481154912,-0.0409687620047188,-0.0145129786470366,0.013900111621001,0.813086831443096,0.00835001572357608,-8.58308986298972e-25,4.15474324917217e-68
21.01,0.104325,0.2293075,1.62113779680118e-26,2.02008688791333e-66,0.29543019586894,-0.0498517602834512,-0.0115586766883472,0.0134015940181665,0.80447221032943,-0.0541786777804485,-2.25042612327672e-26,2.84794635838984e-64
21.02,0.1033507,0.2285956,3.66601533363026e-28,2.27028726419372e-65,0.273991984527256,-0.0564052769728056,-0.00881875684307465,0.0128375412484385,0.79404617952083,-0.0978495022544792,-5.14100615296365e-28,8.45712050619392e-62
21.03,0.1021129,0.2276862,4.16081627028323e-30,-1.47199019815882e-62,0.250656263388285,-0.0636059443879995,-0.0063121942091918,0.0122014818045585,0.776358318544803,-0.14326347182204,-5.93915438960923e-30,2.39970186860541e-59
21.04,0.1009103,0.2269703,3.51852470565816e-32,1.2879962983904e-60,0.227973554048364,-0.0683992465070546,-0.00403245866870817,0.0115174893394879,0.755063131719124,-0.170470490094129,-5.13491564930271e-32,7.39680817765371e-58
21.05,0.09991589,0.226516,2.97548113577299e-34,7.500877446495e-60,0.207341100125752,-0.0704261115420557,-0.00195904766745064,0.0108132282240674,0.732978453618909,-0.178938620391343,-4.44787431221664e-34,2.83521365599026e-57
21.06,0.09913443,0.2262693,2.64578003934879e-36,5.07507181496312e-60,0.188757804757974,-0.0702947857082448,-7.14696198709081e-05,0.0101102803669849,0.7106520247964,-0.173951562004592,-4.0565871184844e-36,2.40643825642168e-57
21.07,0.09799175,0.2261511,7.10564312729369e-39,6.10287228049637e-61,0.167811116625107,-0.0687713073449433,0.00160664154638016,0.00942256729353549,0.676661364054356,-0.16101415085788,-1.13486681368338e-38,7.67730068177225e-58
21.08,0.09730838,0.2263173,3.5677265988883e-41,-4.02026519424914e-62,0.151037347085958,-0.0647913984455986,0.00311701501723974,0.0087746533090795,0.647828880755142,-0.134423716069507,-5.91226617703201e-41,3.85578473716109e-59
21.09,0.09645125,0.2266667,6.95087120714708e-44,-1.07709696578513e-65,0.133404823320904,-0.0593325733319017,0.00445106325044878,0.00818132757576048,0.610534018234323,-0.100372516161382,-1.21218795262133e-43,4.80917546506454e-61
21.1,0.09570072,0.2273848,1.04567312249646e-46,2.27725914600013e-66,0.11721023232935,-0.0511355629688481,0.00562316557374228,0.007669971946072,0.57138472535763,-0.0518169571806403,-1.93263720146247e-46,3.09475142995697e-64
21.11,0.09517667,0.2283085,1.90647770215432e-49,-1.78325695231436e-71,0.10334738907841,-0.0416924232711159,0.00665663946452639,0.00725304771336084,0.534492813872543,0.00251329966547089,-3.73972337008055e-49,1.37874428475214e-68
21.12,0.09460261,0.2297495,1.53023536108137e-52,-1.76100883234748e-77,0.0896180587238131,-0.0287957964506915,0.00755282005176452,0.00696508974885393,0.492639739972252,0.0750479068083066,-3.23247094729944e-52,2.49283810691043e-76
21.13,0.09413415,0.2313663,9.52823311894159e-56,-1.86610417817369e-89,0.0772718201856689,-0.0153690427554707,0.00832553825362121,0.00681139932129922,0.451049547883901,0.149052424868965,-2.18415782918484e-55,1.23685436290405e-88
21.14,0.09377366,0.2333633,4.84000169232928e-59,-6.84200373186292e-109,0.0662914860462869,1.56755047072688e-05,0.00898845311408408,0.00681155607634629,0.410713010335898,0.232216805761683,-1.21226277808314e-58,2.98736076698764e-108
21.15,0.09340703,0.235356,1.0042169540214e-62,-1.77766595413869e-90,0.0557691237491773,0.0142081394304748,0.00954614435157585,0.00695363747065104,0.368395940332592,0.307424252675684,-2.7935357932691e-62,5.90405558834337e-90
21.16,0.09306275,0.237878,8.54173471488119e-67,-5.17772850909924e-75,0.0459455521376095,0.0312522511238073,0.0100055998729519,0.00726615998188911,0.325744012168128,0.395537341619717,-2.68010249168606e-66,1.34454423825556e-74
21.17,0.09278543,0.240554,3.79708148103471e-71,-6.53669524247767e-66,0.0371613710118253,0.0479919749355574,0.0103772135830702,0.00774607973124469,0.285192640031899,0.479940807737461,-1.35755674426031e-70,1.41439141188446e-65
21.18,0.09257515,0.2432249,8.96029744226254e-76,-5.52960164863103e-60,0.0293874646107761,0.0631484065656858,0.010671088229178,0.00837756379690155,0.24745335160388,0.55529279022173,-3.67941857082719e-75,1.04823771500241e-59
21.19,0.09221637,0.2458364,5.97442114208177e-82,-7.41959493712507e-56,0.02095546530265,0.0763411232242904,0.0108806428822045,0.00914097502914445,0.204260757881336,0.621191419074097,-2.94729088127208e-81,1.27467872880505e-55
21.2,0.09185264,0.2481582,4.42429605198254e-89,-2.83819149547522e-53,0.0130517289391412,0.0859001259875044,0.0110111601715959,0.00999997628901949,0.162230238890692,0.672282938549633,-2.70614465913292e-88,4.55781394051377e-53
21.21,0.09159514,0.2507385,2.36970152497687e-95,-8.53828315889983e-51,0.00652314203219495,0.0961878782714871,0.0110763915919178,0.0109618550717344,0.126647981564717,0.726658857524651,-1.8435316811553e-94,1.28538540964584e-50
21.22,0.09106427,0.2525788,1.30188935427607e-98,-5.0672925364924e-50,-0.00157600472996444,0.0995402186096797,0.0110606315446182,0.0119572572578312,0.0816272758535728,0.756264203996232,-1.66010747104749e-97,7.38575407396377e-50
21.23,0.09068109,0.2545781,8.76131655270854e-95,-3.38802189161683e-49,-0.00788927150599883,0.103256515006645,0.0109817388295582,0.0129898224078976,0.0462300053016506,0.788299193742325,-2.31550502641222e-93,4.77825976618977e-49
21.24,0.09008581,0.2559387,6.86865495466871e-89,-1.39960074500196e-49,-0.0152437023635459,0.101257670193379,0.0108293018059227,0.0140023991098314,0.00505806818888556,0.800846971396117,-2.53263607934219e-86,1.94971749355697e-49
21.25,0.08941017,0.2568766,-3.37478414488189e-82,-9.08656074250574e-51,-0.022520399744707,0.0956195689917518,0.0106040978084757,0.0149585947997489,-0.0352489919135561,0.799901803245474,-4.13015734789967e-80,1.26696863170562e-50
21.26,0.08860993,0.2573917,-2.89231135133568e-77,-8.0482504402772e-53,-0.0300192670527402,0.0866468245265206,0.0103039051379483,0.0158250630450141,-0.0759541880012923,0.784198842518436,-7.80142015645547e-75,1.1397364420391e-52
21.27,0.0878044,0.2575781,6.56923426829396e-74,-1.04105693188229e-55,-0.036777218951109,0.0753556492126555,0.00993613294843717,0.0165786195371407,-0.111503764099062,0.754511003991981,-7.1907253964299e-71,1.52020526319122e-55
21.28,0.08643592,0.2566378,-7.86367690717629e-69,-9.47712862028246e-62,-0.0470348899434774,0.0559582846789612,0.00946578404900239,0.0171382023839303,-0.163895375186851,0.677476610739921,-7.32806805922882e-66,1.51209355126841e-61
21.29,0.08537862,0.2560855,-2.08254950277948e-65,-7.27538456095015e-68,-0.0538493437084968,0.0406196933036842,0.00892729061191743,0.0175443993169671,-0.196226017878253,0.604832567304484,-4.63777668011619e-63,1.27917438063602e-67
21.3,0.08365995,0.2542593,-3.0506889096259e-61,-5.00378715131024e-81,-0.0648050669158358,0.0165720663829541,0.00827923994275907,0.0177101199807967,-0.246784951191931,0.458925691426478,-3.70800690332205e-59,1.12861924630139e-80
21.31,0.08193403,0.252482,-3.4167309876687e-58,-3.93785939188878e-87,-0.0745732575391974,-0.00539889401413141,0.00753350736736709,0.0176561310406554,-0.288094275090838,0.29916841218817,-3.56706287174252e-56,1.34330606277106e-86
21.32,0.08033966,0.2506966,-4.06699070538574e-56,-3.74129112270568e-76,-0.0821381102756528,-0.0257518200913738,0.00671212626461057,0.0173986128397416,-0.316372611522754,0.135114310216069,-4.09647736231156e-54,2.72808204575313e-75
21.33,0.07825772,0.2480578,-1.30945663822822e-53,8.62844086514361e-66,-0.0923067954243061,-0.0508731900169237,0.00578905831036751,0.0168898809395724,-0.353259921314728,-0.0707652916953416,-1.30983838419561e-51,1.87337567202494e-63
21.34,0.0762132,0.2455986,6.11689761578877e-50,1.66507811792091e-58,-0.100851936772538,-0.0724578480299189,0.00478053894264212,0.0161653024592732,2.52030499907569,-0.233961851129321,-1.050736029853e-49,2.21092209295667e-56
21.35,0.07390333,0.2430737,4.85540747108046e-48,2.57025616260965e-53,-0.110136639797466,-0.0925000166391134,0.00367917254466746,0.0152403022928821,2.52100926573382,-0.363805512512813,-8.34860211587606e-48,2.57517565589825e-51
21.36,0.07193847,0.2407919,5.03600620266444e-47,6.54937727659602e-50,-0.115436945595455,-0.108668957207934,0.00252480308871291,0.0141536127208027,2.51747978894461,-0.448675798599136,-8.61682591852542e-47,6.32158355019457e-48
21.37,0.06942832,0.2380689,1.62019383789773e-45,1.19330787697975e-46,-0.123753913464579,-0.126326530311551,0.00128726395406712,0.0128903474176872,2.51615739716144,-0.525783697546539,-2.76716532991539e-45,1.00024334952257e-44
21.38,0.06719022,0.2357329,1.12533328479833e-44,1.41870314455994e-44,-0.128633725368917,-0.139009608014412,9.26700377948397e-07,0.0115002513375431,2.51096335174296,-0.565425385157504,-1.90833989516988e-44,1.09448925875637e-42
21.39,0.06518193,0.2338957,2.46324606006572e-44,1.69513872326861e-43,-0.130628649577159,-0.146178946358607,-0.00130535979539364,0.010038461873957,2.50251296174565,-0.574742089214658,-4.12970812617303e-44,1.28302940361857e-41
21.4,0.06263879,0.2315678,1.69283242012876e-43,3.89642550589438e-42,-0.135721723428055,-0.155670574968464,-0.0026625770296742,0.00848175612427239,2.49652366183374,-0.591199969473004,-2.81552529815395e-43,2.85380144892935e-40
21.41,0.06064431,0.2301751,1.58362177380648e-43,4.77110455379096e-42,-0.135465777259345,-0.156502145168573,-0.00401723480226765,0.00691673467258666,2.48480720387754,-0.57195668090303,-2.59380293413581e-43,3.63173991550988e-40
21.42,0.05823014,0.2285049,3.53521369678154e-43,8.47908011901991e-42,-0.137579356672658,-0.158467341390251,-0.00539302836899423,0.00533206125868414,2.47500212106943,-0.558186109523913,-5.71804561812748e-43,6.64029460365218e-40
21.43,0.05599341,0.2272815,3.39356043252575e-43,3.5998754302726e-42,-0.137362612742344,-0.156008995156058,-0.00676665449641767,0.00377197130712356,2.4624398111374,-0.528974742850361,-5.40325954388272e-43,2.99737019365371e-40
21.44,0.05376782,0.2262924,2.36262243771387e-43,6.64416112658602e-43,-0.136248566256489,-0.151076026048942,-0.00812914015898256,0.00226121104663414,2.44865186921107,-0.492444074842715,-3.69906348955144e-43,5.95830868204864e-41
21.45,0.05164019,0.2256191,9.54913352479889e-44,4.32264184150419e-44,-0.133656228476057,-0.143271191350856,-0.00946570244374313,0.000828499133125579,2.43316286353013,-0.447227310104333,-1.46789192081215e-43,4.18042110599131e-42
21.46,0.04938143,0.225084,4.39597269067861e-44,1.57702044132404e-45,-0.131440522413894,-0.134193166759935,-0.0107801076678821,-0.000513432534473766,2.41788683882433,-0.399280893619148,-6.63994450457323e-44,1.58340634312915e-43
21.47,0.04724085,0.224771,1.11867343829436e-44,2.36423196843169e-47,-0.127704988004668,-0.123358572608237,-0.0120571575479287,-0.00174701826055614,2.40101461198391,-0.346575185342427,-1.65828982305878e-44,2.36351043729663e-45
21.48,0.04549301,0.2248896,6.82663216980564e-46,5.55924068596486e-50,-0.120515911974723,-0.109384602197145,-0.013262316667676,-0.00284086428252759,2.38097208827105,-0.28345061237695,-9.90438657371179e-46,5.86197385215826e-48
21.49,0.04340374,0.2246566,9.88680860008609e-47,2.37562118571927e-52,-0.115710638984764,-0.098486900184465,-0.0144194230575236,-0.00382573328437224,2.3636188377719,-0.234166037996263,-1.40892661860956e-46,3.14925305644279e-50
21.5,0.0417937,0.2249596,2.25177753539661e-48,1.88410651949303e-56,-0.106950608127469,-0.0838102405399641,-0.0154889291387983,-0.00466383568977188,2.34298898721185,-0.171370009446388,-3.1436976607808e-48,1.02644864761694e-53
21.51,0.04006364,0.2251327,5.96956205884421e-50,-2.54896669606428e-60,-0.0991009884206944,-0.0707382979752281,-0.0164799390230053,-0.00537121866952416,2.32403997694307,-0.116382764816552,-8.18434165412247e-50,2.28066734224441e-57
21.52,0.03904201,0.2253471,6.56655090600829e-53,6.85325381454494e-64,-0.0858966481818286,-0.0579368713643414,-0.0173389055048235,-0.00595058738316757,2.30138785765225,-0.0636791281162991,-8.81756765984192e-53,1.18740614814631e-61
21.53,0.03816082,0.2259143,1.7772969766869e-56,1.0779558624017e-70,-0.0720973657112989,-0.0431125235824938,-0.0180598791619365,-0.00638171261899251,2.28003361367156,-0.00391000484949754,-2.34221802062666e-56,6.00364972962307e-68
21.54,0.03765217,0.2262884,1.89031422942708e-61,-1.53152633237684e-76,-0.0560795974058224,-0.0306115838964135,-0.0186206751359947,-0.00668782845795665,2.25890782427948,0.0457218123521783,-2.44727855057447e-61,4.10625695502343e-75
21.55,0.03766952,0.2267556,4.29434527970882e-69,-1.62010751224988e-86,-0.0369482794267002,-0.0181772641782101,-0.0189901579302618,-0.00686960109973875,2.23786871534207,0.0944720164430611,-5.46618215861441e-69,1.73315793619746e-85
21.56,0.03806735,0.2271861,4.50607950169412e-80,-2.59796580672166e-101,-0.0161446753420795,-0.00685267309085502,-0.0191516046836825,-0.0069381278306473,2.21861602349222,0.138447331221753,-5.65097387949537e-80,1.84950199469732e-100
21.57,0.03887863,0.227558,7.80223109798886e-85,-1.43153591589975e-106,0.00633284575633275,0.00321684809445466,-0.0190882762261192,-0.00690595934970275,2.20145256740036,0.177347679635407,-9.6604361045366e-85,8.05695051488658e-106
21.58,0.04014901,0.2279005,2.93447842233588e-72,-3.14336665278871e-93,0.0305712948543106,0.0122877372419756,-0.0187825632775761,-0.00678308197728299,2.18655995769118,0.212397766633443,-3.5946459231536e-72,1.49450262291972e-92
21.59,0.04161933,0.2279014,4.42673490074051e-62,-2.23109318223635e-86,0.0543480242576251,0.0180344202756667,-0.0182390830349999,-0.00660273777452633,2.17544507098273,0.234934662238933,-5.38060410539347e-62,9.63295448241508e-86
21.6,0.04359601,0.2280603,2.26198631938611e-54,-2.14586338100451e-80,0.0798652279804926,0.0244337810321685,-0.0174404307551949,-0.00635839996420464,2.16653642021676,0.260187725169175,-2.73267394045559e-54,8.39223287862925e-80
21.61,0.04585511,0.2280199,1.21748867359278e-48,-4.22587790464861e-77,0.105159698357087,0.0287112751125371,-0.0163888337716241,-0.00607128721307927,2.16097888442463,0.277744940078898,-1.46532996254589e-48,1.55055345176456e-76
21.62,0.0485944,0.2280463,6.85267588128501e-44,-3.36505096352917e-74,0.131588833416678,0.033004007998888,-0.0150729454374573,-0.00574124713309039,2.15775383792137,0.2956681479235,-8.22991401851073e-44,1.16125070485596e-73
21.63,0.05140446,0.2274932,2.80447671783609e-40,-1.31224975377459e-74,0.155835516430223,0.0324255808485412,-0.0135145902731551,-0.00541699132460498,2.1584480908741,0.295519078319491,-3.36967296668758e-40,4.53070622008805e-74
21.64,0.05497774,0.2273048,8.21697545194034e-37,-2.39499671456397e-73,0.183129001781065,0.0344473629959126,-0.0116833002553444,-0.00507251769464585,2.15991024368504,0.305256301275029,-9.88261358738074e-37,8.00986136215867e-73
21.65,0.05876162,0.2266269,5.67562496779586e-34,-1.15929073435877e-74,0.208926950176858,0.0324386956490844,-0.00959403075357583,-0.00474813073815501,2.16448078688594,0.299774781356735,-6.84711030908399e-34,3.94678441964961e-74
21.66,0.06300935,0.2256499,2.0046343489411e-31,-1.00105781039897e-77,0.235095248130411,0.0281459994785783,-0.00724307827227172,-0.00446667074336923,2.17084061012664,0.28517160906728,-2.42888442367325e-31,3.57930444531256e-77
21.67,0.06754497,0.2239792,3.09038411906202e-29,-2.88602513837573e-86,0.260131053307197,0.0188004172219406,-0.00464176773919975,-0.00427866657114982,2.17948976746028,0.249932532747866,-3.76686311208532e-29,1.17370235887261e-85
21.68,0.07364705,0.2231313,1.29311581531733e-26,-2.45897202303948e-89,0.293579107450168,0.0162380943464617,-0.00170597666469807,-0.0041162856276852,2.18582653061582,0.240688227288058,-1.58320540279256e-26,1.03719428095236e-88
21.69,0.08035495,0.2216081,2.99384251367054e-24,-1.65433618828249e-101,0.327393738675358,0.00869984975545446,0.00156796072205551,-0.00402928713013066,2.19406609899141,0.210988831661442,-3.68706551080953e-24,7.91523525330478e-101
21.7,0.08813618,0.2198534,6.73569401032234e-22,-2.11331603233604e-120,0.364861220017389,-5.78052874783408e-05,0.0052165729222294,-0.00402986518300544,2.20257793362394,0.17545317517393,-8.34675851822008e-22,1.20135944485276e-119
21.71,0.09732321,0.2181261,1.79885496776588e-19,-3.60184127777273e-103,0.407984358687888,-0.00794703042746392,0.00929641650910828,-0.00410933548728008,2.21066041091511,0.142796234502792,-2.24246064258938e-19,2.48801078683986e-102
21.72,0.1083511,0.2166191,6.79455824554377e-17,-3.09711711026072e-93,0.459352756824748,-0.0135378233691422,0.0138899440773558,-0.0042447137209715,2.21760230769407,0.119321000107919,-8.51436988968512e-17,2.56142809930695e-92
21.73,0.1207597,0.214949,1.99641599334889e-14,-1.56501584725819e-85,0.514591037564667,-0.0198514732751469,0.0190358544530024,-0.00444322845372297,2.22554463082946,0.0927318727512444,-2.51693246419973e-14,1.71114206563029e-84
21.74,0.134827,0.2133005,5.24297369244327e-12,-1.70426992702478e-80,0.575173928563573,-0.0254078953928691,0.0247875937386382,-0.00469730740765166,2.23392259716244,0.0692961621897383,-6.65302410773646e-12,2.66834435801072e-79
21.75,0.1505911,0.2117735,1.15483855389993e-09,-1.74959086084398e-77,0.640632305964373,-0.0294815639015314,0.0311939167982819,-0.00499212304666698,2.24297727957847,0.0521082702308594,-1.47593392483779e-09,3.95703827057702e-76
21.76,0.1677431,0.2102361,1.70966010928493e-07,-3.65563232841194e-75,0.707900167336335,-0.0331514188338382,0.0382729184716452,-0.00532363723500536,2.253692993216,0.0367377300574181,-2.20396462813546e-07,1.30153721446626e-73
21.77,0.1860333,0.2085743,1.54672331070201e-05,-5.57289054599475e-73,0.774573555495391,-0.0372819216437734,0.0460186540265991,-0.00569645645144309,2.26651065882397,0.0196876966748508,-2.01512256780928e-05,4.34901114103965e-71
21.78,0.2055719,0.2071529,0.000957870309684514,-3.40487061757267e-72,0.841134489254697,-0.0390729491086116,0.0544299989191461,-0.00608718594252921,2.28082686037243,0.0123154729077229,-0.00126319478008671,4.64612364968779e-70
21.79,0.2256331,0.2054989,0.0310044395847631,4.8420101146921e-72,0.901752202457505,-0.0422438004018196,0.0634475209437212,-0.00650962394654741,2.29797298024674,-0.000436332209204607,-0.0415058525800555,2.26916051981589e-68
21.8,0.2459025,0.2036249,0.475262108117769,1.78456218886264e-68,0.954150057464789,-0.0465769363497383,0.072989021518369,-0.00697539331004479,2.31792389197503,-0.0175294016443951,-0.647882010760649,2.89921495153205e-66
21.81,0.2662445,0.2016391,2.395763314101,2.48758654438254e-66,0.997612291993697,-0.0511457622308196,0.082965144438306,-0.00748685093235298,2.34022854942729,-0.0351589325767754,-3.33575043806733,3.04501013688184e-64
21.82,0.2863315,0.1995152,3.84321654161093,2.17191701451766e-64,1.03008045560042,-0.0561033237304462,0.0932659489943103,-0.00804788416965745,2.36490952786662,-0.0538284090895273,-5.48399723002964,3.04431393797765e-62
21.83,0.3059284,0.1972867,4.15052749231053,9.61621233135049e-63,1.05040732976494,-0.0611386958084204,0.10377002229196,-0.00865927112774165,2.39177837231251,-0.0722460996743789,-6.09132708049822,2.20985878043399e-60
21.84,0.3247446,0.1947731,4.0990607067681,1.93124742932919e-61,1.05718346532033,-0.0675724884884068,0.114341856945163,-0.00933499601262572,2.42079999879979,-0.0952436527735531,-6.21196887441106,3.21120103395258e-58
21.85,0.3427219,0.1921916,3.90773434125637,-2.57231253206485e-59,1.05092815988592,-0.0736295735891763,0.124851138544022,-0.0100712917485175,2.45149176914671,-0.116000064995774,-6.13917785840964,2.32695606321936e-56
21.86,0.3597221,0.189483,3.49270342502311,-1.22709922309296e-57,1.03159606499065,-0.0797469330279463,0.135167099193929,-0.0108687610787969,2.48364130328627,-0.136105722956845,-5.71206428513721,1.25441040696358e-54
21.87,0.3756632,0.1866904,2.36981505728505,7.99305308251016e-57,0.999645665935558,-0.0855605639172816,0.145163555853284,-0.0117243667179698,2.51698185667693,-0.154244565723499,-4.05206770157709,4.25183114091704e-53
21.88,0.3905548,0.1838637,0.613170073432909,1.2693051087992e-54,0.956263044360643,-0.0906834482063652,0.154726186296891,-0.0126312012000334,2.55112628189577,-0.169165102591334,-1.1009691672402,7.90579175005361e-52
21.89,0.4044014,0.181041,0.0452416348157654,2.13515719764691e-53,0.902575046617727,-0.0948517798104647,0.163751936763068,-0.0135797189981381,2.58577736908205,-0.180172412764871,-0.085692025125949,7.68211911523871e-51
21.9,0.4172632,0.1782255,0.00149040634470206,1.52797616820349e-52,0.840102100775283,-0.0980862766167772,0.172152957770821,-0.0145605817643058,2.62058391092076,-0.187584151836219,-0.00299174678843518,4.2656484212121e-50
21.91,0.4291666,0.1755612,2.42983875145671e-05,3.164088287326e-52,0.77005035461929,-0.0993584848051321,0.179853461317014,-0.0155541666123572,2.65532931454954,-0.188368167853694,-5.1945925582888e-05,8.63039503462412e-50
21.92,0.4402604,0.1730845,1.97428711684607e-07,1.88639135500507e-52,0.694497811387112,-0.0985325572446392,0.186798439430885,-0.0165394921848035,2.68957903887191,-0.182519290930019,-4.51662750457967e-07,6.21715066648339e-50
21.93,0.4505227,0.1706382,7.18330122854635e-10,6.69366967677801e-53,0.61411794973365,-0.0969495961211093,0.192939618928221,-0.0175089881460146,2.72332937280155,-0.174547655283371,-1.76819706224762e-09,3.08094776712038e-50
21.94,0.4600823,0.168527,1.11676412369864e-12,1.63144073339787e-54,0.530691727922211,-0.092389212293301,0.198246536207443,-0.0184328802689476,2.75626316701761,-0.157770806657922,-2.97408870819762e-12,3.29442852116659e-51
21.95,0.4690391,0.1668249,6.96888805837737e-16,-5.90582888971319e-56,0.44566944913656,-0.0845441799433464,0.202703230698809,-0.0192783220683811,2.7881676431258,-0.131562383860899,-2.01864851128409e-15,5.21738302480389e-53
21.96,0.4773172,0.1651924,1.47300039915549e-19,-1.98417637371821e-58,0.359081027108385,-0.0762518933930467,0.206294040969893,-0.0200408410023116,2.81925363441639,-0.104705603229641,-4.66970587522671e-19,4.47368102753207e-55
21.97,0.4849994,0.1636711,1.10803032958394e-23,5.61512741697643e-60,0.272154993249909,-0.0672795083879536,0.209015590902392,-0.0207136360861911,2.84936489268793,-0.0764382823721553,-3.86790989608009e-23,1.54985444461298e-57
21.98,0.4921237,0.1624688,4.5619485439554e-28,4.48325319172603e-63,0.185694519254078,-0.0561716275590483,0.210872536094933,-0.0212753523617816,2.8784674285959,-0.0423344992217758,-1.76470794174507e-27,5.5494847271658e-61
21.99,0.4986901,0.1615597,4.69087606993288e-32,2.05662482238535e-68,0.100153368497647,-0.0433441762524378,0.211874069779909,-0.021708794124306,2.9066251285504,-0.00362501747139433,-2.02505703874485e-31,1.22902507206512e-65
22,0.5047051,0.1605595,3.22503799071344e-34,-3.7350816906502e-72,0.0159967908918475,-0.0318799309606672,0.212034037688828,-0.0220275934339126,2.93388756212512,0.0305564994596085,-1.5660872698302e-33,1.68411298558749e-70
22.01,0.5101578,0.1598268,2.22686143467112e-33,-8.55036351299792e-78,-0.066483434523672,-0.0190531883980167,0.211369203343591,-0.0222181253178928,2.96034847207474,0.0684799274685089,-1.22824335615841e-32,1.3590663767369e-76
22.02,0.515083,0.1590509,-3.15136373627102e-31,-2.28434133012241e-82,-0.146684883648348,-0.00736824950178061,0.209902354507107,-0.0222918078129106,-2.31595095588905,0.102822657802121,-1.70390715958106e-29,2.21796518553089e-81
22.03,0.5195062,0.1581772,-2.39835612665025e-27,-3.09450851969949e-83,-0.224129584578492,0.0027842848062174,0.207661058661322,-0.0222639649648484,-2.17290333352035,0.132597009787648,-1.16575468076568e-25,2.29894302404083e-82
22.04,0.5235007,0.157482,-1.15313638891566e-23,-5.3644076551477e-80,-0.298035521596912,0.0135348879518444,0.204680703445353,-0.02212861608533,-2.06915120118038,0.164174002534621,-5.2651577340942e-22,3.24469446657144e-79
22.05,0.5270903,0.1566249,-1.99716769789831e-20,-6.34407771375434e-76,-0.36806782798137,0.0222250187992783,0.20100002516554,-0.0219063658973372,-1.99097336365003,0.189902836501459,-8.77025404591892e-19,3.35048156481485e-75
22.06,0.5303143,0.1556906,-1.19201977083315e-17,-2.1679046197208e-72,-0.433823950986348,0.0295951136060735,0.196661785655676,-0.0216104147612765,-1.92990222005022,0.21203277563613,-5.10240103792423e-16,1.0324042197615e-71
22.07,0.5332748,0.1547465,-2.61264067033321e-15,-2.11797194932764e-69,-0.494483713965707,0.0362074633180418,0.191716948516019,-0.0212483401280961,-1.88086054289455,0.232246479181146,-1.09895677379632e-13,9.24636891899861e-69
22.08,0.5360555,0.1537992,-2.35292792210115e-13,-6.44584929875054e-67,-0.549455542905608,0.0421318472507264,0.186222393086963,-0.0208270216555888,-1.84042170067006,0.250783517861478,-9.77522133677484e-12,2.61279456489464e-66
22.09,0.5386406,0.1526793,-1.02259081285449e-11,-2.25872057962427e-65,-0.598970403872453,0.0461158509453026,0.180232689048238,-0.0203658631461358,-1.80602165213714,0.264042762573459,-4.20973300289158e-10,8.70783653391566e-65
22.1,0.5411425,0.151538,-2.26933489907296e-10,-3.68235907973709e-64,-0.642311754902202,0.0494166779389564,0.173809571499216,-0.0198716963667462,-1.77625905752754,0.275604717309698,-9.27833381089903e-09,1.3613972115065e-63
22.11,0.5435846,0.1503299,-2.82207622228387e-09,-2.3266088062761e-63,-0.679519462574785,0.0517259223111324,0.167014376873469,-0.0193544371436349,-1.74992989912172,0.284546291505438,-1.14774844809521e-07,8.33676717022675e-63
22.12,0.5459741,0.1490324,-2.13018492666177e-08,-5.60052859584139e-63,-0.710785394922315,0.0529367807073435,0.159906522924245,-0.0188250693365615,-1.72615408665116,0.290488708939569,-8.62778365052919e-07,1.96651795711106e-62
22.13,0.5483083,0.1476186,-1.04382480124125e-07,-4.77516956023558e-63,-0.736397075871636,0.0529229485566114,0.152542552165529,-0.0182958398509953,-1.70428027840651,0.292959408991337,-4.21391729879888e-06,1.66282857211365e-62
22.14,0.5505414,0.1460227,-3.57383404255713e-07,-9.98949807367647e-64,-0.756973776123722,0.051284098460584,0.144972814404292,-0.0177829988663895,-1.6837767190523,0.290623621132446,-1.43898519687077e-05,3.50602223801624e-63
22.15,0.552771,0.1443719,-8.48723163067545e-07,-1.22087233155042e-64,-0.772041771859776,0.0491039492317626,0.137252396685694,-0.0172919593740719,-1.66439333904101,0.286530010945334,-3.41027088994029e-05,4.34495913311694e-64
22.16,0.5549613,0.142656,-1.47449597460172e-06,-8.01548676401143e-66,-0.782195664002931,0.0463606556369576,0.129430440045665,-0.0168283528177023,-1.64579027401342,0.280532349655115,-5.91511267232281e-05,2.91240496577823e-65
22.17,0.5570248,0.1407353,-2.00653057475013e-06,-9.31819082989385e-68,-0.788398258226149,0.0420652198955724,0.121546457463403,-0.0164077006187466,-1.62767469341432,0.269488882543891,-8.03951669561322e-05,3.52145175176343e-67
22.18,0.5589507,0.1385693,-2.19202616694914e-06,-1.04574028484843e-70,-0.790989387432937,0.0360563899076169,0.113636563589074,-0.0160471367196704,-1.60987434985658,0.252645244907965,-8.77500665376143e-05,4.20852138145089e-70
22.19,0.5607876,0.1362889,-1.90999199645178e-06,-2.38318922441111e-74,-0.789857360218587,0.0294781389460061,0.105737989986888,-0.0157523553302103,-1.59226761934909,0.233372573097815,-7.64178271265045e-05,1.0355930587738e-73
22.2,0.5625261,0.1338211,-1.35362778306805e-06,-3.58232539277768e-79,-0.785354485577567,0.0218633350808428,0.0978844451311124,-0.0155337219794019,-1.57471837124025,0.210123643976831,-5.41455403689211e-05,1.72065633568976e-78
22.21,0.5642148,0.1312973,-7.72200734823823e-07,-1.64183252730294e-84,-0.77739232520576,0.0143182288446027,0.0901105218790548,-0.0153905396909559,-1.55711307161805,0.186428180906402,-3.08910087397979e-05,8.82127890761911e-84
22.22,0.5657868,0.1283408,-3.70452608858944e-07,-1.10503645001933e-90,-0.766771781441173,0.00406243485141067,0.0824428040646431,-0.0153499153424418,-1.53934018852394,0.153255035353148,-1.48256605966703e-05,7.13242115100759e-90
22.23,0.5674412,0.1254332,-1.36703702185027e-07,-2.45778827738267e-90,-0.752257055996803,-0.00503834025929839,0.074920233504675,-0.0154002987450348,-1.52125759080644,0.123293965732183,-5.47506810136983e-06,1.96508977228103e-89
22.24,0.56914,0.122354,-3.99065372808654e-08,-1.8217208285235e-84,-0.734504251761925,-0.0146680380197288,0.0675751909870558,-0.0155469791252321,-1.50273866249005,0.0912550143757428,-1.60007779321224e-06,2.02996873170595e-83
22.25,0.5709618,0.1191528,-8.89841027008023e-09,-4.67903358650809e-78,-0.713262633171005,-0.0243603789437328,0.0604425646553457,-0.0157905829146694,-1.48360568928331,0.0588882335963134,-3.5733487793454e-07,9.0291611760049e-77
22.26,0.5729737,0.1158615,-1.46587904246385e-09,-6.03112539269694e-73,-0.688408076509435,-0.0338153324454862,0.0535584838902514,-0.0161287362391242,-1.46364537975469,0.0274196115659801,-5.89836712438415e-08,3.11958393494575e-71
22.27,0.5752214,0.1124888,-1.73546956227561e-10,1.11354294067624e-69,-0.660007012319322,-0.0429321860433445,0.0469584137670582,-0.0165580580995577,-1.44261567003902,-0.00261023514588663,-7.00104923997338e-09,9.07168754202232e-67
22.28,0.5777635,0.1091215,-1.41479763034379e-11,1.78575140912291e-65,-0.628043376905648,-0.0510334924446305,0.0406779799980017,-0.017068393024004,-1.42020380597835,-0.0288438019613946,-5.72594946664252e-10,2.274731814696e-63
22.29,0.580575,0.1055912,-7.93162231946786e-13,1.8479903066408e-62,-0.593148550125306,-0.059407916315251,0.0347464944967486,-0.0176624721871565,-1.39614873012579,-0.0553637292877808,-3.2231552062408e-11,2.65928993492125e-60
22.3,0.5836626,0.102009,-2.97278990127389e-14,2.78817263433323e-60,-0.555685824556457,-0.0671558618740238,0.0291896362511841,-0.0183340308058967,-1.37009871323641,-0.0791807182068636,-1.21421813112017e-12,8.86344829187194e-58
22.31,0.5870566,0.09835874,-7.04480844364362e-16,-6.69093519407873e-60,-0.515830119508609,-0.0743999237871729,0.024031335056098,-0.0190780300437685,-1.34156918612325,-0.100677424606569,-2.89592719552203e-14,1.21049225742169e-55
22.32,0.590658,0.09468034,-1.08504594140375e-17,-8.03036445048371e-57,-0.474723610241717,-0.0808376154261103,0.0192840989536808,-0.0198864061980296,-1.3103246468555,-0.118960666783196,-4.49630943826634e-16,6.78485657070761e-54
22.33,0.5944652,0.09092181,-1.03148344919626e-19,-2.31725913857444e-55,-0.432700708345527,-0.0868803836006142,0.0149570918702255,-0.0207552100340357,-1.27584887617773,-0.135361249041485,-4.31776508283237e-18,2.29930981890686e-52
22.34,0.5983934,0.0871003,-6.11504440377607e-22,-8.87311796507554e-55,-0.390698641879402,-0.0923944679475714,0.0110501054514315,-0.0216791547135114,-1.23788916299439,-0.149542274194607,-2.59232849496634e-20,4.75427243445644e-51
22.35,0.6023673,0.08322239,-2.27500124847878e-24,5.28844507339278e-53,-0.349512215494391,-0.0973378747834559,0.00755498329648761,-0.022652533461346,-1.19626847764222,-0.16147618921517,-9.79722635182926e-23,6.30461183613779e-50
22.36,0.6062795,0.07926127,-5.60684380503775e-27,1.18357733840243e-51,-0.310113703990686,-0.101924235515313,0.00445384625658074,-0.0236717758164991,-1.15120617564318,-0.171868815418246,-2.46150400221931e-25,6.26871203260915e-49
22.37,0.6100492,0.07526284,-9.64002444013819e-30,1.13592382398604e-50,-0.273190125750491,-0.105810658103244,0.00172194499907583,-0.0247298823975316,-1.10314010155856,-0.17985424008751,-4.331064022427e-28,4.13835445652391e-48
22.38,0.6135744,0.07122882,-1.30708339856155e-32,6.4141138046525e-50,-0.239524319655407,-0.109013469610337,-0.000673298197478246,-0.0258200170936349,-1.05316244550192,-0.185615646042565,-6.03225803348554e-31,1.9034175902855e-47
22.39,0.6167691,0.06719948,-1.64992331364174e-35,2.06913161913068e-49,-0.209699070102518,-0.111264201038907,-0.00277028889850342,-0.026932659104024,-1.002847987602,-0.188578077257125,-7.84572896271074e-34,5.60936907519146e-47
22.4,0.6195349,0.06309154,-2.5597842258165e-38,5.65745323639915e-49,-0.184325724160537,-0.113240869140048,-0.00461354614010879,-0.0280650677954245,-0.954518887394783,-0.190667976906164,-1.25606015761625e-36,1.446364839586e-46
22.41,0.6218379,0.05931821,-6.24103832724226e-41,2.94887883626321e-49,-0.163461527780327,-0.111871406494707,-0.00624816141791206,-0.0291837818603716,-0.910144417713848,-0.184103512271952,-3.15895119289739e-39,9.19781482990629e-47
22.42,0.6235304,0.05550905,-4.33450104258054e-43,1.23972605907976e-49,-0.147983425139922,-0.110174006181342,-0.00772799566931128,-0.030285521922185,-0.873361443487732,-0.176941451154539,-2.25494713072166e-41,5.10236401881811e-47
22.43,0.6248454,0.05210624,-6.08580813941735e-45,4.78762281788038e-51,-0.135831183197257,-0.104886602680677,-0.00908630750128384,-0.0313343879489917,-0.841909776496386,-0.161066531138526,-3.24611529158261e-43,5.98537772474615e-48
22.44,0.6255698,0.04895139,-3.78347021078898e-46,-1.90788228224259e-52,-0.128407380035057,-0.0974870796932299,-0.0103703813016344,-0.032309258745924,-0.819833731632756,-0.140439339419759,-2.05588608498301e-44,2.46475699814456e-49
22.45,0.6258361,0.04623217,-8.09881161784639e-47,-1.55325633201889e-54,-0.124405610285385,-0.0867765171271722,-0.0116144374044883,-0.0331770239171958,-0.805148244775177,-0.112181081904131,-4.45794006978362e-45,1.63790556533358e-51
22.46,0.6257185,0.04398784,-4.86544705643191e-47,4.01355376640161e-57,-0.123030650247641,-0.0727701614145819,-0.0128447439069647,-0.0339047255313416,-0.796380661854851,-0.0763937989411091,-2.6995018887595e-45,1.10543078767834e-54
22.47,0.6253289,0.04229579,-5.59017365782575e-47,2.4816223193387e-61,-0.123253751414112,-0.0552168370258905,-0.0140772814211058,-0.0344568939016005,-0.79126209515286,-0.0324308516577664,-3.11628330439611e-45,3.07089418828358e-59
22.48,0.6247922,0.04120982,-8.00346746385621e-47,-2.01903053631941e-67,-0.124015327395492,-0.0340802002683738,-0.0153174346950607,-0.0347976959042842,-0.787382847045007,0.0198785648930925,-4.47778688292087e-45,1.55716713555427e-65
22.49,0.6242659,0.04076261,-8.73493972161087e-47,-4.09407009173255e-73,-0.124089285646688,-0.00950404135062488,-0.0165583275515276,-0.0348927363177905,-0.782013240652331,0.0802703003015104,-4.91192664366089e-45,5.32959848813299e-72
22.5,0.6240211,0.040994,-3.28810912188247e-47,-5.06048790501717e-71,-0.121500285589596,0.0184124394336678,-0.0177733304074236,-0.0347086119234538,-0.770800814756595,0.148533670699984,-1.8692118720032e-45,3.3653157830155e-70
22.51,0.6239307,0.04175309,-6.53534796695457e-48,-5.2383905272922e-62,-0.117404618432267,0.0481392529773235,-0.0189473765917462,-0.0342272193936806,-0.756287229279076,0.22089512492658,-3.76994335968572e-46,2.39936312098711e-61
22.52,0.6241166,0.0429795,-4.5943829316663e-49,-8.46476422835463e-54,-0.111023848970555,0.078924027316956,-0.0200576150814518,-0.033437979120511,-0.736540515902217,0.295485363417525,-2.70664847607284e-47,2.9228930375247e-53
22.53,0.6247375,0.04458993,-6.0962352296076e-51,-2.09484905025597e-47,-0.101377509986381,0.109894329272972,-0.0210713901813156,-0.0323390358277813,-0.708840180304628,0.370221281520435,-3.70854788056904e-49,5.79951228283935e-47
22.54,0.6257103,0.04647825,-1.6139090411665e-53,-1.90549016539613e-42,-0.0893791388394756,0.140071983449473,-0.0219651815697103,-0.0309383159932865,-0.67468526305393,0.442966055451163,-1.02661625398056e-51,4.44267111847309e-42
22.55,0.6269258,0.04853125,-9.45496038534441e-57,-1.43293137608655e-38,-0.0760816619886078,0.168503686124956,-0.0227259981895964,-0.029253279132037,-0.636101057409364,0.51191660253118,-6.38045566464927e-55,2.92267449221056e-38
22.56,0.6282353,0.05072293,-1.75745082106122e-60,-1.81414971752003e-35,-0.0627612491841734,0.194965357340054,-0.0233536106814381,-0.0273036255586364,-0.596173193632255,0.577023513905928,-1.27478956406514e-58,3.32400115701624e-35
22.57,0.6294746,0.0529782,-2.22114679348679e-64,-5.51471202234973e-33,-0.0507125454004722,0.218895721526009,-0.0238607361354429,-0.0251146683433764,-0.558704708835305,0.637649553651946,-1.73758885525498e-62,9.26335511652444e-33
22.58,0.6303933,0.05532745,-1.24772496944408e-67,-5.99623051302585e-31,-0.0417689697012502,0.240573307613528,-0.0242784258324554,-0.0227089352672411,-0.529770206877156,0.694811051041239,-1.03716458969552e-65,9.36700206461966e-31
22.59,0.6304644,0.05771922,-2.28603676174569e-68,-2.69671014431588e-29,-0.039667324440817,0.259660315352769,-0.0246750990768635,-0.0201123321137134,-0.521783908170514,0.748330115820294,-1.93223064479017e-66,3.96402410297142e-29
22.6,0.6301827,0.06069637,-4.71482700177169e-68,-1.23396550413085e-27,-0.0402187606375954,0.280273613821571,-0.0250772866832395,-0.0173095959754977,-0.522070484880032,0.805404675772834,-3.98274516865082e-66,1.71142536010278e-27
22.61,0.6286201,0.06407665,-2.67690337111796e-64,-4.30562137868709e-26,-0.0501250814946625,0.300827386947602,-0.0255785374981861,-0.0143013221060216,-0.550574204610908,0.863198207089717,-2.12999764273995e-62,5.66620645579166e-26
22.62,0.625819,0.06826619,-1.50231687011123e-58,-1.86368846923306e-24,-0.0683090198716982,0.324224077679836,-0.0262616276969031,-0.0110590813292233,-0.600736245561965,0.925709577584012,-1.08022088949583e-56,2.33239006087522e-24
22.63,0.6217052,0.0735888,-4.58061965051211e-52,-1.26094983295608e-22,-0.0945949975379663,0.352521863438377,-0.0272075776722828,-0.00753386269483951,-0.666879944618803,0.994546503022092,-2.94637938744894e-50,1.50374434668189e-22
22.64,0.6161994,0.08035012,-1.15311386030986e-45,-1.47357769096305e-20,-0.128811423751293,0.387462018933382,-0.0284956919097957,-0.0036592425055057,-0.74222875288382,1.06964966163297,-6.75121381673572e-44,1.68011323969966e-20
22.65,0.6093805,0.08879855,-7.66858006509201e-40,-2.85974218631613e-18,-0.169580746914756,0.430193321584587,-0.0301914993789433,0.00064269071034017,-0.8179178318915,1.1491303647883,-4.17391201843996e-38,3.13415730628385e-18
22.66,0.6013072,0.09917811,-1.09512309065517e-34,-8.46370274519542e-16,-0.215739094922877,0.48170198539541,-0.032348890328172,0.00545971056429427,-0.888207247348148,1.23027416964084,-5.63329018673254e-33,8.97903916896375e-16
22.67,0.5921097,0.1116492,-3.33324249225989e-30,-3.24720467577257e-13,-0.265648325456946,0.542229907206383,-0.0350053735827415,0.0108820096363581,-0.949413527300821,1.30985492455718,-1.64126601424373e-28,3.36092505815439e-13
22.68,0.5819424,0.126288,-2.42284455235444e-26,-1.34105276640867e-10,-0.317592201087554,0.611326635919275,-0.038181295593617,0.0169952759955508,-1.00023276748435,1.38517363292126,-1.15399623046385e-24,1.36448085122514e-10
22.69,0.5709888,0.1430537,-4.7841714355714e-23,-4.91581513980447e-08,-0.369755996731916,0.687655462636017,-0.0418788555609362,0.023871830621911,-1.04077094297774,1.45455616646416,-2.22365396986289e-21,4.94919705768306e-08
22.7,0.5592079,0.16163,-3.58374409864484e-20,-1.24682980775884e-05,-0.422124650605745,0.767898880613352,-0.0461001020669936,0.0315508194280445,-1.07325366112681,1.51733720640893,-1.63559602317497e-18,1.2486126827408e-05
22.71,0.5470779,0.1820531,-8.46842991813957e-18,-0.00222795717684334,-0.47082823653558,0.851574663494502,-0.0508083844323494,0.0400665660629896,-1.09673592633311,1.57425109523419,-3.81718907514418e-16,0.00222797046607394
22.72,0.5345939,0.2039696,-8.27352947180892e-16,-0.236926454690866,-0.515893549407343,0.935330124505785,-0.0559673199264229,0.0494198673080474,-1.11346097427222,1.62607384561606,-3.69789988885033e-14,0.237288711483153
22.73,0.5219653,0.2270569,-3.48389720159998e-14,-4.58806265854504,-0.555773945915864,1.01628644559777,-0.0615250593855815,0.0595827317640251,-1.12407553721307,1.67388600289178,-1.54906310627537e-12,4.61253856649447
22.74,0.5086052,0.2504447,-1.0728999121816e-12,-6.34340817447837,-0.59498214858306,1.08772989895004,-0.0674748808714121,0.0704600307535255,-1.13226777819616,1.7191061204815,-4.75178615118654e-11,6.4137820168574
22.75,0.4953421,0.2743889,-1.53495602662975e-11,-6.37632377577145,-0.627184976076977,1.15185322277189,-0.0737467306321819,0.0819785629812444,-1.13525180555656,1.76240090844139,-6.78860458618517e-10,6.49512613632362
22.76,0.4813524,0.2978843,-1.84712084463072e-10,-6.32156141852836,-0.658829788975573,1.2013666217264,-0.0803350285219376,0.0939922291985084,-1.13702486811258,1.80533713497875,-8.16239669075801e-09,6.49942078519684
22.77,0.4672605,0.3211589,-1.35032961996323e-09,-6.25158683015901,-0.685132965244515,1.23875147424813,-0.0871863581743828,0.10637974394099,-1.13551985140944,1.84815459343935,-5.97130856750918e-08,6.49987868371468
22.78,0.4528147,0.3437415,-7.33104077097095e-09,-6.16798178098007,-0.70820321391521,1.26118146420548,-0.0942683903135349,0.118991558583045,-1.13211348730782,1.89185024963775,-3.2470960436058e-07,6.49995237785611
22.79,0.4379708,0.3654198,-3.126629636882e-08,-6.06898938621851,-0.728468321616194,1.26804427408107,-0.101553073529697,0.131672001323855,-1.1271984304208,1.93707617692633,-1.38811641029834e-06,6.49996534645245
22.8,0.4227667,0.3860546,-1.05410645905225e-07,-5.95214768573524,-0.74573072793152,1.25940085609278,-0.109010380809012,0.144266009884783,-1.1208217237214,1.98437894647642,-4.69434722546546e-06,6.49995395659809
22.81,0.4070595,0.4054474,-3.08010598174351e-07,-5.81386208398901,-0.761165544215828,1.23495311550912,-0.11662203625117,0.156615541039874,-1.11360957803789,2.03446456638855,-1.37656890189939e-05,6.49988593512663
22.82,0.3909283,0.4235671,-7.59904805968052e-07,-5.65041734974613,-0.774222174983334,1.19575711090818,-0.124364258001004,0.168573112148956,-1.10537223500293,2.08775310202906,-3.41023303930342e-05,6.49947872813151
22.83,0.3743611,0.4403403,-1.61523891887978e-06,-5.45465293958897,-0.785081331872927,1.14255918150197,-0.132215071319733,0.179998703963976,-1.09624038577142,2.14480844286785,-7.28263612220837e-05,6.4955073725087
22.84,0.3573792,0.4557426,-2.96527387725634e-06,-5.17185436225021,-0.793673532125274,1.07649626568151,-0.140151806640986,0.190763666620791,-1.08621698107924,2.20612247165041,-0.000134397015172488,6.42559859070313
22.85,0.3399964,0.4697468,-4.72921979065507e-06,-3.55418323330059,-0.800004911125958,0.99867126877054,-0.148151855752245,0.200750379308496,-1.07532771474221,2.27223656677361,-0.000215595972088915,4.65285987146195
22.86,0.3222516,0.4823492,-6.5126076723023e-06,-0.149990525313957,-0.803904260682049,0.910350197534775,-0.156190898359066,0.209853881283844,-1.06350715599685,2.34363862198303,-0.00029882406927942,0.209533935059541
22.87,0.3043458,0.4937683,-7.1660905868751e-06,-0.000843809980881415,-0.804026278249935,0.814411301130193,-0.164231161141565,0.217997994295146,-1.05013697171382,2.41989715507817,-0.000331287317426937,0.00127744971622334
22.88,0.2861134,0.5037377,-6.90634572776858e-06,-1.55055307754077e-06,-0.801865053350653,0.709969361471273,-0.172249811675072,0.225097687909859,-1.03589731386359,2.50245718098958,-0.000321915998013539,2.59935575502676e-06
22.89,0.267817,0.5125415,-5.23898333237758e-06,-8.96247158100968e-10,-0.795639668195466,0.600335505298137,-0.180206208357026,0.23110104296284,-1.01990653278516,2.59023640491786,-0.000246531146148854,1.70981324335067e-09
22.9,0.2494395,0.5201018,-3.20548796391586e-06,-1.21861652068237e-13,-0.785798993453152,0.485921665289936,-0.188064198291558,0.235960259615739,-1.0023132323739,2.68359780111748,-0.000152478446223396,2.75383536527119e-13
22.91,0.2313499,0.5268517,-1.35598317730263e-06,-4.10574282162091e-18,-0.769915023371642,0.370927155558324,-0.195763348525274,0.239669531171323,-0.981774833223164,2.77979371260452,-6.53481492623541e-05,1.16241704249155e-17
22.92,0.2138168,0.5330099,-3.5578905389665e-07,-4.53767306933231e-23,-0.74651916358361,0.257654238532108,-0.20322854016111,0.242246073556644,-0.957256562709254,2.87677784433749,-1.74259963140232e-05,1.74439056021884e-22
22.93,0.1962935,0.5380323,-7.60271604901632e-08,-3.70211208040379e-28,-0.720335624763763,0.142566137796141,-0.210431896408748,0.243671734934605,-0.931012268244419,2.97717997178251,-3.79144199505599e-06,2.23619708877815e-27
22.94,0.179813,0.5428902,-7.99362666165591e-09,-1.5177689156363e-31,-0.684045535165197,0.0336416108622615,-0.2172723517604,0.244008151043228,-0.89843729082043,3.07374191379167,-4.08075960001016e-07,2.44103413649518e-30
22.95,0.1637872,0.5470283,-5.52338737096358e-10,8.83717793930199e-32,-0.642943354705857,-0.0730913688252812,-0.223701785307458,0.243277237354975,-0.861977375819737,-3.11373834955329,-2.89901829843365e-08,1.13843772731167e-29
22.96,0.1484486,0.5506887,-2.18532900462593e-11,6.90423274360971e-28,-0.5958779237945,-0.175406508704757,-0.229660564545403,0.241523172267927,-0.820224300891611,-2.2819595658645,-1.18707803963474e-09,3.63047897540653e-26
22.97,0.1339442,0.553989,-4.4193582017379e-13,1.18744440371376e-23,-0.542448720437303,-0.272189513666156,-0.235085051749776,0.238801277131266,-0.771957300497725,-2.14714243563402,-2.50944302453855e-11,5.67639012533136e-22
22.98,0.1202031,0.5569462,-4.55669154313196e-15,9.2452190335726e-20,-0.483937109586311,-0.36318583900287,-0.23992442284564,0.235169418741237,-0.717043870910124,-2.05018549527063,-2.74482394830838e-13,4.17886918025792e-18
22.99,0.1073165,0.5595971,-2.15199936395232e-17,1.95950663511125e-16,-0.420354563928104,-0.44804474603108,-0.244127968484921,0.230688971280926,-0.654330872081919,-1.9773705810655,-1.41039937667687e-15,8.55283847700388e-15
23,0.095241,0.5619846,-4.62781656856115e-20,1.19672775431377e-13,-0.352741718461434,-0.526430135762674,-0.247655385669535,0.2254246699233,-0.583537863693787,-1.92048418193797,-3.44122568533598e-18,5.10431770041162e-12
23.01,0.08376657,0.5640042,-5.70463601118831e-23,2.71411966728906e-11,-0.283317197188449,-0.599158872422624,-0.250488557641419,0.219433081199073,-0.505959095711341,-1.87404205595127,-4.98095709260777e-21,1.13911395674698e-09
23.02,0.07283339,0.5656608,-5.90818361817779e-26,2.69198738517751e-09,-0.213034776104294,-0.666207004558505,-0.252618905402462,0.212771011153488,-0.422258365278807,-1.8349905351701,-5.86802509611546e-24,1.11667718915157e-07
23.03,0.06294753,0.5674419,-7.64983581270182e-29,1.06502508624175e-07,-0.13858966463474,-0.724005733931804,-0.25400480204881,0.20553095381417,-0.328212022029403,-1.80230012852641,-7.66234299989012e-27,4.38043276805472e-06
23.04,0.05325914,0.5687535,-5.14918939186733e-31,2.58578676441933e-06,-0.0669936460513156,-0.777321639265825,-0.254674738509323,0.197757737421512,-0.232887524329903,-1.77308348304193,-6.89705037221472e-29,0.000105650228394288
23.05,0.04363674,0.5695823,1.07467992384436e-32,4.13851791554336e-05,0.000598660830117836,-0.826286391220616,-0.254668751901022,0.189494873509306,-0.139340341786557,-1.74653099608336,-1.29346996441007e-29,0.00168209346230882
23.06,0.03465848,0.570468,-5.23612802528472e-31,0.000368623696234952,0.0683977819567829,-0.86694396845078,-0.253984774081454,0.180825433824798,-0.0430638364258556,-1.72272750430725,-6.5080494389777e-29,0.0149220242010892
23.07,0.02540495,0.5708056,1.04619593270225e-28,0.00249886488658134,0.129203336580012,-0.90416713307479,-0.252692740715654,0.17178376249405,0.0444267168409623,-1.70031470761163,-2.91181802332291e-27,0.10082459017884
23.08,0.01650547,0.5711668,5.40699064090623e-26,0.0103504664009976,0.187862281013917,-0.933761231250056,-0.250814117905515,0.16244615018155,0.129043491086868,-1.67952509181787,-4.12758426681844e-25,0.416552832726446
23.09,0.006872183,0.5707442,7.22230771029126e-24,0.0344307378523546,0.236149886140851,-0.962107647723457,-0.248452619044106,0.152825073704315,0.198511673296925,-1.65934016342414,-3.65966785370662e-23,1.38281045696625
23.1,-0.003012648,0.5701059,4.93055215654659e-22,0.0714453898179225,0.278141962112535,-0.984925699702401,-0.245671199422981,0.142975816707291,0.25868277962612,-1.64002301160779,-1.93921072477815e-21,2.8648852102431
23.11,-0.01338451,0.5690995,1.40122890638737e-20,0.105359826992289,0.31232902311282,-1.00362206715955,-0.242547909191853,0.132939596035696,0.307742624936932,-1.62127170392491,-4.64908712688396e-20,4.21993025908832
23.12,-0.02429659,0.5678052,1.68016822829668e-19,0.126054448985642,0.338707683695471,-1.01780051291952,-0.239160832354898,0.1227615909065,0.346117758341682,-1.60296386415517,-4.96733970109561e-19,5.04486679780781
23.13,-0.0357058,0.5662744,9.50850255461935e-19,0.136218529534087,0.358031343427516,-1.02732844624938,-0.235580518920623,0.112488306444007,0.375182936080656,-1.58496701333343,-2.59856409389368e-18,5.44930486122446
23.14,-0.04739131,0.5647103,3.20887530849149e-18,0.138852682386206,0.372354098761054,-1.03098745507314,-0.231856977933012,0.102178431893275,0.397866306631372,-1.56716991939414,-8.28581732215807e-18,5.55414492134139
23.15,-0.06003352,0.5627006,4.09280757174028e-18,0.139092442128887,0.376928864581302,-1.0322393212126,-0.228087689287199,0.0918560386811492,0.408008653140781,-1.54942022662374,-1.03161133923751e-17,5.5650075396562
23.16,-0.07252648,0.5608603,4.8131024765715e-18,0.132130386612223,0.380648850291326,-1.02669427503893,-0.224281200784286,0.0815890959307599,0.417220087712444,-1.53159138743846,-1.18758359060192e-17,5.28940291134564
23.17,-0.08541609,0.5588479,3.48806400307566e-18,0.118144957142491,0.379515744691769,-1.01740989987547,-0.220486043337368,0.0714149969320052,0.420151717441454,-1.51359687706053,-8.5492875746561e-18,4.73377435447306
23.18,-0.09840161,0.5567985,2.00847378669204e-18,0.0922126469867999,0.37612631338855,-1.00370685786119,-0.216724780203483,0.0613779283533932,0.420084951909048,-1.49530314838336,-4.92353776762212e-18,3.69936138926078
23.19,-0.1110862,0.5548205,1.26123259543405e-18,0.054454603908051,0.373608903925639,-0.985179396013262,-0.212988691164226,0.0515261343932606,0.42116898698649,-1.47655171453709,-3.08419864967525e-18,2.18818846154362
23.2,-0.1234865,0.5529078,8.5063204571525e-19,0.0215061775974961,0.371791695852828,-0.962326932123154,-0.209270774205698,0.0419028650720291,0.423215618423852,-1.45722062287719,-2.07056688047359e-18,0.865995188094413
23.21,-0.1353182,0.5511112,7.67815812477984e-19,0.00562412148895326,0.372740445175502,-0.935212113747166,-0.205543369753943,0.0325507439345574,0.429141725864425,-1.43714718231282,-1.84450762973597e-18,0.227050792687871
23.22,-0.1464462,0.549442,1.0127867072288e-18,0.0010555358447471,0.37724615473477,-0.904212221054044,-0.201770908206595,0.023508621724017,0.440168951300592,-1.41618151981227,-2.37543196892435e-18,0.0427467385296924
23.23,-0.1566714,0.5480002,2.20948569439573e-18,0.000144067886933055,0.386495635820872,-0.869039423936198,-0.197905951848387,0.014818227484655,0.458035856550691,-1.39406254104301,-4.99258928126926e-18,0.00585668781576233
23.24,-0.1658616,0.5468453,8.35270812416123e-18,1.41193813794336e-05,0.401063898602207,-0.829750074983624,-0.193895312862365,0.00652072673481877,0.483521769478139,-1.37051463001098,-1.79498981915017e-17,0.000576647425718925
23.25,-0.1740362,0.5460074,4.99287051991437e-17,9.73144471069629e-07,0.420330035007098,-0.786638971605568,-0.189692012512294,-0.00134566298123691,0.515598299612724,-1.34524579336663,-1.01176327653327e-16,3.99682725022737e-05
23.26,-0.1808618,0.5455607,5.53501362407207e-16,4.46535076500309e-08,0.446305297820128,-0.739671845646712,-0.185228959534092,-0.00874238143770403,0.556562667866323,-1.31782157472939,-1.04713130975167e-15,1.84664861589525e-06
23.27,-0.1864015,0.5455931,9.56255071134299e-15,1.26180487409616e-09,0.477878717109128,-0.688738531281172,-0.180450172363001,-0.0156297667505157,0.604225109442798,-1.28765298737752,-1.68278087817618e-14,5.26286610498432e-08
23.28,-0.1905803,0.5460954,2.39943238852753e-13,2.0984514095888e-11,0.515009818583795,-0.634477519175515,-0.175300074177163,-0.0219745419422709,0.657611058282693,-1.25421464452689,-3.92582247728564e-13,8.84588122884636e-10
23.29,-0.1933405,0.5471318,8.02464103385776e-12,1.83837836999223e-13,0.557504252431652,-0.576955526846295,-0.169725031652847,-0.0277440972107338,0.715364845977612,-1.21663503516486,-1.22367859519186e-11,7.85429960253992e-12
23.3,-0.1947277,0.5485418,3.10488898499744e-10,8.54159674781762e-16,0.60438514523009,-0.517913379639475,-0.163681180200546,-0.0329232310071286,0.775246215150315,-1.1745927777102,-4.4369535494776e-10,3.71155804278205e-14
23.31,-0.1947184,0.5504087,1.28858320963953e-08,1.74648128703901e-18,0.655234972240908,-0.457170127435696,-0.157128830478137,-0.0374949322814856,0.835810158862288,-1.12681640721234,-1.73717623637692e-08,7.75520293987402e-17
23.32,-0.1933659,0.5525227,5.19324640182746e-07,1.57187725656607e-21,0.709076604778986,-0.396733039772891,-0.150038064430347,-0.0414622626792145,0.895344966832183,-1.07318039261136,-6.65457126720508e-07,7.17422446642391e-20
23.33,-0.1907351,0.5545917,1.87996405823738e-05,6.94409832797886e-25,0.764900836108559,-0.339068578575981,-0.142389056069261,-0.0448529484649743,0.952555860498704,-1.0146055378258,-2.3069511560616e-05,3.27821697879808e-23
23.34,-0.1868603,0.5563729,0.000586988691979712,1.75280535333851e-28,0.821991018942906,-0.286078228477596,-0.134169145879832,-0.0477137307497502,1.00677637696847,-0.952775664945978,-0.000694542892533075,8.61099410740786e-27
23.35,-0.1817989,0.557515,0.0152095947270542,4.00468283898031e-32,0.879501767607156,-0.240298616902379,-0.12537412820376,-0.050116716918774,1.0575618723545,-0.891616355185336,-0.0174582401848102,2.05475741013371e-30
23.36,-0.1754782,0.5577125,0.320249386328446,1.66950720194669e-35,0.937610996990628,-0.203698167171877,-0.115998018233854,-0.0521536985904928,1.10524393128199,-0.836282422658649,-0.358376390681694,8.94645689075384e-34
23.37,-0.1679279,0.5565963,3.06642488674064,3.98205539974441e-38,0.995721012428714,-0.178516617589181,-0.106040808109567,-0.0539388647663846,1.14977647877299,-0.793550531790337,-3.35970007227434,2.21512647688593e-36
23.38,-0.1590232,0.5539193,5.70965971326735,1.58837370681946e-39,1.05442163278722,-0.16586381948451,-0.0954965917816949,-0.0555975029612297,1.1916855301226,-0.768579077656651,-6.14586163698608,9.04938836867605e-38
23.39,-0.1486119,0.5494943,6.10593180278842,2.04579118587474e-39,1.11445474076867,-0.166253281184804,-0.0843520443740082,-0.0572600357730778,1.23141106996983,-0.76403004934272,-6.47510555202379,1.1708520028202e-37
23.4,-0.136503,0.5433227,6.20534189485751,6.19353334713171e-38,1.17678664805015,-0.178694786671175,-0.0725841778935067,-0.0590469836397895,1.26932266581354,-0.777936889084764,-6.49827541774692,3.49645994642356e-36
23.41,-0.1224555,0.5353909,6.2729658659772,2.09460629911548e-35,1.24266721265106,-0.202316176432579,-0.060157505766996,-0.0610701454041153,1.30571877464938,-0.806679664266725,-6.49988257819027,1.15138658949577e-33
23.42,-0.1064692,0.5257208,6.32828557517503,3.0812694444339e-32,1.31145426452879,-0.235985603755491,-0.0470429631217082,-0.0634300014416702,1.34037669364733,-0.845341141969318,-6.49999184744089,1.63891899834165e-30
23.43,-0.08814102,0.5147158,6.37420952018987,5.46298273684241e-29,1.38551105346739,-0.275784890599241,-0.0331878525870342,-0.0661878503476626,1.37369386702371,-0.88595588839255,-6.49999946766413,2.81490343015262e-27
23.44,-0.06717554,0.5026434,6.41166243189434,6.42417425869924e-26,1.46620079382379,-0.319054104934666,-0.0185258446487963,-0.0693783913970093,1.40570193725491,-0.924162393192567,-6.49999996826726,3.21920170760468e-24
23.45,-0.0440552,0.4895711,6.44084348816681,4.48751908115855e-23,1.54900386027057,-0.364788436135921,-0.00303580604609057,-0.0730262757583685,1.43574527101285,-0.958715059435537,-6.4999999979571,2.19576307956806e-21
23.46,-0.01893043,0.475619,6.46287867480823,1.71094656791177e-20,1.63217402587331,-0.411654166906226,0.0132859342126425,-0.0771428174274308,1.46384516694185,-0.988700955094804,-6.49999999985077,8.20885213536329e-19
23.47,0.007989667,0.4610852,6.47886464159251,3.02330907434528e-18,1.71365808065723,-0.457098918728756,0.0304225150192148,-0.0817138066147183,1.49011195296182,-1.01286322783475,-6.49999999998702,1.42878396327284e-16
23.48,0.03640361,0.446096,6.48978595103908,2.6001051974924e-16,1.79088148672272,-0.50003399746201,0.048331329886442,-0.0867141465893384,1.51471442643365,-1.03155985410624,-6.49999999999858,1.21504703698771e-14
23.49,0.06545342,0.430456,6.49645846250891,1.41248927248546e-14,1.85737585748407,-0.541836056626998,0.0669050884612827,-0.0921325071556084,1.53777591410158,-1.0466517122091,-6.49999999999977,6.5429345804673e-13
23.5,0.09594285,0.4153246,6.49960998634517,2.50180097149587e-13,1.91947254055233,-0.573799402483766,0.0860998138668059,-0.0978705011804461,1.55983889126723,-1.05377068658475,-6.49999999999996,1.15419705538086e-11
23.51,0.1259207,0.3996565,6.49966076239116,3.34560068062673e-12,1.96272963489444,-0.604166714387418,0.10572711021575,-0.10391216832432,1.58101561698319,-1.05880955276707,-6.49999999999999,1.53911355219887e-10
23.52,0.1559085,0.3842929,6.49688698507585,2.1518704735136e-11,1.99212102860661,-0.626677064582493,0.125648320501816,-0.110178938970145,1.60175446173949,-1.05873784369205,-6.49999999999999,9.89988408852225e-10
23.53,0.1853148,0.369135,6.49134365148493,7.84701798075618e-11,2.00411774352042,-0.642502351838653,0.145689497937021,-0.116603962488532,1.62242398668452,-1.05475758916662,-6.5,3.61817713526344e-09
23.54,0.2133875,0.3539467,6.48283102505858,1.98358498027828e-10,1.99436230422506,-0.653774517369213,0.165633120979271,-0.123141707662224,1.64351311667521,-1.0482912123806,-6.49999999999999,9.17974505436447e-09
23.55,0.2399874,0.3388918,6.47089554807197,3.309143917367e-10,1.96346033440712,-0.659548326836251,0.185267724323342,-0.129737190930586,1.66548734090223,-1.03898164768411,-6.49999999999999,1.53967027671739e-08
23.56,0.2644153,0.3234895,6.454601311125,4.90958440564426e-10,1.90795861027518,-0.663726191148333,0.204347310426094,-0.13637445284207,1.68908457307583,-1.02895890265756,-6.49999999999995,2.29781852821098e-08
23.57,0.2878742,0.3090951,6.43316091281942,3.16349539264509e-10,1.8388250288271,-0.65640849907847,0.222735560714365,-0.142938537832854,1.71436340259067,-1.01293582919748,-6.49999999999973,1.49496813885367e-08
23.58,0.3090126,0.2945591,6.4042279574127,1.74198709579262e-10,1.74745364594412,-0.646934596156878,0.240210097173806,-0.149407883794423,1.7427140260028,-0.995876092927544,-6.49999999999691,8.31979744317738e-09
23.59,0.3282222,0.2800737,6.36510849518121,7.44952530556637e-11,1.63885435963094,-0.634088218130122,0.256598640770116,-0.155748765975724,1.77492888705528,-0.977022146757395,-6.49999999993348,3.60120041805566e-09
23.6,0.3456868,0.2658058,6.3116591017046,2.28072803825981e-11,1.51622662753582,-0.616947024101798,0.271760907045474,-0.161918236216742,1.81217098599371,-0.955696774681072,-6.49999999729979,1.11824013277462e-09
23.61,0.3616121,0.2519033,6.23763486560811,4.63874594220423e-12,1.38277682281583,-0.594818585863816,0.285588675273632,-0.16786642207538,1.85595577944605,-0.931248081866614,-6.4999997902099,2.31294058667953e-10
23.62,0.3760265,0.238326,6.13266344178408,6.45272625268593e-13,1.24022689974794,-0.568475264355151,0.297990944271112,-0.173551174718932,1.90865806037669,-0.903847250669393,-6.49996623396269,3.28107965353478e-11
23.63,0.3890674,0.2251203,5.96910457334749,5.96433217428316e-14,1.09102496137343,-0.538019509629894,0.308901193884846,-0.178931369815231,1.97350117773944,-0.873207471077597,-6.48788999184943,3.1032057454216e-12
23.64,0.401265,0.2127206,2.3628755854729,2.74015400155829e-15,0.940373633153985,-0.500709731699356,0.318304930216386,-0.183938467132225,2.05377315704141,-0.836848469927781,-2.66794189551571,1.46768790695713e-13
23.65,0.4128806,0.201457,0.00224486968169875,4.78386101274843e-17,0.791117127785437,-0.454815371004248,0.32621610149424,-0.188486620842267,2.15422832928966,-0.792423691382744,-0.00268974546777904,2.66392671438244e-15
23.66,0.4233563,0.190629,3.90569513588788e-07,4.90911482416384e-19,0.639843571510418,-0.406363927825556,0.332614537209344,-0.192550260120523,2.28563940030181,-0.743685363940511,-5.1721339499847e-07,2.86966455407365e-17
23.67,0.4334187,0.1811202,2.67998884739193e-11,1.40562125617039e-21,0.492873160899499,-0.349295269670581,0.337543268818339,-0.196043212817228,2.45343723385347,-0.684167622084419,-4.22028924353787e-11,8.82547855263671e-20
23.68,0.4428635,0.1727361,7.92583158528933e-16,1.16843327204574e-24,0.349175056960121,-0.285977906709785,0.341035019387941,-0.198902991884326,2.66579941702907,-0.614088594208949,-1.72877412293918e-15,8.1946197028728e-23
23.69,0.4516665,0.1655091,2.26692731742731e-20,2.79495276481659e-28,0.209104465977688,-0.216972204480001,0.343126064047717,-0.201072713929126,2.91974328491871,-0.53207327796304,-1.03406711885866e-19,2.31209034932733e-26
23.7,0.4597453,0.1593204,-9.26947580302071e-25,3.84600649040063e-32,0.072541760008626,-0.143940021163871,0.343851481647804,-0.202512114140765,-3.08915223941534,-0.43829077091322,-1.27130185345907e-22,3.76097322509556e-30
23.71,0.4669831,0.1541592,-8.42246722254492e-25,2.23371177574854e-35,-0.0608941974168218,-0.0676497776930951,0.343242539673635,-0.203188611917696,-2.82797163097125,-0.332617887533215,-8.50010020136195e-23,2.2349243658877e-33
23.72,0.4732529,0.1499817,-4.87934079877657e-22,1.06406502202659e-36,-0.191649869667685,0.0109248108915843,0.341326040976959,-0.20307936380878,-2.37922622291766,-0.216226778283359,-2.79724688055068e-20,1.68880198599479e-34
23.73,0.4785628,0.1463989,-2.84748296454721e-18,5.50439492029374e-36,-0.319155782780065,0.088328152773073,0.338134483149158,-0.202196082281049,-2.30682640949961,-0.0956064870833064,-1.52781824867776e-16,9.94990854878937e-33
23.74,0.4826792,0.143523,-2.27727630029735e-14,-6.7296581125335e-31,-0.444681254853052,0.165051968815725,0.333687670600627,-0.200545562592892,-2.24185715735612,0.027545537416213,-1.16144293252933e-12,3.46083129449602e-29
23.75,0.4857109,0.1412385,-8.58054662769742e-11,-4.33969293449229e-26,-0.566888633535754,0.239879648327509,0.32801878426527,-0.198146766109617,-2.18361431811616,0.14853479111258,-4.20057861611283e-09,2.88595325151871e-25
23.76,0.4876133,0.1392592,-1.25195636657486e-07,-2.71230505645943e-22,-0.685686222524616,0.310438438940622,0.321161922040024,-0.195042381720211,-2.13094015245657,0.261187997131944,-5.92463764933629e-06,1.05679329431162e-21
23.77,0.4883626,0.1373495,-7.45220751899812e-05,-3.71364855431854e-19,-0.800852908500371,0.374923447471943,0.31315339295502,-0.191293147245491,-2.08292991517966,0.361521747060952,-0.00342860280500606,1.05219340115816e-18
23.78,0.488138,0.1356799,-0.0167150219202752,-1.60056272767659e-16,-0.910703980764215,0.434682925886943,0.304046353147378,-0.186946317986622,-2.03922896249925,0.451457338501288,-0.75126818927232,3.66586988212598e-16
23.79,0.4872398,0.1342779,-0.13777659652206,-2.68879284257434e-14,-1.01281628279084,0.48993965228264,0.293918190319469,-0.182046921463796,-1.9996337957076,0.531699559360441,-6.0743279996835,5.29923472074748e-14
23.8,0.4855996,0.1327992,-0.149639373041056,-1.66923800500545e-12,-1.10770108079779,0.538187107079242,0.282841179511492,-0.176665050393003,-1.96326689221035,0.599944095940865,-6.49195586999743,2.95572601540742e-12
23.81,0.4834189,0.1312087,-0.151850621571623,-4.50899698226042e-11,-1.19388080784313,0.579417770635278,0.27090237143306,-0.17087087268665,-1.92983077689594,0.657599073419384,-6.49973712934138,7.37749299861553e-11
23.82,0.4810319,0.1298006,-0.1535717996647,-7.20711672822709e-10,-1.26905529686639,0.616082093194422,0.258211818464396,-0.164710051754706,-1.89919153992023,0.708594010860499,-6.49998420735745,1.10766519176771e-09
23.83,0.4781977,0.1278072,-0.155047124348414,-4.83158150841271e-09,-1.3353916050088,0.642664398699301,0.244857902414308,-0.158283407767713,-1.87051908421156,0.748033635061238,-6.49999850910249,7.10444386125004e-09
23.84,0.4753721,0.1258113,-0.156300917302897,-2.10212028234445e-08,-1.38980761515834,0.664045385546682,0.230959826262725,-0.151642953912246,-1.84391298363667,0.781964295089259,-6.49999976589768,2.9835707989429e-08
23.85,0.4723691,0.1233448,-0.157381887616271,-4.88355956397772e-08,-1.43424578400525,0.677042655381138,0.216617368422672,-0.144872527358435,-1.81878532684914,0.807799300028365,-6.49999994544278,6.75761584282792e-08
23.86,0.4694985,0.1206024,-0.158307711057613,-7.16096934418236e-08,-1.46690406693714,0.683630478574132,0.201948327753301,-0.138036222572694,-1.79510776314084,0.827854017524657,-6.49999998054755,9.72424418986837e-08
23.87,0.4667208,0.1173863,-0.159105079716947,-6.21213124316546e-08,-1.48875041793231,0.682785116078897,0.187060823573978,-0.131208371411905,-1.77255495487859,0.84128937824023,-6.49999998995977,8.33354848489659e-08
23.88,0.4641958,0.1136927,-0.159789418135996,-3.28954695146456e-08,-1.49927429270064,0.675027953812036,0.172068080646972,-0.124458091873784,-1.75100502514548,0.84847413022803,-6.4999999924702,4.38482353110702e-08
23.89,0.4622617,0.1098424,-0.160370948203219,-1.29171346919143e-08,-1.49674988348912,0.663267501484805,0.15710058181208,-0.117825416858936,-1.7304559607232,0.851874167318018,-6.49999999136043,1.71665778589902e-08
23.9,0.4609458,0.1058105,-0.16086425389494,-3.74446786460313e-09,-1.4819410327905,0.647677891894382,0.142281171484175,-0.111348637939992,-1.71070423205149,0.851314786352407,-6.49999998514942,4.9787539760339e-09
23.91,0.4606759,0.1020311,-0.161276137139271,-1.033421249341e-09,-1.45267217024057,0.631818216295297,0.12775444978177,-0.105030455777039,-1.69178773033777,0.85006751827025,-6.49999995822829,1.37557345557914e-09
23.92,0.4615695,0.09861054,-0.161616607300906,-2.9053839684149e-10,-1.4092973083868,0.616574470766352,0.113661476697902,-0.0988647110693759,-1.67357101426698,0.849018788653371,-6.49999980394045,3.8708911520024e-10
23.93,0.4633015,0.09557946,-0.161896138966065,-8.5214425789218e-11,-1.35548381072417,0.602209014605302,0.10010663859066,-0.0928426209233228,-1.65575416168257,0.848500175465445,-6.49999859026208,1.13584526387241e-10
23.94,0.4663558,0.09334818,-0.162117161067825,-3.37446052064067e-11,-1.28872468898808,0.591750942968588,0.0872193917007791,-0.086925111493637,-1.63839709724821,0.852062239666074,-6.49998199940203,4.48384224787012e-11
23.95,0.4705442,0.0920383,-0.162276492422601,-1.94278099042453e-11,-1.21172584642296,0.585860872950818,0.0751021332365495,-0.0810665027641288,-1.621309556391,0.860850968728572,-6.49960093839481,2.56186132875094e-11
23.96,0.4756442,0.09169096,-0.162031896402596,-1.64757942023454e-11,-1.12730099842882,0.584533456816462,0.0638291232522614,-0.0752211681959642,-1.6043294991014,0.875157152335198,-6.48503195921662,2.14638638927926e-11
23.97,0.4814529,0.09242773,-0.141863613769033,-2.16843769090494e-11,-1.03795693282774,0.588328954262733,0.053449553923984,-0.0693378786533368,-1.58733350547858,0.895727384754821,-5.67534405732026,2.77776131902192e-11
23.98,0.4876946,0.09432545,-0.0103171680206234,-4.46176546478594e-11,-0.946576154127643,0.597408912806415,0.0439837923827076,-0.0633637895252727,-1.5702187952002,0.922591914992118,-0.412686791731912,5.5970322700817e-11
23.99,0.493692,0.09715729,-8.38692366308946e-05,-1.18569538748698e-10,-0.858800616984773,0.609660630427503,0.0353957862128598,-0.0572671832209977,-1.55290085417903,0.95308194854352,-0.00335532297588252,1.45445216997622e-10
24,0.4992384,0.1010458,-5.34147419849496e-07,-4.20588658589906e-10,-0.776366680938473,0.625677545391812,0.0276321194034751,-0.0510104077670795,-1.53540924634483,0.98738953054528,-2.13796867302767e-05,5.03930190853779e-10
24.01,0.5037837,0.1058936,-3.79415611287158e-09,-1.79091952610947e-09,-0.703382622465853,0.644371037665985,0.0205982931788166,-0.0445666973904197,-1.5178671179284,1.02390609357695,-1.51985529011772e-07,2.09665366694671e-09
24.02,0.5068138,0.1115078,-4.3333349925005e-11,-7.90872780400516e-09,-0.643333615268198,0.664016887186619,0.0141649570261346,-0.0379265285185535,-1.50052595703285,1.06066646235124,-1.73775243357655e-09,9.06217048222678e-09
24.03,0.507714,0.1176533,-1.32709940462057e-12,-3.13371433993719e-08,-0.600115346677082,0.682701319252039,0.00816380355936376,-0.0310995153260331,-1.48379341825403,1.09596811109091,-5.32916420028726e-11,3.52336450496262e-08
24.04,0.5063365,0.1244018,-1.4023589201939e-13,-1.16232371951473e-07,-0.573804056204129,0.700911201149655,0.00242576299732247,-0.0240904033145366,-1.46798798080092,1.13029956719605,-5.64011673577756e-12,1.28493647919239e-07
24.05,0.5024257,0.1316645,-6.56057124441115e-14,-3.8514571676847e-07,-0.565166571228136,0.717919549761717,-0.00322590271495889,-0.0169112078169194,-1.45343499889735,1.16322677582104,-2.64295875244455e-12,4.19493429555572e-07
24.06,0.4957823,0.1393394,-1.48100205224897e-13,-1.08990014172897e-06,-0.574404010784265,0.732963500611315,-0.00896994282280154,-0.00958157281080624,-1.44034508868931,1.1944332219936,-5.97632104157339e-12,1.17188752757967e-06
24.07,0.4864626,0.1475092,-1.28949319912422e-12,-2.77866001723944e-06,-0.599717657345162,0.746703087283388,-0.0149671193962532,-0.00211454193797236,-1.42864255438636,1.22452322766621,-5.21213362640243e-11,2.9539121468866e-06
24.08,0.4745437,0.1561398,-3.15992889765531e-11,-6.31579073353673e-06,-0.639203082259559,0.758898238600207,-0.0213591502188487,0.00547444044802971,-1.41812345065463,1.25350441152477,-1.27930100731615e-09,6.64745068444768e-06
24.09,0.4604323,0.165408,-1.32207278081447e-09,-1.40346727323316e-05,-0.68859153171749,0.770884128166172,-0.0282450655360236,0.0131832817296914,-1.40829442745657,1.28214841636227,-5.36104768971271e-08,1.46400471905877e-05
24.1,0.4444765,0.1753765,-6.55674718873934e-08,-3.13054795333364e-05,-0.744305421217782,0.783060072491865,-0.0356881197482015,0.0210138824546101,-1.39873422781219,1.31061712276462,-2.66320783974603e-06,3.23952481341786e-05
24.11,0.427356,0.1863871,-2.54320730298769e-06,-8.15534226524452e-05,-0.800559814782756,0.797843885134899,-0.043693717896029,0.0289923213059591,-1.38883987120013,1.33976589643031,-0.000103488065052723,8.37782371650463e-05
24.12,0.4098522,0.1987037,-5.56928804791256e-05,-0.00027204591128755,-0.851243954593383,0.816888120946039,-0.0522061574419629,0.0371612025154195,-1.37803538028197,1.36980889960826,-0.00227103886531553,0.000277631897048554
24.13,0.3919621,0.2120466,-0.000753763484486195,-0.000984404982836015,-0.896496172785371,0.837710022110856,-0.0611711191698166,0.045538302736528,-1.36643157654728,1.39956160742951,-0.0308109029928311,0.00099900809224744
24.14,0.3749012,0.2269735,-0.00414221096891486,-0.00478821437099824,-0.927517614893337,0.864144666342217,-0.0704462953187499,0.0541797493999502,-1.3531215443997,1.42969380873725,-0.169815270529862,0.00483625531734493
24.15,0.3587792,0.2431732,-0.0101003282169231,-0.0259000576831359,-0.944363752218271,0.893337906252664,-0.0798899328409326,0.0631131284624768,-1.33815954771076,1.45911432030341,-0.415539563907815,0.0260623438846698
24.16,0.3440363,0.2606727,-0.0106759255824571,-0.150361396828402,-0.944734729208828,0.925111182587989,-0.0893372801330209,0.0723642402883567,-1.32121678113546,1.48759487236441,-0.441107792788665,0.150883077613617
24.17,0.3307814,0.2792057,-0.00505070230789019,-0.768049070395371,-0.929026026222937,0.957131645876184,-0.0986275403952503,0.0819355567471186,-1.30219727316893,1.51477756475075,-0.20976997138571,0.769255152350558
24.18,0.3190038,0.2984852,-0.00104977991832233,-2.55348880652936,-0.8985705436362,0.98708509064517,-0.107613245831612,0.0918064076535703,-1.28104378604273,1.54061365203943,-0.0438729973499721,2.55465177285871
24.19,0.3084866,0.3180866,-0.000103555142651174,-4.54036449545691,-0.856200873144635,1.01182736491623,-0.116175254563059,0.101924681302733,-1.25788219770875,1.5652504946988,-0.00435995147405112,4.54043428376473
24.2,0.2990322,0.3376247,-5.19969122920925e-06,-5.5065341301049,-0.804463565098876,1.02876402840553,-0.124219890214047,0.112212321586788,-1.23280622085162,1.58906934026347,-0.00022082931301834,5.50745312273123
24.21,0.2905441,0.3568873,-1.32743998857838e-07,-5.81916445582129,-0.745028953217915,1.03679918276748,-0.131670179746227,0.122580313414463,-1.20577089477799,1.61256530122945,-5.69510594898545e-06,5.82424180271917
24.22,0.2826216,0.3753967,-1.97109400100312e-09,-5.73628127955198,-0.681718674551597,1.03302066627438,-0.138487366491743,0.132910520077206,-1.17726057184166,1.63637176835552,-8.55524573831839e-08,5.74863063233908
24.23,0.2745576,0.3926574,-2.38118541868938e-11,-4.99767140225772,-0.620347106867481,1.01466173179748,-0.144690837560417,0.143057137395181,-1.14852835174202,1.66137828207885,-1.0466559273041e-09,5.01823458871264
24.24,0.2663552,0.4085681,-2.33023631206799e-13,-2.7421324898661,-0.561073129007156,0.982129488982755,-0.150301568850489,0.152878432285009,-1.11967092198954,1.68852741512844,-1.03832887517323e-11,2.76123707169298
24.25,0.2576591,0.422944,-2.34218148130163e-15,-0.442401356933729,-0.506664624153975,0.935267894052419,-0.155368215092029,0.162231111225533,-1.09164040829246,1.71913653574167,-1.05854482926724e-13,0.44731139449837
24.26,0.2481343,0.4354854,-3.22403831463427e-17,-0.0185160342876626,-0.459509516546113,0.873167618707832,-0.15996331025749,0.170962787412611,-1.06551539808435,1.75535343169572,-1.4776739325779e-15,0.0188357514402245
24.27,0.2376433,0.4461924,-7.35869591341042e-19,-0.000260129838525941,-0.420328122695695,0.797268826671303,-0.164166591484447,0.178935475679324,-1.04194662705811,1.80012468776181,-3.41794810006605e-17,0.000267119788789601
24.28,0.2263024,0.4551206,-2.77475103571666e-20,-1.15103368560721e-06,-0.38788376658696,0.709390363530161,-0.168045429150316,0.186029379314626,-1.02082982867755,1.85824043901063,-1.304989086642e-18,1.20025463516906e-06
24.29,0.2139582,0.4621427,-2.09477367670064e-21,-1.18679123267753e-09,-0.362969463197125,0.609943733901538,-0.171675123782288,0.192128816653641,-1.00275796757449,1.93924711366112,-9.96164382246208e-20,1.27213058183725e-09
24.3,0.2009543,0.4676813,-2.46673265050844e-22,-2.53818249174605e-13,-0.342633358314831,0.503407915924036,-0.175101457365436,0.197162895812882,-0.986713163515695,2.05859961840709,-1.18500582198171e-20,2.87318749290363e-13
24.31,0.1871662,0.4715219,-5.14238320212185e-23,-6.07809142848804e-18,-0.3275487301898,0.389300586971924,-0.178376944667334,0.201055901682601,-0.973091134112177,2.25415007076888,-2.49229439715857e-21,7.83833519404719e-18
24.32,0.1729899,0.4740611,-1.33758696536931e-23,-1.20495905702622e-23,-0.314492173231397,0.271699801301953,-0.181521866399648,0.203772899695621,-0.960536194572175,2.59209883345714,-6.53688494012484e-22,2.30571270085471e-23
24.33,0.1585962,0.4754329,-3.73095010034274e-24,-2.31752033031398e-31,-0.302118038493177,0.152480606277102,-0.18454304678458,0.205297705758392,-0.948457889336448,3.11974889747729,-1.83829224133365e-22,1.59198600001792e-29
24.34,0.1442518,0.4758598,-8.81737672731537e-25,6.61129660150455e-36,-0.288471831596013,0.0340364795076553,-0.18742776510054,0.205638070553468,-0.935954758583535,-2.63581770093242,-4.3820398386245e-23,5.77474551048514e-34
24.35,0.1300475,0.4754348,-1.6496156374299e-25,1.91776760451289e-34,-0.273041171533688,-0.0823648184491041,-0.190158176815877,0.204814422368977,-0.922767605340805,-2.29582261872709,-8.27452108980898e-24,1.01969947492541e-32
24.36,0.1166467,0.4748738,-1.34703400367095e-26,8.28223465708916e-30,-0.251157391520906,-0.190991324128504,-0.192669750731086,0.202904509127692,-0.906580017135979,-2.91422365883787,-6.83576541250196e-25,1.16455450305031e-27
24.37,0.1037119,0.4738211,-6.8987424433288e-28,2.39805363801518e-24,-0.225878448078074,-0.294432454275476,-0.194928535211866,0.199960184584937,-0.888774726589348,-2.7855311293073,-3.54718988130043e-26,2.39964628180784e-22
24.38,0.09151732,0.4726223,-1.81388333269535e-29,6.93770105234376e-20,-0.195565562587973,-0.389972086437318,-0.196884190837746,0.196060463720564,-0.868353740254496,-2.67115154379494,-9.47303336192845e-28,6.47604590967067e-18
24.39,0.08003169,0.4713857,-2.89703232308645e-31,2.95311832659639e-16,-0.160972410616417,-0.476873739743198,-0.19849391494391,0.191291726323132,-0.84548630651399,-2.57107688222774,-1.54074166971484e-29,2.254531370733e-14
24.4,0.06926552,0.4701709,-3.68726166395911e-33,2.29635793828847e-13,-0.122513892729273,-0.554861630764595,-0.199719053871203,0.185743110015486,-0.820137913738029,-2.48398022091812,-2.0030820692092e-31,1.49750128041569e-11
24.41,0.05908458,0.4690666,-6.96168117714769e-35,4.44522307843477e-11,-0.0816597026361627,-0.623511952055964,-0.200535650897565,0.179507990494926,-0.7929048458318,-2.40841131182372,-3.87493541586259e-33,2.62854184778208e-09
24.42,0.04935489,0.4680808,-4.22242522959403e-36,2.9231123447405e-09,-0.0397836716633009,-0.683074727924836,-0.200933487614198,0.172677243215678,-0.764434875123972,-2.3424052828944,-2.41560464988232e-34,1.61768474632201e-07
24.43,0.03969624,0.4669569,-1.56810546213686e-36,9.19680189843995e-08,2.69333664135729e-05,-0.735771339243431,-0.200933218280534,0.165319529823244,-0.736706451626256,-2.28288397412815,-9.23635388300711e-35,4.83952819843701e-06
24.44,0.03000233,0.4658334,-3.1938117677564e-36,1.4768886952402e-06,0.0369326506970147,-0.78080038237772,-0.200563891773563,0.157511525999467,-0.710435786623556,-2.22942498244658,-1.93913949371524e-34,7.46447807515528e-05
24.45,0.0199612,0.464543,-1.84608008332592e-35,1.44968381768951e-05,0.0686612048567561,-0.819701619883986,-0.199877279724996,0.149314509800627,-0.687531365667546,-2.18018330259584,-1.1538964134353e-33,0.00070805724373566
24.46,0.00930044,0.4629763,-1.27795916738485e-34,9.74087001158517e-05,0.0934256578508901,-0.853510411578823,-0.198943023146487,0.140779405684839,-0.669735599683792,-2.13397346899412,-8.18640300046249e-33,0.00461829660701786
24.47,-0.002196804,0.4610302,-5.5010696749587e-34,0.000488364382119412,0.110015874362901,-0.883168998869882,-0.197842864402858,0.13194771569614,-0.658393378425556,-2.08988142147564,-3.58313009283466e-32,0.0225568166612985
24.48,-0.01451486,0.4588248,-1.17868837217516e-33,0.00178900014029243,0.119062313522566,-0.907934843580577,-0.196652241267632,0.122868367260334,-0.653260548051225,-2.04798489519006,-7.73774885761504e-32,0.0807707904361446
24.49,-0.02821686,0.4557776,-7.50479393128743e-34,0.00611578712513399,0.116942605127733,-0.932297782692716,-0.195482815216355,0.113545389433407,-0.657382361981558,-2.00594235959737,-4.89573196065827e-32,0.270430330093982
24.5,-0.04281097,0.4524151,-2.31756882242261e-34,0.0156483973574773,0.108104939903374,-0.952289882790531,-0.194401765817321,0.104022490605501,-0.666913765695464,-1.96545397467243,-1.49065027108796e-32,0.679518845768203
24.51,-0.05818854,0.4488495,-4.35821998769749e-35,0.0294560833213904,0.0938956407933382,-0.96729282635431,-0.193462809409388,0.0943495623419584,-0.680473155350937,-1.92650725255059,-2.75015303834479e-33,1.25922346627171
24.52,-0.07478468,0.4442937,-4.75115057388014e-36,0.0527209705030507,0.071601991001053,-0.983358146557789,-0.192746789499377,0.0845159808763805,-0.699792866741563,-1.88676820734967,-2.92292632531354e-34,2.22196207580577
24.53,-0.09160864,0.4397266,-8.25485755607193e-37,0.0701161312446085,0.0492179000314366,-0.993134741167557,-0.192254610499063,0.0745846334647049,-0.718215631268128,-1.84865152438669,-4.96562873468303e-35,2.91989940566584
24.54,-0.1086432,0.4349526,-2.61997433675127e-37,0.0799179000715638,0.0270068935405376,-0.998458479391783,-0.191984541563658,0.0646000486707871,-0.73554040653859,-1.81131533480308,-1.54518698502502e-35,3.29435588680529
24.55,-0.1255909,0.4300412,-1.65856414221556e-37,0.0807157540963217,0.00726756872994017,-0.999111463549668,-0.191911865876358,0.0546089340352904,-0.750173164331393,-1.77460682600102,-9.62861827327774e-36,3.29895453334486
24.56,-0.1418575,0.4255094,-1.67632195974202e-37,0.0654468523374982,-0.00570708668774245,-0.991633173831168,-0.191968936743236,0.0446926022969787,-0.759362213658391,-1.73902395355087,-9.63946912083177e-36,2.65650493209137
24.57,-0.1572703,0.420887,-1.84013929311279e-37,0.0441609135563505,-0.0110688663271503,-0.98010313362202,-0.192079625406507,0.0348915709607585,-0.762928054476293,-1.70343771377411,-1.05432337475642e-35,1.78256747762135
24.58,-0.1713192,0.4172271,-1.74846951088705e-37,0.0165389967399178,-0.00560342939781933,-0.957153049993355,-0.192135659700485,0.025320040460825,-0.758936249588647,-1.66870544161407,-1.00587215123803e-35,0.664840264931127
24.59,-0.1840228,0.4138679,-1.75951387282839e-37,0.00392459029320934,0.00973370545590413,-0.928591060480399,-0.192038322645926,0.016034129856021,-0.748118248674149,-1.63353881146145,-1.02368516162689e-35,0.157302495361704
24.6,-0.1950187,0.4113266,-3.62763645651425e-37,0.000511038138813155,0.0367927835506734,-0.89118683702207,-0.19167039481042,0.00712226148580027,-0.728879254872172,-1.59780350474643,-2.15547870400464e-35,0.0204492084559794
24.61,-0.2042387,0.4095822,-4.24414981520909e-36,3.78270693694847e-05,0.0750676405122412,-0.845942642006395,-0.190919718405297,-0.00133716493426368,-0.700864655688043,-1.56075698833464,-2.60749170390235e-34,0.00151316133608292
24.62,-0.2115359,0.4089656,-6.27487054053105e-34,1.34100428995762e-06,0.124603682836547,-0.791248324045157,-0.189673681576932,-0.00924964817471525,-0.662814801303176,-1.52152345671423,-4.06026475502599e-32,5.37073265156533e-05
24.63,-0.2167396,0.4096371,-1.11599058287724e-30,1.94448499668667e-08,0.185554224077215,-0.726917210802448,-0.187818139336159,-0.0165188202827397,-0.61272239325335,-1.47866834000214,-7.8464113345834e-29,7.81207132612517e-07
24.64,-0.2201642,0.4112292,-6.47404210229397e-27,1.22483698107422e-10,0.254443926339203,-0.656696392948911,-0.185273700072767,-0.0230857842122288,-0.55130784487199,-1.43053326587054,-5.14344779177326e-25,4.94942225373885e-09
24.65,-0.2219066,0.4136115,-4.33200237405656e-23,3.07820622897488e-13,0.329602063511828,-0.582354299450232,-0.181977679437649,-0.0289093272067312,-0.477748567770775,-1.37487316190685,-3.99254818532129e-21,1.25603294119877e-11
24.66,-0.2221354,0.4165059,-1.88161807045313e-19,3.01113535951763e-16,0.408921312616794,-0.506632719866776,-0.177888466311481,-0.0339756544053989,-0.391863555087164,-1.3090198295385,-1.89082311485522e-17,1.24822857941142e-14
24.67,-0.2209911,0.419624,-4.06017699169765e-16,1.12553115074902e-19,0.490631450502708,-0.43215647308696,-0.172982151806454,-0.0382972191362685,-0.293683723765259,-1.22987303878693,-4.1956090978802e-14,4.78517233559377e-18
24.68,-0.2185763,0.4226319,-1.31651706740537e-13,1.69174621653537e-23,0.573356826677575,-0.361682698843072,-0.167248583539678,-0.0419140461246992,-0.18360768294781,-1.13466539329446,-4.17637716192933e-11,7.48410586721589e-22
24.69,-0.2148823,0.4252877,-1.23885618932631e-10,1.06870416657065e-27,0.656630595738527,-0.297071957027979,-0.160682277582293,-0.044884765694979,-0.0617855487886741,-1.02149936131085,-2.04363524388681e-08,5.02418002379143e-26
24.7,-0.2098411,0.4273351,3.66268023871974e-07,3.44505290539944e-32,0.740452206543758,-0.240117714056466,-0.153277755516856,-0.0472859428355437,0.0712302012897108,-0.892135892329032,-5.53763651719156e-06,1.76693358082859e-30
24.71,-0.203266,0.4286475,0.000204735760986989,7.10710284439979e-37,0.82568482907908,-0.191491418539836,-0.145020907226065,-0.0492008570209421,0.214917931508052,-0.752493209514664,-0.000962574398337414,4.11593375736526e-35
24.72,-0.1953311,0.4289224,0.0361475157332862,2.21278496851488e-41,0.910479639937083,-0.15305670049012,-0.135916110826694,-0.0507314240258433,0.362828341621141,-0.61867268901728,-0.102057713457484,1.53907569459021e-39
24.73,-0.1842842,0.4289109,2.22543504934016,3.06717116592665e-46,1.00722541169002,-0.118771643470637,-0.125843856709794,-0.0519191404605496,0.528397994251084,-0.483034727835198,-4.41071370664226,2.79983221480664e-44
24.74,-0.1711547,0.4279539,4.11550019223018,2.15574206540878e-50,1.106972440715,-0.0933358579679453,-0.114774132302644,-0.0528524990402291,0.68963326790196,-0.372203340246833,-6.4692448523341,2.16296609623156e-48
24.75,-0.1552369,0.4263259,4.85907172873343,7.48524392215443e-54,1.21411220195929,-0.0742244509070984,-0.102633010283051,-0.0535947435493001,0.844518899840664,-0.284532566153014,-6.49966684966314,7.87356956185004e-52
24.76,-0.1364486,0.4240076,5.41972840768288,1.88149688279448e-56,1.32810599825951,-0.0612122844264915,-0.0893519503004557,-0.054206866393565,0.985917874483526,-0.223086993703135,-6.49999599830972,2.76046064636075e-54
24.77,-0.1149092,0.4209495,5.82102428999233,5.51786262567719e-58,1.44694429534105,-0.0542777027839785,-0.0748825073470452,-0.0547496434214048,1.10956292038784,-0.18944343045593,-6.49999994228582,1.45928110740613e-55
24.78,-0.09083175,0.4171238,6.09304234448275,3.53305837245885e-58,1.56804956321245,-0.053210627973856,-0.0592020117149207,-0.0552817497011433,1.21498136023614,-0.182844859858309,-6.49999999892982,1.15101461167237e-55
24.79,-0.06468546,0.4124413,6.26959252570388,7.4372726091698e-57,1.68714759263517,-0.0582303442003163,-0.0423305357885691,-0.0558640531431465,1.30367802624734,-0.2035072839211,-6.49999999997192,1.42905373519845e-54
24.8,-0.0369742,0.4068399,6.38035493509939,2.06932855054124e-54,1.80003321213659,-0.069311022910501,-0.0243302036672031,-0.0565571633722515,1.37858362617892,-0.24949001742496,-6.49999999999889,2.47667102322862e-52
24.81,-0.008276267,0.4002259,6.44682682498963,4.43980051384864e-51,1.90229796122921,-0.0866258292397672,-0.00530722405491099,-0.0574234216646492,1.44276695489156,-0.318212200265624,-6.49999999999993,4.46682222799475e-49
24.82,0.0209508,0.3927267,6.48332319763209,2.41378237939818e-47,1.99079629154378,-0.108684265344468,0.0146007388605268,-0.0585102643180938,1.49912983213099,-0.398834806756109,-6.49999999999999,2.42375280680607e-45
24.83,0.04993796,0.3840347,6.49858938035112,4.2543339702307e-43,2.06040900684201,-0.137259976244446,0.0352048289289469,-0.0598828640805383,1.54995719276531,-0.492062148739024,-6.5,3.81798261650639e-41
24.84,0.07909261,0.3750899,6.49769779525343,1.57810248636032e-39,2.11509600778511,-0.164844744507229,0.056355789006798,-0.0615313115256106,1.59741899888029,-0.568283270206954,-6.5,1.2103175027516e-37
24.85,0.1071725,0.364879,6.48304593946468,9.21130201269983e-36,2.14654500601739,-0.198755905632897,0.0778212390669719,-0.0635188705819396,1.64305636418518,-0.648498637749778,-6.5,6.09205927485191e-34
24.86,0.13507,0.3548914,6.45542217227418,5.53010481534769e-33,2.16278623577776,-0.227460132461153,0.0994491014247495,-0.0657934719065511,1.688009064283,-0.701946865037832,-6.5,3.39293521261702e-31
24.87,0.1613172,0.3435393,6.41362473084157,5.54829124415077e-30,2.15408594446106,-0.262772339602279,0.12098996086936,-0.0684211953025739,1.73404265274528,-0.758739264736481,-6.5,3.19250420066595e-28
24.88,0.1872303,0.3326446,6.35649138065367,7.48242905093939e-28,2.1319132366727,-0.290704323043318,0.142309093236087,-0.0713282385330071,1.78137151836652,-0.791356242239961,-6.5,4.17077019124524e-26
24.89,0.2117427,0.3206635,6.2798112508249,1.25196153155633e-25,2.08955042930537,-0.322911071793401,0.163204597529141,-0.0745573492509411,1.83188952784193,-0.824466249494425,-6.5,6.77600000735385e-24
24.9,0.2356243,0.3089384,6.18038034960891,5.79165435101488e-24,2.03430692365383,-0.349094887890428,0.183547666765679,-0.0780482981298453,1.88576962033671,-0.842423476574982,-6.5,3.08791559311108e-22
24.91,0.2587157,0.2971148,6.05235136449752,1.36961596281549e-22,1.96623427518181,-0.372135169330409,0.203210009517497,-0.0817696498231494,1.94417392316632,-0.852541783461893,-6.49999999999999,7.24268485513536e-21
24.92,0.2811008,0.2852252,5.8888826567463,1.80392328112335e-21,1.88722740946442,-0.391891366820291,0.222082283612141,-0.0856885634913523,2.00798546216577,-0.856179091674908,-6.49999999999993,9.51166642529474e-20
24.93,0.3028044,0.2732812,5.68125969093604,1.43560509857429e-20,1.79867001882035,-0.408402255930259,0.240068983800345,-0.0897725860506549,2.07821450682674,-0.854518480899673,-6.49999999999925,7.57964120766927e-19
24.94,0.3240455,0.2614768,5.42121129070635,6.30582788404401e-20,1.70331598579553,-0.420390856842287,0.2571021436583,-0.0939764946190778,2.1552625845557,-0.846882928293201,-6.49999999998992,3.34985196848178e-18
24.95,0.3449275,0.2499723,5.09985709323626,1.45012305669986e-19,1.60291124821702,-0.426943910115261,0.27313125614047,-0.0982459337202304,2.23952529502206,-0.832946504055427,-6.49999999981941,7.79247366348069e-18
24.96,0.3650726,0.2382528,4.70043703908045,2.84970427915772e-19,1.49558284011222,-0.432170465291133,0.288087084541593,-0.102567638373142,2.33311485084204,-0.817942196675494,-6.49999999524854,1.55102556521726e-17
24.97,0.3847536,0.2268626,4.2179658523046,3.13298021476182e-19,1.38438836721739,-0.432156986151691,0.301930968213766,-0.106889208234659,2.43529102585766,-0.797482291360416,-6.49999982401395,1.73652437267235e-17
24.98,0.4036646,0.215464,3.63957884312902,2.65323843805616e-19,1.26795334629444,-0.429739454071694,0.314610501676711,-0.111186602775376,2.54749376265003,-0.775033113694344,-6.49998978883051,1.50206392442898e-17
24.99,0.421743,0.2041811,2.95851118287881,1.59436097071609e-19,1.14681136576904,-0.424191882043571,0.326078615334401,-0.115428521595811,2.66943236065783,-0.749769308001545,-6.49901338310621,9.25982935134405e-18
25,0.4387653,0.1929697,2.10590320696098,7.1876937538268e-20,1.02030614432614,-0.416084197700481,0.336281676777663,-0.119589363572816,2.80096568358058,-0.722351840068473,-6.32427612345971,4.3028512252895e-18
25.01,0.4545689,0.1815364,0.107326086774031,3.14837757044714e-20,0.888304079760715,-0.407778583457146,0.34516471757527,-0.123667149407388,2.9405185465619,-0.695591806538314,-0.537341275734122,1.94728939564792e-18
25.02,0.4689517,0.169969,2.6972559935666e-05,1.24965699031981e-20,0.75042456527477,-0.398683298795623,0.352668963228017,-0.127653982395344,3.08561010018454,-0.668741665541235,-0.000555763495529263,8.01653771810604e-19
25.03,0.4817947,0.1582891,-2.13062312405615e-10,4.44188010245475e-21,0.606953162347565,-0.388737382311591,0.358738494851493,-0.13154135621846,-3.05104900665735,-0.641696607196342,-1.67374620146849e-07,2.9699370750841e-19
25.04,0.492999,0.1463626,-1.1032573719117e-13,1.60169360503325e-21,0.458335040917795,-0.379026431327963,0.363321845260671,-0.135331620531739,-2.90765728403158,-0.615790988020993,-1.46523674742251e-11,1.11984744897628e-19
25.05,0.5024878,0.134194,-5.36357530729663e-18,5.86796184546198e-22,0.305172411493722,-0.369543273916074,0.366373569375608,-0.1390270532709,-2.77151839248507,-0.590991271249134,-5.37966199413124e-16,4.2995422015131e-20
25.06,0.510296,0.1219658,-6.21826261793951e-22,1.86432384724381e-22,0.148864599841673,-0.358981885776771,0.367862215374025,-0.142616872128668,-2.64608930289635,-0.565600351186247,-5.54337868195792e-20,1.43775385775031e-20
25.07,0.5163324,0.1091095,-1.77687262062573e-23,8.7213058316732e-23,-0.0101920662501982,-0.351617129936054,0.367760294711523,-0.146133043428028,-2.53239451196452,-0.54509229379157,-1.25745135505431e-21,7.01980580343429e-21
25.08,0.5208053,0.09634969,-1.76457676651255e-21,3.05759606700606e-23,-0.169426408288672,-0.341959566730678,0.366066030628636,-0.149552639095335,-2.53458257620116,-0.522317636277649,-1.25385091776578e-19,2.58150771735543e-21
25.09,0.5237776,0.0836202,-2.97906292213264e-17,8.6970616684417e-24,-0.327513173384411,-0.330703304952531,0.362790898894792,-0.15285967214486,-2.44970195839672,-0.498175074720848,-1.85141700195113e-15,7.71263001277185e-22
25.1,0.5254091,0.07123187,-9.86988871446496e-13,1.51833768396494e-24,-0.482521453225964,-0.315749266716892,0.357965684362533,-0.156017164812029,-2.37209230610106,-0.469893322342882,-5.6180076909645e-11,1.41861921603909e-22
25.11,0.5253497,0.05845705,-1.46068209063278e-08,3.36060496122213e-25,-0.636400429945162,-0.302750722804126,0.351601680063081,-0.159044672040071,-2.29994002705562,-0.444887135133869,-7.79279085599056e-07,3.25999411893567e-23
25.12,0.5242363,0.04642354,-5.33084587883227e-05,3.15302835713217e-26,-0.783750239449752,-0.283398143715887,0.343764177668583,-0.161878653477229,-2.23438952092902,-0.412057362580494,-0.00270400833166843,3.15218284868716e-24
25.13,0.5219054,0.03483254,-0.04131205139812,1.74057118560633e-27,-0.925446829427358,-0.260433782508699,0.33450970937431,-0.164482991302316,-2.17400886062371,-0.374926460067925,-2.00949900401519,1.74713762776064e-25
25.14,0.5185037,0.02379975,-0.137611858530335,4.98696003984853e-29,-1.06006406437402,-0.233395171800471,0.32390906873057,-0.166816943020321,-2.11830538964921,-0.332667636956237,-6.4624451036316,4.98961886597425e-27
25.15,0.5141537,0.01343035,-0.142540838412059,6.42486522747245e-31,-1.18649211755736,-0.201953068620291,0.312044147554996,-0.168836473706524,-2.06672104840651,-0.284561020264275,-6.49976367454105,6.75775185037561e-29
25.16,0.509064,0.00386338,-0.146091899762245,2.96269142572716e-33,-1.3031167059884,-0.165579458760536,0.299012980495112,-0.170492268294129,-2.01886168286103,-0.229534527989811,-6.49999678908516,4.08396752164995e-31
25.17,0.5034435,-0.004933208,-0.149117273671201,2.28858502495644e-36,-1.40848959179775,-0.125060488556507,0.284928084577134,-0.171742873179695,-1.97431968103184,-0.168396984062504,-6.4999999129497,1.49943485896682e-33
25.18,0.4971925,-0.0134229,-0.151711130551365,-5.89131020366332e-39,-1.50358368208098,-0.0842944005437118,0.269892247756325,-0.172585817185132,-1.93232087066847,-0.106746067434188,-6.49999999590526,9.68377727374963e-36
25.19,0.4904629,-0.02153072,-0.153925478395173,1.86003475806009e-39,-1.58751551741372,-0.0429687596258752,0.254017092582187,-0.17301550478139,-1.89254368993522,-0.0441364386739352,-6.49999999968192,2.32805222325996e-37
25.2,0.4838424,-0.02893798,-0.155787153102564,-7.87306076422231e-40,-1.65634195361898,0.000980090434048009,0.237453673045998,-0.17300570387705,-1.85510428661779,0.0225372629525076,-6.49999999995689,5.20334814742706e-38
25.21,0.477542,-0.03572186,-0.157346229284617,-2.37839412257847e-38,-1.70924006139929,0.0465633938742229,0.220361272432005,-0.172540069938308,-1.81965341483393,0.0917189145933066,-6.49999999999014,2.63440710892199e-37
25.22,0.4719022,-0.04171888,-0.158640591161559,-4.35616654983905e-36,-1.74458832494188,0.0946099696649512,0.202915389182586,-0.171593970241658,-1.78597452029523,0.164506803355543,-6.49999999999618,2.62985620104294e-35
25.23,0.4667437,-0.04754097,-0.159713982196145,-2.22297354781111e-33,-1.76477331354672,0.140221297170637,0.185267656047119,-0.170191757269952,-1.75350334133504,0.233405861386979,-6.49999999999771,9.65840254103111e-33
25.24,0.4628011,-0.05243457,-0.16058174536734,-2.7619674950962e-30,-1.7654153181733,0.188824183287714,0.167613502865386,-0.168303515437075,-1.72232838514699,0.306266555574265,-6.49999999999764,9.20722573961393e-30
25.25,0.4601529,-0.0564888,-0.161269833435282,-3.89819878439031e-27,-1.74735396733513,0.239289142646928,0.150139963192034,-0.165910624010605,-1.69209938075021,0.381032861558201,-6.49999999999589,1.04946874854325e-26
25.26,0.4589369,-0.05968211,-0.161795948909183,-4.32550472086511e-24,-1.71103506358921,0.291365442183821,0.133029612556142,-0.162996969588767,-1.66253914798857,0.456910851041426,-6.49999999998785,9.7964308178063e-24
25.27,0.459245,-0.06194251,-0.162172311220654,-3.3424651412789e-21,-1.65730885886281,0.345178786779901,0.116456523967514,-0.159545181720968,-1.63337367062343,0.533569113026838,-6.49999999993844,6.56674918347925e-21
25.28,0.4610089,-0.06325508,-0.162406032496642,-1.67005015173936e-18,-1.58822820764415,0.400419873761637,0.100574241891073,-0.155540982983352,-1.60430243955388,0.610092097694793,-6.49999999947056,2.91429384545432e-18
25.29,0.4641136,-0.06349564,-0.162498486075578,-5.75972498794466e-16,-1.50612263078655,0.457589689892965,0.0855130155832073,-0.150965086084422,-1.57504878228397,0.686516907977143,-6.49999999232722,9.08817221898179e-16
25.3,0.4683448,-0.06250513,-0.162445829383903,-1.48947993271124e-13,-1.41394807554004,0.517395686405687,0.0713735348278069,-0.145791129220365,-1.54535790888364,0.76292327365293,-6.49999981651084,2.15579117923975e-13
25.31,0.4731951,-0.06033944,-0.162239597330863,-2.70209565094877e-11,-1.31664115514511,0.578912511050394,0.0582071232763558,-0.140002004109861,-1.51503190478963,0.837739303671693,-6.499993418233,3.63643017312498e-11
25.32,0.4779412,-0.05707603,-0.16186296518815,-3.29952025902668e-09,-1.22038064620896,0.641115555550687,0.0460033168142663,-0.133590848554354,-1.4840403781988,0.909716615742406,-6.49970303121625,4.18021485647944e-09
25.33,0.4825197,-0.05228904,-0.16091297752914,-3.4453168334972e-07,-1.12607022579416,0.706716341888594,0.0347426145563247,-0.126523685135469,-1.45239538108753,0.980584548370832,-6.48328174876264,4.1467530393318e-07
25.34,0.4858135,-0.04632176,-0.142803747081151,-2.52509656436259e-05,-1.04222733208642,0.772607682059034,0.0243203412354605,-0.118797608314878,-1.42060550583132,1.04782143618373,-5.77917109750159,2.91455673259294e-05
25.35,0.4875251,-0.03895067,-0.029600806997298,-0.00146632356057584,-0.970707307050726,0.840034530015677,0.0146132681649532,-0.110397263014721,-1.38914703066105,1.11218540634352,-1.20444450223408,0.0016352330624786
25.36,0.4872088,-0.03012339,-0.00177516079626029,-0.0680020116190601,-0.914240223666316,0.908895412089208,0.00547086592829008,-0.101308308893829,-1.35873094208743,1.17354650042057,-0.0726833155630485,0.0737419774300409
25.37,0.484251,-0.02006984,-0.000216250576160567,-1.7175543688716,-0.876500414421249,0.977032866256787,-0.00329413821592241,-0.0915379802312615,-1.33033863568953,1.23114463176021,-0.0089140897330509,1.82157161018157
25.38,0.4796718,-0.007591855,-4.35111951243889e-05,-5.85662016408855,-0.848866207324464,1.05284453144459,-0.011782800289167,-0.0810095349168156,-1.30338727309211,1.28776909483822,-0.001806535896653,6.09916228339965
25.39,0.472206,0.006235032,-2.57599531363469e-05,-6.31437953514705,-0.839968333707539,1.12752416423883,-0.0201824836262424,-0.0697342932744273,-1.27947432200972,1.34057611732535,-0.0010770938182325,6.48540536915043
25.4,0.463033,0.0223679,-2.57951461723313e-05,-6.39504693363507,-0.839866944050252,1.2077056953517,-0.028581153066745,-0.0576572363209103,-1.25730287715085,1.39122053139069,-0.00108625455370171,6.49951010072867
25.41,0.4518107,0.04040772,-4.8660589987342e-05,-6.4435801157633,-0.850399763666571,1.28964010748129,-0.0370851507034107,-0.0447608352460974,-1.23728800385668,1.43893260965874,-0.00206329068226184,6.49998110207435
25.42,0.4390873,0.06053506,-0.000127753151547758,-6.47552066649034,-0.866720863836507,1.37405854932961,-0.0457523593417757,-0.0310202497528013,-1.21858932204309,1.4839611043177,-0.0054541109236062,6.49999919254333
25.43,0.4252536,0.08271397,-0.000378385959269158,-6.4935938498681,-0.885452774476523,1.4600492035947,-0.054606887086541,-0.0164197577168544,-1.20056991003677,1.52638438475574,-0.016267135048396,6.49999996081086
25.44,0.4106858,0.106793,-0.00105891344413575,-6.49993593567663,-0.90355933073939,1.54591716460891,-0.0636424803939349,-0.000960586070765235,-1.18264111833917,1.56635546075818,-0.045856825592194,6.49999999774265
25.45,0.3956456,0.1325165,-0.00251702324296835,-6.49638892980793,-0.919065788356363,1.62933189099613,-0.0728331382774985,0.0153327328391961,-1.16442227419659,1.60413934563348,-0.109853191389964,6.49999999983727
25.46,0.3804302,0.1595234,-0.00458841226520779,-6.48439828343316,-0.929895090038322,1.70737976328598,-0.0821320891778817,0.0324065304720559,-1.14550674945,1.64011336078527,-0.201963995551265,6.49999999998442
25.47,0.3652181,0.1873966,-0.00617805063424716,-6.46493008773715,-0.935013721822918,1.77697736782593,-0.0914822263961109,0.0501763041503152,-1.12569493453463,1.67474756383942,-0.274482919941194,6.49999999999791
25.48,0.3500628,0.2156328,-0.00622513239848564,-6.43841643257166,-0.934404260822317,1.83468537337686,-0.100826269004334,0.0685231578840839,-1.10499153615786,1.70859425293001,-0.279419767580213,6.49999999999958
25.49,0.3349797,0.2437398,-0.00477213286729888,-6.40474324460413,-0.928359312784798,1.87745684145537,-0.110109862132182,0.0872977262986376,-1.08345755662127,1.74224977659603,-0.216606715392371,6.49999999999987
25.5,0.3199352,0.2712413,-0.00285116939260186,-6.36323785344475,-0.9175373619106,1.90266272097893,-0.119285235751288,0.106324353508427,-1.06123223884824,1.77634439791378,-0.130988264716326,6.49999999999994
25.51,0.3048303,0.2976888,-0.00139116361540201,-6.31262541848844,-0.903050536055426,1.90816047422086,-0.128315741111842,0.125405958250635,-1.03856805190387,1.81154798029665,-0.0647433092160293,6.49999999999995
25.52,0.2895777,0.3227026,-0.000579321201593209,-6.25097842907712,-0.885862030213111,1.89256701195259,-0.137174361413973,0.144331628370161,-1.01569173529138,1.84856187858332,-0.027330896082768,6.49999999999992
25.53,0.273993,0.3458664,-0.000224192364267951,-6.17537346354651,-0.867588663033262,1.85445042169094,-0.145850248044306,0.162876132587071,-0.99302048118744,1.8882476956316,-0.0107268682123866,6.49999999999979
25.54,0.2582826,0.367247,-7.45370319101393e-05,-6.08281267833932,-0.84688880594679,1.7961122035593,-0.154319136103774,0.180837254622664,-0.970173710132314,1.93110353292933,-0.00361942967095546,6.49999999999903
25.55,0.2420177,0.3865037,-2.57674675056176e-05,-5.9681048208442,-0.827154539657414,1.71683653041361,-0.162590681500348,0.1980056199268,-0.94811102287582,1.97824221810997,-0.00126990049291135,6.49999999999143
25.56,0.2254872,0.4037326,-8.20865482878922e-06,-5.82572426678881,-0.80630255907845,1.61924563693945,-0.170653707091133,0.214198076296194,-0.926220215567941,2.03040224338278,-0.000410743988787907,6.49999999985581
25.57,0.2086467,0.418909,-2.47339710165702e-06,-5.64793997705902,-0.784831240748485,1.50499338707753,-0.178502019498617,0.22924801016697,-0.904643952502885,2.08866446204966,-0.000125694080833184,6.49999999513436
25.58,0.1916644,0.4322096,-6.5712278078977e-07,-5.42612620002733,-0.761659209882044,1.37716896493705,-0.186118611597438,0.24301969981634,-0.883034836693729,2.15389137905371,-3.3934190430547e-05,6.49999966067274
25.59,0.1745811,0.4436145,-1.52046981558936e-07,-5.14800065221626,-0.736720322958949,1.23728027477218,-0.193485814827027,0.255392502564062,-0.861355057695364,2.2274898471045,-7.98428577301822e-06,6.49994548823985
25.6,0.1574293,0.4532157,-3.03640181639787e-08,-4.78307446389569,-0.710023616367778,1.08760718199883,-0.200586050990705,0.26626857438405,-0.839588586508235,2.31073440321375,-1.62268387383777e-06,6.47731236592193
25.61,0.1405381,0.4612758,-4.4772110209738e-09,-0.831789600685615,-0.679426952890054,0.931554020100052,-0.207380320519606,0.275584114585051,-0.816983773167824,2.40423345127315,-2.43886604183627e-07,1.23738507136885
25.62,0.1242087,0.4681216,-4.18465945473998e-10,-0.00022778538084321,-0.643167770198936,0.772783909788355,-0.213811998221595,0.283311953682934,-0.792871779060932,2.50772659648484,-2.32929096011682e-08,0.000384582281002217
25.63,0.1081104,0.4734701,-2.93493424430528e-11,-9.71293307545069e-09,-0.604244092305645,0.610274595158543,-0.219854439144651,0.28941469963452,-0.768250024398763,2.6228686571332,-1.67265660539793e-09,1.95748745227104e-08
25.64,0.09250264,0.4776505,-1.33187706500529e-12,-6.78114627965222e-14,-0.561152708112726,0.447548325165204,-0.225465966225779,0.293890182886172,-0.742499637343853,2.74772211949058,-7.79555025113406e-11,1.76809351355948e-13
25.65,0.077182,0.480606,-4.35273655647718e-14,-8.68913952526868e-20,-0.515892632259444,0.285069365456465,-0.230624892548373,0.296740876540736,-0.716299203525971,2.88100362570426,-2.6242792774661e-12,3.39312636101731e-19
25.66,0.06252164,0.4827952,-8.07861359185996e-16,-2.74266613805037e-25,-0.466132288050449,0.12701337457684,-0.235286215428878,0.298011010286505,-0.68865008926551,3.01710942053024,-5.04207616022948e-14,2.17143110147494e-24
25.67,0.0482658,0.4841253,-9.89471150385598e-18,1.78443876884676e-28,-0.414311996095076,-0.026779183507049,-0.239429335389828,0.297743218451434,-0.660429311848544,-3.13011745078559,-6.42527630221165e-16,3.91275274595048e-26
25.68,0.03450536,0.484765,-7.58799698754949e-20,4.21787066892925e-25,-0.360183121625724,-0.174576350117988,-0.243031166606086,0.295997454950254,-0.631444430234404,-2.70966113144646,-5.16101052556945e-18,4.15307440764123e-23
25.69,0.02064675,0.484442,-5.88063890287806e-22,4.80618380863804e-20,-0.308509938617959,-0.318008170505259,-0.246116265992265,0.292817373245202,-0.603707271766179,-2.6117611010269,-4.20461445373482e-20,3.99460032023533e-18
25.7,0.006906512,0.4833423,-4.38563192890304e-24,3.50876080722117e-15,-0.257801368128558,-0.455278054076135,-0.248694279673551,0.288264592704441,-0.576563389246922,-2.52215410299901,-3.30718884864044e-22,2.4371277507129e-13
25.71,-0.006817062,0.4814124,-4.00611352504333e-26,5.03561986045521e-11,-0.208986713203753,-0.5864916614781,-0.250784146805588,0.28239967608966,-0.5504338376706,-2.43972799771844,-3.18858097661506e-24,3.08986762609444e-09
25.72,-0.02077678,0.4786146,-6.61587982516808e-28,1.5451342851739e-07,-0.164017857680342,-0.711663873355707,-0.252424325382392,0.275283037356102,-0.526266429027298,-2.36347291790736,-5.53990788941535e-26,8.72126944170408e-06
25.73,-0.03485603,0.4749242,-2.19021440599351e-29,0.000134416624379903,-0.121996124196912,-0.830745539706573,-0.253644286624361,0.266975581959037,-0.503665025108017,-2.29250127754222,-1.92121413737627e-27,0.00712787227727905
25.74,-0.04908348,0.4702477,-1.71990924925335e-30,0.0327852536479004,-0.0831304215823039,-0.944219584214505,-0.254475590840184,0.257533386116892,-0.482758783412364,-2.22582433223812,-1.57079756140029e-28,1.65274618452296
25.75,-0.06356925,0.4646737,-3.48890922624753e-31,0.131764209852658,-0.0481909480875196,-1.05124209898939,-0.254957500321059,0.247020965126998,-0.463968682984694,-2.16309202149272,-3.29180727161416e-29,6.36353210943835
25.76,-0.07815655,0.4582679,-1.60813401353061e-31,0.139555580936716,-0.0159288998569984,-1.15122655997038,-0.255116789319629,0.235508699527294,-0.446675955261072,-2.10386626641931,-1.5563602367135e-29,6.49796009344464
25.77,-0.09270563,0.4512989,-1.51157598564316e-31,0.143957312162007,0.0147035079705375,-1.24219254181479,-0.254969754239924,0.223086774109146,-0.430336501639955,-2.04812600021869,-1.49071119191799e-29,6.49994261345911
25.78,-0.1069163,0.4437229,-2.78991586778308e-31,0.147736897570156,0.0458535650110399,-1.32461926835824,-0.254511218589813,0.209840581425564,-0.413787289118283,-1.99514625256496,-2.78662190224539e-29,6.49999725051728
25.79,-0.1207127,0.4361314,-1.01678690713514e-30,0.150934478330248,0.077876703802211,-1.39437882326186,-0.253732451551791,0.195896793192945,-0.396796628764015,-1.94534355950504,-1.02131128849574e-28,6.49999975919572
25.8,-0.1333638,0.4288244,-1.00957540572602e-29,0.153613612729726,0.115863748906175,-1.44982660855522,-0.252573814062729,0.181398527107393,-0.376458139860081,-1.89841834930689,-1.01360471774192e-27,6.4999999621155
25.81,-0.1451573,0.4217875,-2.42761334247005e-28,0.155854895503003,0.157088987245285,-1.4917981110633,-0.251002924190277,0.16648054599676,-0.354151407198335,-1.85365301670915,-2.42859333932005e-26,6.49999999015924
25.82,-0.1553371,0.4156364,-2.02267337731561e-26,0.157690396064153,0.206602805901774,-1.51656136700466,-0.248936896131259,0.151314932326713,-0.326744039215186,-1.81114801674044,-2.02693603507327e-24,6.49999999540418
25.83,-0.1639698,0.4103432,-4.33131612139507e-24,0.159182645312489,0.263054376829938,-1.52542346393517,-0.24630635236296,0.136060697687362,-0.294665462304825,-1.77022767106107,-4.46856653280868e-22,6.49999999639127
25.84,-0.1708338,0.4060194,-1.83815601519017e-21,0.160370895287892,0.327250863136033,-1.51866854456356,-0.243033843731599,0.120874012241726,-0.256978588532926,-1.73045795315677,-2.11827546938409e-19,6.49999999530971
25.85,-0.1759546,0.4027027,-8.74021233090132e-19,0.161284068911824,0.398098940349229,-1.49718148456955,-0.239052854328107,0.105902197396031,-0.213829375528274,-1.69139455537791,-1.43085050922677e-16,6.4999999901144
25.86,-0.1792993,0.4004047,-1.21767718413431e-16,0.161939812192537,0.474972531980061,-1.46205315838208,-0.234303129008306,0.0912816658122097,-0.165045702337559,-1.65262477762938,-1.02592012224957e-13,6.49999996669453
25.87,-0.1811047,0.3990769,5.11849021283787e-14,0.162345605656326,0.555297993300119,-1.41480576431115,-0.228750149075305,0.0771336081690982,-0.111803029806462,-1.61374580464548,-5.50858301633418e-11,6.49999982386374
25.88,-0.1812312,0.3987943,-1.57697187822038e-10,0.162498862989121,0.639405738690229,-1.35602059041437,-0.222356091688403,0.0635734022649545,-0.0533662707855101,-1.57442059680096,-2.19397510117069e-08,6.49999850113931
25.89,-0.1797732,0.3994522,3.2937009550703e-08,0.162387808887568,0.725878257326322,-1.28760423964418,-0.21509730911514,0.0506973598685127,0.00973657076410959,-1.53426750418036,-5.88742388289679e-06,6.49997972441708
25.9,-0.1767684,0.4009343,7.6524826473773e-05,0.161982047294376,0.813801392918609,-1.21146490596054,-0.206959295185953,0.0385827108089074,0.07722655145234,-1.49293876799012,-0.00104516816899944,6.49956715184993
25.91,-0.172286,0.4029605,0.0179951094569085,0.160940928838759,0.902089188042897,-1.13060308269549,-0.197938403305525,0.0272766799819524,0.148577566677507,-1.45017335361604,-0.119636834580211,6.48619095189309
25.92,-0.1664674,0.4051896,0.837476441580944,0.146450280689066,0.989206594781638,-1.04827178573635,-0.188046337357708,0.016793962124589,0.222778881235981,-1.4058873288727,-3.80495280801225,5.94103928759104
25.93,-0.1593718,0.4072129,1.87938614178274,0.0261144574744422,1.07433448195865,-0.967985989352779,-0.177302992538122,0.00711410223106117,0.299257275209219,-1.36028118478274,-6.40920413057777,1.06888091288858
25.94,-0.1510395,0.408498,2.39185683329013,0.000573655258946639,1.15685941904135,-0.893891960483183,-0.165734398347708,-0.00182481737377066,0.377524791136868,-1.31403429486552,-6.49732007106297,0.0237476465518839
25.95,-0.1412728,0.4088783,2.87882523524932,1.17660623680933e-05,1.23795657261602,-0.827143243287662,-0.153354832621548,-0.0100962498066473,0.45842442241875,-1.26780234770604,-6.49989713002907,0.000493780813102955
25.96,-0.1302932,0.4077929,3.34602266799442,3.62729699394217e-07,1.3156733509144,-0.771631813464686,-0.140198099112404,-0.0178125679412941,0.540311283249693,-1.22310483265444,-6.49999459347551,1.54597596741355e-05
25.97,-0.1177218,0.4054398,3.80286987917834,1.65038330521807e-08,1.39258301593111,-0.725393121518129,-0.126272268953093,-0.0250664991564754,0.624878234063884,-1.18036417869233,-6.49999965884234,7.15388574272609e-07
25.98,-0.1029539,0.4022543,4.25791098982002,9.34890840404119e-10,1.47271290831792,-0.684830892792689,-0.111545139869914,-0.0319148080844023,0.714414816277461,-1.13923092552477,-6.49999997787411,4.12700364734966e-08
25.99,-0.08729588,0.3969852,4.66874618396645,1.36781611884494e-10,1.54589299812337,-0.658827582651725,-0.0960862098886798,-0.0385030839109196,0.801450903825843,-1.1032425396799,-6.49999999794847,6.14499551756856e-09
26,-0.06815549,0.3919779,5.07861049387785,1.42553229534482e-11,1.63105755329876,-0.629423230267892,-0.0797756343556923,-0.0447973162135985,0.896818883205368,-1.066539294889,-6.49999999985428,6.52995793986683e-10
26.01,-0.0480727,0.3852534,5.42620688698911,3.42616940677584e-12,1.7084071577355,-0.611381272266922,-0.0626915627783373,-0.0509111289362677,0.987723728787863,-1.0349351272794,-6.49999999998525,1.59789430187582e-10
26.02,-0.02550199,0.3785708,5.73086580730032,6.63862780899769e-13,1.78930645194087,-0.591191459597493,-0.0447984982589286,-0.0568230435322426,1.07931181272344,-1.00315740903029,-6.49999999999851,3.15619742749679e-11
26.03,-0.001605268,0.3711004,5.97688689637411,1.75308253175265e-13,1.86460437227823,-0.575130222716025,-0.0261524545361463,-0.0625743457594029,1.16677443850559,-0.973951951354844,-6.49999999999981,8.49165243333576e-12
26.04,0.02361688,0.3633211,6.16909433449046,4.67104007603877e-14,1.93428044635087,-0.559497751497052,-0.00680965007263765,-0.0681693232743734,1.250263385942,-0.945713365276992,-6.49999999999997,2.30581220781082e-12
26.05,0.04999496,0.3554876,6.31213577957153,1.06751864219242e-14,1.99711792207777,-0.542485929483123,0.0131615291481401,-0.0735941825692046,1.32972879411595,-0.917583747555424,-6.49999999999999,5.37450765000789e-13
26.06,0.07715075,0.3476299,6.41110969673993,2.06081818681441e-15,2.05050800060369,-0.524059775377242,0.033666609154177,-0.0788347803229771,1.40518503129383,-0.889519422648008,-6.5,1.05903936352098e-13
26.07,0.104509,0.339785,6.47144013333247,3.28649317129117e-16,2.09065061369969,-0.50414080894157,0.0545731152911738,-0.0838761884123927,1.47699605297041,-0.861449258987741,-6.5,1.72567406845318e-14
26.08,0.1320351,0.3322236,6.4980509161768,3.5589877140221e-17,2.11801783583812,-0.480969473720537,0.0757532936495551,-0.0886858831495981,1.54630045154208,-0.832392506361639,-6.5,1.91336762420017e-15
26.09,0.1590657,0.324788,6.49393074743613,2.92606812047697e-18,2.12854963626063,-0.456041034062149,0.0970387900121614,-0.0932462934902196,1.61402463742374,-0.803095375345199,-6.5,1.61360619173833e-16
26.1,0.1852241,0.3174351,6.46020206641686,1.87847303920341e-19,2.12065167842486,-0.429918070213541,0.11824530679641,-0.097545474192355,1.68154000779086,-0.773824086391407,-6.5,1.06470434922782e-17
26.11,0.2105122,0.3104871,6.39576960792117,7.10433529528632e-21,2.09569344767937,-0.400480165071594,0.139202241273204,-0.101550275843071,1.75016462103613,-0.743261997515109,-6.5,4.15479108832055e-19
26.12,0.2342629,0.3034269,6.2964486882874,2.44165370551725e-22,2.05017890775435,-0.371866044839123,0.159704030350747,-0.105268936291462,1.82177776601193,-0.713846536240017,-6.5,1.47638684528686e-20
26.13,0.2565967,0.2965807,6.15557153980393,5.61151291569585e-24,1.9866920941891,-0.341794069775855,0.179570951292638,-0.108686876989221,1.89787052464254,-0.684118747541545,-6.49999999999999,3.52353430345535e-22
26.14,0.2771295,0.2895678,5.9615145215351,1.24781031086271e-25,1.90406631231354,-0.313280715713987,0.198611614415773,-0.111819684146361,1.98079392349852,-0.655989316354531,-6.49999999999995,8.15730279667054e-24
26.15,0.2958346,0.2823485,5.69846527707608,2.87284122777248e-27,1.80391400965519,-0.286643693318005,0.216650754512325,-0.114686121079541,2.07274058407392,-0.629680555527522,-6.4999999999993,1.95988661730147e-25
26.16,0.3126716,0.2749547,5.34503173056243,6.8249320343837e-29,1.68772712451674,-0.261648238900209,0.233528025757493,-0.117302603468543,2.17616231539683,-0.605037312257112,-6.49999999998255,4.86755397965874e-27
26.17,0.3276638,0.2671914,4.8752017286893,2.20189454918807e-30,1.55743879117688,-0.239712858327625,0.249102413669262,-0.119699732051819,2.29339175538386,-0.583052258109783,-6.49999999917186,1.63890802572346e-28
26.18,0.3408312,0.2590552,4.26178199520712,1.02032985901159e-31,1.41489409072451,-0.220745745123773,0.263251354576507,-0.121907189503057,2.42638867322996,-0.563662993043885,-6.49999991923501,7.90027082147938e-30
26.19,0.3523944,0.2507274,3.49161007118224,5.58143504742451e-33,1.26332524614645,-0.203310918116559,0.275884607037971,-0.123940298684222,2.57484420530313,-0.545820665272989,-6.49998296521698,4.48564379577526e-31
26.2,0.3624961,0.2422971,2.55867665517666,3.28939372444705e-34,1.10521651692414,-0.186734422173791,0.286936772207212,-0.12580764290596,2.73635280320413,-0.529011066799864,-6.49145394647937,2.73864484134126e-32
26.21,0.3712412,0.2337016,0.535900262520993,2.34032506597659e-35,0.942630626068574,-0.171487034020739,0.296363078467898,-0.127522513246168,2.90593498911233,-0.513558107677455,-2.30696180390325,2.01205443445655e-33
26.22,0.3789878,0.2253482,5.30745006802595e-05,1.16423022361282e-36,0.77934497997845,-0.154592374962215,0.304156528267683,-0.12906843699579,3.07463420290332,-0.4972219940832,-0.000868154103735689,1.03438709555646e-34
26.23,0.3858317,0.2172312,-4.82688992713454e-11,4.29398582984726e-38,0.616962667887041,-0.136292962483672,0.310326154946553,-0.130431366620626,-3.04788108111817,-0.480159552311477,-5.95150341744419e-08,3.94037345788565e-36
26.24,0.3919978,0.2095296,-8.98498962429989e-15,9.94592852940823e-40,0.457903668115744,-0.115482797473796,0.314905191627711,-0.131586194595364,-2.90131941085751,-0.461491282291294,-1.13838411931317e-12,9.42109773784154e-38
26.25,0.3976793,0.2025392,-9.65077642161288e-20,1.18840104203423e-41,0.304163019028703,-0.0903017481183959,0.317946821817998,-0.132489212076548,-2.77175240608852,-0.439709967220541,-9.67933976147016e-18,1.16020548976091e-39
26.26,0.4029628,0.1959975,-2.6263041001457e-24,1.68486940858279e-43,0.156791894184398,-0.0630943864668083,0.319514740759842,-0.133120155941216,-2.65894223013638,-0.416548765611328,-2.39908850590364e-22,1.68014227667206e-41
26.27,0.4080112,0.1904149,-1.60826474227604e-26,4.20499175029338e-45,0.0172837985520324,-0.0304482794441903,0.319687578745362,-0.133424638735658,-2.56172850869753,-0.389132436140879,-1.20473384207244e-24,4.22583520006182e-43
26.28,0.412845,0.1856343,-1.95470069065534e-25,1.21925804502117e-45,-0.114049186143315,0.00593775535808838,0.318547086883929,-0.133365261182078,-2.70276910916401,-0.358605709462071,-1.91030620305846e-23,1.22053457685249e-43
26.29,0.417468,0.1816891,-5.19837603544336e-22,1.62101490058975e-44,-0.237082234599342,0.0458474885712015,0.316176264537935,-0.132906786296365,-2.63140883818557,-0.324888342126036,-4.50018282521677e-20,1.62553496310134e-42
26.3,0.4218553,0.1786607,-3.75592227021495e-18,8.38754492584326e-42,-0.351953340837508,0.0894081956109858,0.31265673112956,-0.132012704340256,-2.56645723028048,-0.28755630550596,-2.84054036178454e-16,8.76608764162366e-40
26.31,0.4259056,0.1762539,-1.32924607852296e-14,2.20449588437933e-38,-0.459383692369435,0.133988918214399,0.308062894205866,-0.130672815158112,-2.50670723210122,-0.24863293507698,-8.9883990848899e-13,2.65109604674714e-36
26.32,0.4295581,0.1745473,-1.588255169613e-11,6.37620969699537e-35,-0.559788898751901,0.179851687240824,0.302465005218347,-0.128874298285703,-2.45126273843111,-0.20762989831978,-9.89080932519468e-10,1.14258160146388e-32
26.33,0.4326681,0.1731887,-7.1163171914542e-09,3.07086126467726e-32,-0.654199842591414,0.224110676468058,0.295923006792433,-0.126633191521023,-2.3990932469856,-0.167057301441204,-4.16522091584485e-07,2.21031843582035e-29
26.34,0.4352017,0.1724472,-1.36737749712231e-06,-2.85001704774847e-29,-0.742796329248957,0.268597661756218,0.288495043499943,-0.123947214903461,-2.34967850815813,-0.124995147871509,-7.61793423315139e-05,2.31238244564842e-26
26.35,0.4370042,0.1719274,-0.000135430178291718,1.91419570131098e-26,-0.826654408333788,0.310194790729586,0.280228499416605,-0.120845266996165,-2.30223393869171,-0.0843977938568937,-0.00723889794527306,8.48783203329447e-24
26.36,0.4381926,0.1718819,-0.00688896151580901,1.31174644887882e-23,-0.904822590491793,0.350721886813792,0.271180273511687,-0.117338048128027,-2.25682541191284,-0.0433335692373426,-0.355284600207279,1.63307743860929e-21
26.37,0.4384546,0.171627,-0.0866050454052286,3.05413442669796e-22,-0.979562052024036,0.385087029786376,0.261384652991447,-0.113487177830163,-2.21242138645983,-0.0071457025705182,-4.32453979414822,9.88803794832176e-20
26.38,0.4376937,0.1711375,-0.131413819671307,-3.78391709261862e-20,-1.05142082110402,0.413368353874109,0.250870444780407,-0.109353494291422,-2.16870991135915,0.0239988065862016,-6.36993969942906,2.31309689875204e-18
26.39,0.4364027,0.170883,-0.137533444571168,-1.65033555161011e-18,-1.1166461071892,0.439258629646901,0.239703983708515,-0.104960907994953,-2.12667549857411,0.0540068574112559,-6.4915386484179,3.56287994868685e-17
26.4,0.4340141,0.1700461,-0.141105901052349,-1.48067006795994e-17,-1.17948343650655,0.456868816494355,0.227909149343449,-0.100392219830009,-2.08494485748963,0.0760070509134628,-6.49932348295114,2.06290411695015e-16
26.41,0.4315546,0.1697027,-0.144162616956495,-1.12956115127656e-16,-1.23231671173116,0.474497738369404,0.215585982226138,-0.0956472424463154,-2.04536524777886,0.0993298907427112,-6.49991098126399,1.1404029231536e-15
26.42,0.4280823,0.1686054,-0.146995826308273,-2.78697270517621e-16,-1.28241554651052,0.48301188452669,0.202761826761032,-0.0908171236010485,-2.00596380131871,0.112888507919291,-6.49998608790853,2.44348606517243e-15
26.43,0.4244889,0.1676919,-0.149517665702858,-5.59177217478175e-16,-1.32323440543374,0.489816917823552,0.189529482706695,-0.085918954422813,-1.96809734423197,0.125184774852922,-6.49999675970277,4.40183657036911e-15
26.44,0.4207616,0.1668309,-0.151762672188924,-8.43139230810612e-16,-1.35531250487308,0.494047725032111,0.175976357657964,-0.0809784771724919,-1.93144096917067,0.134967532680892,-6.49999892990226,6.1546286826542e-15
26.45,0.4169888,0.1661058,-0.153750436553373,-1.04828879470182e-15,-1.37846307619176,0.496470625320449,0.162191726896047,-0.0760137709192874,-1.8958530642401,0.143011686100331,-6.49999950583023,7.23058975343965e-15
26.46,0.4132923,0.1655042,-0.155497229547592,-1.08152547539442e-15,-1.39231671118408,0.497111724373313,0.148268559784206,-0.0710426536755543,-1.86123669941797,0.149157975554654,-6.49999968115515,7.16349625589553e-15
26.47,0.4098059,0.1651678,-0.157018376351581,-1.04850545760945e-15,-1.39649568603591,0.497121306997449,0.134303602923847,-0.0660714406055798,-1.82750088307083,0.154854745978939,-6.49999971094871,6.70113697027663e-15
26.48,0.4066155,0.1655967,-0.158330297291048,-1.41605610306085e-15,-1.39104661267697,0.500164840781387,0.120393136797077,-0.0610697921977659,-1.79449937587792,0.165588689203601,-6.49999963288387,8.49651583131455e-15
26.49,0.4036275,0.166656,-0.159451827722134,-2.32954893059869e-15,-1.37736737585075,0.505027720399534,0.106619463038569,-0.0560195149937706,-1.76193462769017,0.180087363829047,-6.49999937545995,1.29255372075586e-14
26.5,0.4007327,0.1686787,-0.160394900327683,-5.86962861141369e-15,-1.35691330843141,0.513959827466113,0.0930503299542553,-0.0508799167191094,-1.72955194793424,0.202507691871237,-6.49999863739254,2.91916253309339e-14
26.51,0.3977437,0.1718079,-0.161166457882904,-2.37689187689036e-14,-1.33163632791054,0.527651079804189,0.0797339666751499,-0.0456034059210676,-1.69709609678086,0.235045286291511,-6.49999641263964,1.02578025463611e-13
26.52,0.394369,0.1761823,-0.161768042760162,-1.57389257784644e-13,-1.30412739930007,0.546684132989199,0.0666926926821492,-0.0401365645911756,-1.66432440305246,0.280001188261937,-6.49998956352526,5.72932352322572e-13
26.53,0.3905354,0.1819866,-0.162193943594146,-1.73915395633405e-12,-1.27521982956656,0.571903158016334,0.0539404943864837,-0.0344175330110122,-1.63119158449878,0.340323818510427,-6.49996732243901,5.22744348776468e-12
26.54,0.3858543,0.1892292,-0.162437464229238,-2.83083342326882e-11,-1.24797805363964,0.602780159996717,0.0414607138500873,-0.0283897314110451,-1.59758986548789,0.416449424712207,-6.49990214511451,6.99710154667548e-11
26.55,0.3801235,0.1978733,-0.16248908020052,-5.8871679583092e-10,-1.22388549643912,0.638469010513418,0.0292218588856961,-0.0220050413059109,-1.56358813153712,0.507617676460248,-6.49973717382994,1.21002361782215e-09
26.56,0.3733605,0.2079739,-0.162340326705137,-1.46656068121414e-08,-1.20270502248133,0.678821224212065,0.0171948086608828,-0.0152168290637902,-1.52934404297337,0.61328158961708,-6.49936511405838,2.5476423433281e-08
26.57,0.3653753,0.2193661,-0.161987380091388,-3.69016888487849e-07,-1.18570465495605,0.722083272622227,0.00533776211132231,-0.00799599633756795,-1.49503565088161,0.728916418463571,-6.49870048814236,5.54126373277658e-07
26.58,0.3563967,0.2320198,-0.16142805620061,-8.81957551145867e-06,-1.17100308029671,0.767588716558405,-0.00637226869164477,-0.000320109171983907,-1.4608020252852,0.85088109083287,-6.49757602582086,1.17312303725201e-05
26.59,0.3464192,0.245735,-0.160665329652664,-0.000177263495956529,-1.15853944469913,0.81347686659531,-0.0179576631386361,0.0078146594939692,-1.4267873388937,0.973550915248485,-6.49588387307237,0.000214368668981129
26.6,0.3357084,0.2603467,-0.15969038894513,-0.00279434597748771,-1.14627912085972,0.858271152212922,-0.0294204543472333,0.0163973710160984,-1.39298504260019,1.09278774649478,-6.49306923700042,0.00314695904424421
26.61,0.3245103,0.2756394,-0.158466265224527,-0.0321861455218316,-1.13247629725155,0.900244487804508,-0.0407452173197488,0.0253998158941435,-1.35931166363467,1.20569235718496,-6.48750959775435,0.0344562618415027
26.62,0.3130781,0.2913767,-0.156866218633434,-0.249777467701449,-1.11546888886838,0.937654656981112,-0.0518999062084326,0.0347763624639546,-1.32560483596184,1.31105604865696,-6.47400908521883,0.258442260441714
26.63,0.3016711,0.3073213,-0.15441028714216,-1.14484225773391,-1.09368620447002,0.968904827026531,-0.0628367682531328,0.0444654107342199,-1.29162893884276,1.40912712139883,-6.43270603049526,1.15996064991079
26.64,0.2905026,0.3232265,-0.148938294070795,-2.75513269035629,-1.0660317836584,0.992475100146223,-0.0734970860897168,0.0543901617356822,-1.25713411146715,1.50107907624573,-6.27226481690711,2.76183857169546
26.65,0.279758,0.3388792,-0.129401987934646,-3.98837199631713,-1.0317216365722,1.00723962653291,-0.0838143024554387,0.0644625580010113,-1.22185280423168,1.58868026946117,-5.51775906427314,3.98900957383461
26.66,0.2695275,0.3540538,-0.0661033728135928,-4.37322153787527,-0.990754466123294,1.01211015951195,-0.0937218471166717,0.0745836595961308,-1.18560355772173,1.67395293471252,-2.85912276882358,4.39658177313181
26.67,0.2598628,0.3685668,-0.0100916691591866,-3.96970672609515,-0.943443092409034,1.00643222244341,-0.103156278040762,0.0846479818205649,-1.14824318077678,1.75910403669533,-0.443639527596006,4.0411082740533
26.68,0.2507257,0.3822347,-0.000658438051552705,-2.67264619720759,-0.890764355213838,0.989654586210744,-0.1120639215929,0.0945445276826724,-1.10977648060565,1.84652711688224,-0.0294833702331292,2.77751200369213
26.69,0.241944,0.3948773,-2.82480397927145e-05,-0.953478662440343,-0.834621990336901,0.961350127660408,-0.120410141496269,0.104158028959276,-1.07049756055284,1.93894319458874,-0.00129115701151682,1.02192123763064
26.7,0.2336462,0.4064439,-7.77452353913185e-07,-0.142871092092299,-0.774623893069176,0.922120087653148,-0.128156380426961,0.113379229835808,-1.03012984025314,2.03897133989028,-3.63616233141302e-05,0.160091939219607
26.71,0.2252392,0.4165993,-1.77289530626911e-08,-0.00861069601526035,-0.71565082174043,0.870522502341865,-0.135312888644365,0.122084454859227,-0.990085209234424,2.15120820386219,-8.49856320149673e-07,0.0102966262038609
26.72,0.216914,0.4255298,-3.01757179921354e-10,-0.000234651762994164,-0.656548577269614,0.809060664712298,-0.141878374417062,0.13017506150635,-0.95001453331312,2.27775485931511,-1.48522375094075e-08,0.000308633182208888
26.73,0.2081341,0.4328087,-5.11165071242753e-12,-2.17455778486367e-06,-0.60151217071096,0.735675463608887,-0.147893496124171,0.137531816142438,-0.911545368357019,2.42540026919456,-2.58468581219777e-10,3.31283383126334e-06
26.74,0.1990548,0.4386372,-8.06532086868786e-14,-6.20475400206043e-09,-0.549404767408701,0.65306418431496,-0.153387543798258,0.144062457985588,-0.874428615546066,2.59497540300317,-4.19239692374906e-12,1.19287491220997e-08
26.75,0.1894728,0.4429195,-1.38317700370551e-15,-3.71468603404492e-12,-0.501748766207241,0.561631995742584,-0.158405031460331,0.149678777943014,-0.839482579748881,2.78707104923137,-7.39248407351283e-14,1.07276550192805e-11
26.76,0.1793469,0.4456393,-2.77297267466388e-17,-2.38128954037038e-16,-0.458761515707165,0.462377038182872,-0.162992646617402,0.154302548324843,-0.807005722517392,2.99640308348943,-1.5238357158806e-15,1.61866360436476e-15
26.77,0.1686761,0.4467671,-6.84095295759907e-19,1.02080245189256e-22,-0.420327990438835,0.356173782556576,-0.167195926521791,0.157864286150408,-0.777115913894068,-3.07097011711206,-3.86501452508747e-17,2.20465774651658e-20
26.78,0.1576897,0.4464744,-1.82296986471176e-20,1.35147155422422e-28,-0.384648728114058,0.245325788885543,-0.171042413802931,0.160317544039264,-0.749043468928127,-2.86469873424362,-1.05956662375599e-18,1.44887401395642e-26
26.79,0.1465093,0.4447995,-4.91512134247984e-22,5.59787375602718e-36,-0.350821068003764,0.131031479381111,-0.174550624482969,0.161627858833075,-0.722377480301037,-2.67840057244608,-2.94230780745871e-20,5.28820861831977e-34
26.8,0.1354829,0.441969,-1.01963223051474e-23,3.34317250108761e-41,-0.316358351879519,0.0157862311144115,-0.177714208001764,0.161785721144219,-0.695806424237727,-2.51816454830997,-6.30474512043258e-22,2.30571342140249e-39
26.81,0.1249215,0.4381684,-1.24266621668409e-25,6.60507683748099e-38,-0.279227117904917,-0.0983890374906338,-0.180506479180813,0.160801830769313,-0.668153500544711,-2.38347217803784,-7.9784513952039e-24,3.80299139475693e-36
26.82,0.1149724,0.433427,-7.86090697489408e-28,3.67638076394413e-31,-0.238737968913995,-0.210753917942352,-0.182893858869953,0.158694291589889,-0.638899948167362,-2.94162052074368,-5.28013766941783e-26,7.55639603026906e-29
26.83,0.1057407,0.4278362,-2.50701458979964e-30,2.40433435223266e-24,-0.194578423372239,-0.320179948435511,-0.184839643103676,0.155492492105534,-0.607685185796636,-2.81363947794607,-1.77915828808096e-28,2.40845573453253e-22
26.84,0.09775054,0.4218202,-3.12354027403767e-33,2.89341753326314e-19,-0.143442826834981,-0.423228587710526,-0.186274071372025,0.151260206228429,-0.572218200788496,-2.69424059158108,-2.37635329456824e-31,2.7977557108301e-17
26.85,0.09105916,0.415481,-3.70890972904919e-36,3.21579360289713e-15,-0.0856836906390299,-0.519074014724636,-0.187130908278416,0.146069466081182,-0.53223625746777,-2.58415863435791,-3.06710037141956e-34,2.52236058127886e-13
26.86,0.08578473,0.4089635,-4.22789069524926e-38,5.12922392348074e-12,-0.0212224499561202,-0.606677696344523,-0.187343132777977,0.140002689117737,-0.487081228990543,-2.48362850481294,-3.8304016822209e-36,3.34309237681139e-10
26.87,0.08195732,0.4025238,-1.34326257002123e-37,1.63926146730337e-09,0.0493393623599836,-0.68431289003,-0.186849739154377,0.133159560217437,-0.436431958840849,-2.39292309633433,-1.31632725174712e-35,9.53166088612927e-08
26.88,0.07960441,0.3963229,-2.0982209888159e-34,1.46831666182485e-07,0.125391531444851,-0.751119732135663,-0.185595823839929,0.125648362896081,-0.379899476159921,-2.31119848794846,-2.10749298348135e-32,7.90715808354372e-06
26.89,0.07861694,0.3904296,-6.45581832262591e-30,4.77772189753601e-06,0.205349378035642,-0.807023662523752,-0.183542330059572,0.117578126270843,-0.317840913151067,-2.23701730513171,-6.49656586410534e-28,0.000242808329037473
26.9,0.07885277,0.3848359,-1.91704149826644e-25,6.91582284639042e-05,0.287481524018812,-0.852568296105442,-0.180667514819384,0.109052443309789,-0.250891933593962,-2.16874834299461,-2.27700083676918e-23,0.00335234799749852
26.91,0.08011792,0.3797761,-7.82889730322679e-22,0.000463497226204806,0.36979402228058,-0.886559161725671,-0.176969574596578,0.100186851692532,-0.180163659070146,-2.10603872822772,-2.81773544752103e-19,0.0216087058497391
26.92,0.0820688,0.3748796,6.00811569863031e-19,0.00185445819956528,0.44935223192623,-0.912327063842389,-0.172476052277316,0.091063581054108,-0.107990046713509,-2.04616932046042,-8.59891257408641e-16,0.0836473689226145
26.93,0.08459625,0.370395,-6.13400019018392e-15,0.0042802894929069,0.525143715168959,-0.928523822286298,-0.167224615125626,0.081778342831245,-0.0352505737632791,-1.98922619642699,-7.50693817284052e-13,0.187813709051673
26.94,0.08719467,0.3658367,4.58661367567725e-12,0.00729776017699513,0.593379342118112,-0.939263868130711,-0.161290821704445,0.0723857041499379,0.0341706934571513,-1.93284351923958,-1.79256857231099e-10,0.312732737401281
26.95,0.08981864,0.3614298,1.50948676286769e-09,0.0087839162452633,0.653913098615984,-0.943248077563672,-0.154751690718285,0.0629532233743012,0.0998147312142414,-1.87727195075958,-1.51554826505239e-08,0.369045248028521
26.96,0.09196509,0.3568862,6.94512952660077e-08,0.00857718160680204,0.703337667990247,-0.943022980764059,-0.147718314038383,0.0535229935666606,0.15770237812808,-1.82131931939202,-4.36282361815252e-07,0.354479791474799
26.97,0.09395093,0.3523083,1.26937155638636e-06,0.00662958241556157,0.74448410616502,-0.938147898208919,-0.140273472976733,0.0441415145845714,0.210466811336032,-1.76496742044164,-6.08761591195079e-06,0.270417410289629
26.98,0.09551129,0.3476053,1.03247355317599e-05,0.00422599264778545,0.775811959143898,-0.929634066105935,-0.132515353385294,0.0348451739235121,0.25602682479622,-1.7077991675756,-4.10176624539515e-05,0.170687375169565
26.99,0.09632324,0.3426375,3.67125979812522e-05,0.00235792774417101,0.795523546681709,-0.918796630180776,-0.124560117918477,0.0256572076217043,0.29168879745614,-1.6495035356671,-0.000128388683508508,0.0946188939859792
27,0.09664891,0.3372986,7.17786738291795e-05,0.00120920983855371,0.806246621403227,-0.90662315130679,-0.116497651704444,0.0165909761086364,0.319658302521625,-1.59003797871709,-0.000229426964975747,0.0483776199510427
27.01,0.09675245,0.3317042,9.26567175245692e-05,0.000547754628079692,0.81048150035115,-0.89243290812228,-0.108392836700933,0.00766664702741363,0.342167446421734,-1.5296049785383,-0.000277031687713516,0.0219293494261115
27.02,0.09675951,0.3257404,8.65832763958661e-05,0.000231429946553162,0.809580162824682,-0.877264297939638,-0.100297035072686,-0.00110599595198275,0.360213254521819,-1.46836580508497,-0.000246186664400498,0.00930745736792954
27.03,0.09718759,0.3196213,7.6287686772416e-05,8.38700167755954e-05,0.807660145140584,-0.859712850009114,-0.0922204336212801,-0.00970312445207389,0.378856069678166,-1.40641297076023,-0.000206524277141038,0.00340204354667972
27.04,0.09805461,0.3129788,6.42098970289454e-05,3.07540773280681e-05,0.804931347426873,-0.842700960473072,-0.0841711201470114,-0.0181301340568046,0.398497627696135,-1.3443998585824,-0.000165547409286413,0.00126336174290588
27.05,0.1002604,0.3064115,7.91612639606951e-05,8.81142675882717e-06,0.807974700009404,-0.82194069863462,-0.0760913731469174,-0.0263495410431508,0.429640928648051,-1.28164504517219,-0.000189958331599504,0.00036818438508527
27.06,0.1040582,0.2998076,0.000155568851810292,2.08678541408846e-06,0.818184110112267,-0.798616129505239,-0.0679095320457947,-0.0343357023382032,0.476543747917355,-1.21839187297168,-0.000338831061734376,8.90968610729928e-05
27.07,0.1098698,0.2933092,0.000557101742153477,3.83784729901082e-07,0.838034061288194,-0.772000368747078,-0.0595291914329127,-0.042055706025674,0.545538554031742,-1.15431312083678,-0.00107293236360181,1.68252263677873e-05
27.08,0.1182128,0.2872115,0.00411844542672144,4.74976670198565e-08,0.870460129618126,-0.740329396339498,-0.0508245901367315,-0.049458999989069,0.643036745282439,-1.08833300577372,-0.00686831405409954,2.15036932665457e-06
27.09,0.1286999,0.2808625,0.0456705913120697,5.46537454575895e-09,0.911572221622162,-0.70884682421915,-0.0417088679205099,-0.0565474682312605,0.761779325638038,-1.02310212515878,-0.0661803742103333,2.56690141198487e-07
27.1,0.1433785,0.276711,1.17198630013261,1.56830986850458e-10,0.975325796267336,-0.659982985108851,-0.0319556099578365,-0.063147298082349,0.914876433552835,-0.946884280046883,-1.47888564422146,7.73559967554734e-09
27.11,0.160234,0.2723759,5.13565112925711,3.87558587025454e-12,1.04516193453661,-0.61247335674523,-0.0215039906124704,-0.0692720316498013,1.06739156294838,-0.871134318530733,-5.86272731640847,2.01967233506261e-10
27.12,0.1797408,0.2687164,6.07048350669336,4.76384159644456e-14,1.12369044854099,-0.560250977850589,-0.0102670861270606,-0.0748745414283072,1.21287698121595,-0.791048354076791,-6.48101536680207,2.65616596957927e-12
27.13,0.2012509,0.265388,6.32977427828748,3.32301894054705e-16,1.20516702815181,-0.506419102279309,0.00178458415445751,-0.0799387324511003,1.34175682100086,-0.708917821948648,-6.49942391179137,2.02131443831005e-14
27.14,0.2250247,0.2630257,6.45577181977722,7.19688334471294e-19,1.29081574671791,-0.446781830364062,0.0146927416216366,-0.0844065507547409,1.4540690439225,-0.619983494547999,-6.49998145218432,4.99396841027049e-17
27.15,0.2501018,0.2613188,6.49859975228797,4.81738527550932e-22,1.37291947027672,-0.384318239351684,0.0284219363244038,-0.0882497331482577,1.5500402016407,-0.526656663294718,-6.4999991566497,4.03062055831964e-20
27.16,0.2757479,0.2597382,6.48724400990509,1.38876348143512e-25,1.44596982857561,-0.323386149234903,0.0428816346101599,-0.0914835946406067,1.63347126943882,-0.434246770169108,-6.49999993756801,1.36415126026926e-23
27.17,0.301629,0.2583916,6.43866067159605,1.41093206314074e-29,1.50779677374654,-0.263413896510324,0.0579596023476253,-0.09411773360571,1.70832028958768,-0.342562881020405,-6.49999999241874,1.41036721792468e-27
27.18,0.3272488,0.2572871,6.36116780788033,2.83511051656265e-34,1.55526892788024,-0.204587682381472,0.0735122916264277,-0.0961636104295247,1.77789967713376,-0.252254510186227,-6.4999999984209,3.34342961135083e-32
27.19,0.3521409,0.256179,6.25718743745867,2.95808233916073e-40,1.58577162078678,-0.148909107804789,0.0893700078342954,-0.0976527015075726,1.84505514332711,-0.166604217838722,-6.49999999941595,2.201962867734e-37
27.2,0.3759726,0.2550315,6.12523011032718,1.285334491394e-45,1.59793349231184,-0.0967007352505025,0.105349342757414,-0.0986197088600776,1.91210727948031,-0.0864276922250941,-6.49999999961284,6.69262640677664e-43
27.21,0.3983927,0.2536685,5.96037027088553,5.43423607399305e-50,1.59044412411093,-0.0492568502172865,0.121253783998523,-0.0991122773622505,1.98123544011799,-0.0138174369206182,-6.49999999952786,1.0371830357868e-47
27.22,0.4191071,0.2519917,5.75449554807948,-2.07986999851565e-51,1.56260551008747,-0.00719032535674025,0.136879839099398,-0.0991841806158179,2.05452153971594,0.0503427262484217,-6.49999999890994,4.91977301039481e-50
27.23,0.4380088,0.2501917,5.49751424392319,-4.2360688778322e-50,1.51523518441901,0.0310467676525885,0.152032190943588,-0.098873712939292,2.13364181452304,0.108607068906957,-6.499999995212,3.87197309221025e-49
27.24,0.454792,0.2478404,5.17345057405477,-2.0501034843056e-47,1.44775852665839,0.0624385451775353,0.166509776210172,-0.0982493274875166,2.22106747139612,0.156654770663385,-6.4999999568054,1.29598333084556e-46
27.25,0.468633,0.2442016,4.7503668097994,-2.15285473126315e-45,1.35600394470154,0.0819971762433447,0.180069815657187,-0.0974293557250832,2.32193827137812,0.187214159295301,-6.49999897653856,1.15217286144118e-44
27.26,0.4817039,0.2414654,4.25309570770755,-1.00186717134707e-42,1.25791758113915,0.106309013599805,0.192648991468579,-0.0963662655890851,2.42815372347741,0.225415006647359,-6.49996210461711,4.50091531927807e-42
27.27,0.4917902,0.2374183,3.61626772116126,-2.15806331048824e-41,1.13843720567495,0.118906623456269,0.204033363525328,-0.0951771993545225,2.55137026564611,0.246622997671788,-6.49549290736182,8.89069332822503e-41
27.28,0.4996963,0.2327952,2.27979415359842,-1.05559823606061e-40,1.00555504485192,0.125886746209403,0.214088913973847,-0.0939183318924284,2.68803529722286,0.259853937884927,-5.19894124342101,4.13349370013472e-40
27.29,0.5055424,0.227633,0.00575155352479173,-1.41642749398805e-40,0.86180751818895,0.127889257252079,0.222706989155737,-0.0926394393199076,2.83627048600247,0.265859870322281,-0.0192315010557442,5.42419605781116e-40
27.3,0.5095573,0.2220265,4.46796398111315e-07,-6.78733554320411e-41,0.710394070344698,0.125952399197205,0.229810929859184,-0.0913799153279356,2.99146481130385,0.265941978475796,-2.94106885255324e-06,2.59842051897914e-40
27.31,0.5117064,0.2160125,-1.80474331132207e-13,-1.30382449017263e-41,0.552417299852529,0.120641580807099,0.235335102857709,-0.0901734995198646,-3.13385513070756,0.260680085562533,-5.45726549987593e-11,5.08972756743015e-41
27.32,0.5124973,0.2097506,-5.99102938904521e-20,-1.4148392700996e-42,0.392862625584925,0.113386276126516,0.239263729113559,-0.0890396367585994,-2.98189006779553,0.252051596199354,-8.91657682551877e-17,5.70696563245592e-42
27.33,0.5119199,0.2033393,-1.20344155406431e-25,-1.08032857532232e-43,0.232614364767429,0.105080285256179,0.241589872761233,-0.0879888339060376,-2.83940975178915,0.241322362477045,-1.22835516157649e-23,4.54525509447319e-43
27.34,0.5102807,0.1969251,-1.06712105592449e-31,-8.07712333276846e-45,0.0747899275931303,0.0969069873207218,0.242337772037164,-0.0870197640328304,-2.71026861203822,0.230345163913226,-1.0513681841168e-29,3.55416991015558e-44
27.35,0.507723,0.1905845,-1.44418135456478e-31,-7.12463732603533e-46,-0.078911443619095,0.0894570649337929,0.241548657600973,-0.0861251933834925,-2.59516707483482,0.220127034239974,-1.15917435846602e-29,3.27419058048403e-45
27.36,0.5044857,0.1844396,-2.59478816131723e-26,-9.80296328936252e-47,-0.226243944550969,0.0836037787022477,0.239286218155463,-0.08528915559647,-2.93748367997219,0.212212297659293,-4.93256997760548e-24,4.66464543877207e-46
27.37,0.5007002,0.1786214,-5.58285916675593e-20,-2.77819048560921e-47,-0.365934387840561,0.0802122322091634,0.235626874277058,-0.0844870332743784,-2.82145041656671,0.208204388963451,-5.61070856193832e-18,1.34604140666791e-46
27.38,0.4964604,0.1730121,-5.72417575445788e-15,-1.21264033707376e-47,-0.497114834201113,0.0782747880650287,0.230655725935047,-0.0837042853937281,-2.71377418257603,0.206548726994037,-5.65859402297454e-13,5.91972020477565e-47
27.39,0.4917504,0.1674325,-6.95390334133411e-11,-5.37696608096245e-48,-0.619817457207688,0.0764045293800777,0.22445755136297,-0.0829402400999273,-2.61409934646819,0.204941326903189,-5.80803140513523e-09,2.64426116696335e-47
27.4,0.486661,0.1620567,-1.40867708902649e-07,-3.57726936375889e-48,-0.733343373493106,0.075867094649114,0.217124117628039,-0.0821815691534362,-2.52224939669315,0.205591967201583,-9.78610964238131e-06,1.75396859547734e-47
27.41,0.4812233,0.1566806,-6.76530090009438e-05,-2.21053437372001e-48,-0.837526979220282,0.0750971222282004,0.208748847835836,-0.0814305979311542,-2.43745875813886,0.205833133190769,-0.00413946871478297,1.08264877494674e-47
27.42,0.4754153,0.1511676,-0.00990108403713352,-9.36608561857984e-49,-0.932646060299696,0.0731296345597858,0.199422387232839,-0.0806993015855563,-2.35866167986917,0.20394170097428,-0.556282185194062,4.62726307773509e-48
27.43,0.4693309,0.1454339,-0.105021543520762,-2.31221351850292e-49,-1.01816528634191,0.069459423660609,0.18924073436942,-0.0800047073489502,-2.28529383333966,0.198936184707574,-5.53701314501887,1.16929712109009e-48
27.44,0.4630188,0.1394133,-0.129038542150707,-3.0083698025003e-50,-1.09396830229942,0.0637528645874177,0.178301051346426,-0.0793671787030761,-2.21658947544605,0.190097721776552,-6.46237286176569,1.5872857157143e-49
27.45,0.4567346,0.1332069,-0.135462374900382,-2.82508707248522e-51,-1.15849892141312,0.0569215698778551,0.166716062132295,-0.0787979630042975,-2.15246831654683,0.178948262853538,-6.49751449474356,1.57678002237633e-50
27.46,0.4503548,0.1265928,-0.140581790402209,-1.31928631410991e-52,-1.21311761619931,0.0474815080755153,0.154584885970301,-0.0783231479235423,-2.09163052680093,0.162694570243136,-6.4997227539793,8.04785247553065e-52
27.47,0.4442858,0.1199223,-0.144972874402781,-8.14758682754732e-54,-1.25530213840081,0.0382128637455779,0.142031864586293,-0.0779410192860866,-2.03438705771135,0.146353441557006,-6.49994537601286,5.49580651103246e-53
27.48,0.4386147,0.1133223,-0.148742675277713,-9.14443333033393e-55,-1.28509198969014,0.0300708086754229,0.129180944689392,-0.0776403111993323,-1.98005765062422,0.131769560456224,-6.49998192658331,6.83600504081711e-54
27.49,0.4332667,0.10656,-0.151980296708562,-1.32218015272935e-55,-1.30375784204719,0.021338647922164,0.11614336626892,-0.0774269247201107,-1.92770226016263,0.115820666766583,-6.49999072650488,1.12811903767784e-54
27.5,0.4285048,0.1001273,-0.154715859243622,-4.73551174525446e-56,-1.31009629966258,0.0156606530284167,0.103042403272294,-0.0772703181898265,-1.87717685908056,0.105397931419954,-6.4999924003657,4.47316956667165e-55
27.51,0.4242655,0.09398912,-0.15700963506467,-2.89591461548922e-56,-1.30541669015822,0.0125930531871257,0.089988236370712,-0.0771443876579553,-1.82770174092793,0.099787292010022,-6.49999058147095,2.90845280379495e-55
27.52,0.4205295,0.08824203,-0.158896326080973,-2.70109710660604e-56,-1.29067569308056,0.0126633574085178,0.0770814794399065,-0.0770177540838701,-1.77867915040979,0.100057798903568,-6.499982884103,2.70445743063184e-55
27.53,0.4172408,0.08306809,-0.160394490449852,-4.45352853372598e-56,-1.26707606718462,0.0169592736935344,0.0644107187680603,-0.0768481613469348,-1.72952754807815,0.108327814780948,-6.4999558677991,4.08216615398296e-55
27.54,0.4142949,0.07843142,-0.161504666778763,-1.63085650139308e-55,-1.23613552397575,0.0248944500834387,0.0520493635283028,-0.0765992168461004,-1.67968365729603,0.12355808289866,-6.49984498774988,1.30107241248419e-54
27.55,0.4115325,0.07452802,-0.162202466011975,-2.85119879224249e-54,-1.19969560941394,0.03757854231214,0.0400524074341634,-0.076223431422979,-1.6286376623486,0.147918937768675,-6.49929657448779,1.90365612598808e-53
27.56,0.4088004,0.07140862,-0.162399661193351,-4.16221431356586e-52,-1.15944917170549,0.0549671957546813,0.0284579157171084,-0.0756737594654322,-1.576021984535,0.18142114799688,-6.49607782729266,2.2936207589981e-51
27.57,0.4059352,0.06917558,-0.161663571766995,-5.84031479258664e-49,-1.1170620233022,0.077366181664047,0.0172872954840865,-0.0749000976487917,-1.52162604748742,0.224726809007998,-6.47460495915667,2.63146639609351e-48
27.58,0.4028026,0.06799959,-0.157124395089069,-5.57086278614927e-45,-1.07387836005319,0.105525257492782,0.00654851188355457,-0.0738448450738639,-1.46543225393243,0.279256552624721,-6.32109036755891,2.03321658769424e-44
27.59,0.3992721,0.06798068,-0.13181224422845,-1.49446800173208e-40,-1.03112235541101,0.139599001165997,-0.00376271167055552,-0.0724488550622039,-1.40762804828032,0.345136091995184,-5.34563186200296,4.43062699614631e-40
27.6,0.395203,0.06927628,-0.0598829767667185,-5.71717746272796e-36,-0.990000871640093,0.180113012665116,-0.0136627203869564,-0.0706477249355527,-1.34864466121983,0.422803729701935,-2.45751071285505,1.3929344425076e-35
27.61,0.3906311,0.07202505,-0.0114854760575163,-1.91036842332802e-31,-0.950346193428407,0.227384918687574,-0.0231661823212405,-0.068373875748677,-1.28888436281364,0.511717153280819,-0.478872108951914,3.89785810368866e-31
27.62,0.3854903,0.07642829,-0.0016232327170728,-4.62028279386143e-27,-0.912733678561084,0.282124425965267,-0.0322935191068514,-0.0655526314890243,-1.22897386561691,0.611113510567981,-0.0690339911809838,8.05084642508467e-27
27.63,0.3798704,0.08272772,-0.000216804135244095,-7.64741244915338e-23,-0.876556656090191,0.345241296731843,-0.0410590856677533,-0.0621002185217059,-1.16926608884757,0.719343790114912,-0.00944229944405851,1.16085095430973e-22
27.64,0.373813,0.09090695,-2.84725695831385e-05,-6.72910130027136e-19,-0.841593589944824,0.415674122051761,-0.0494750215672015,-0.0579434773011883,-1.11015348919037,0.831191586356508,-0.0012746968561253,9.10987605020716e-19
27.65,0.367359,0.1010026,-3.66660117186523e-06,-3.0094869965248e-15,-0.807638039692934,0.492781179832451,-0.0575514019641309,-0.0530156655028638,-1.05197419695213,0.94236716975852,-0.000169329526545365,3.72019112155911e-15
27.66,0.3607869,0.1131576,-4.10375840236057e-07,-7.43353044052798e-12,-0.772774042230959,0.57669719995041,-0.0652791423864404,-0.0472486935033597,-0.994091196880814,1.05001414823817,-1.96218238957903e-05,8.56923318660839e-12
27.67,0.3544236,0.1274225,-3.41046600547753e-08,-1.03511345424481e-08,-0.734882017436838,0.666845933681638,-0.0726279625608088,-0.0405802341665433,-0.935373520315375,1.15150147484447,-1.69561140075408e-06,1.13323902670238e-08
27.68,0.3479362,0.1431982,-2.47500633564476e-09,-6.20249534773125e-06,-0.69677821756464,0.757976901703397,-0.0795957447364552,-0.0330004651495093,-0.877462920797755,1.24330875937817,-1.2835335374033e-07,6.55046818676299e-06
27.69,0.3416088,0.1603673,-1.34437249187889e-10,-0.00176234319859385,-0.656616369239651,0.848686509187867,-0.0861619084288517,-0.0245136000576307,-0.819216242063183,1.3261593327833,-7.30903274664692e-09,0.00181639950624064
27.7,0.3354806,0.178548,-5.26020678617953e-12,-0.225059916504004,-0.61446764232945,0.935766546206555,-0.0923065848521462,-0.0151559345955651,-0.76059010008502,1.40074097121652,-3.02102974773627e-10,0.228352167892272
27.71,0.3296352,0.1973659,-1.37387252579019e-13,-4.47472952809709,-0.570085441658552,1.01631355807194,-0.0980074392687318,-0.00499279901484567,-0.701274603312433,1.46836532745223,-8.43635537172903e-12,4.49829543413146
27.72,0.324017,0.2163407,-2.38920470133488e-15,-6.3956240645348,-0.524259112109721,1.08690390098693,-0.103250030389829,0.00587623999502359,-0.641776208205956,1.53043552288921,-1.59726675277334e-13,6.40083421415632
27.73,0.3187095,0.2350978,-2.49443087100983e-17,-6.49163486462069,-0.47672437763228,1.14517240809987,-0.108017274166152,0.0173279640760223,-0.581755652759357,1.58846887123558,-1.86146985470629e-15,6.49264821979109
27.74,0.3124031,0.2518655,-4.23791896303146e-19,-6.48091061058218,-0.437301903685343,1.17892837508074,-0.112390293203005,0.0291172478268296,-0.530238204311461,1.64397699384434,-3.51929175526822e-17,6.49829467382524
27.75,0.3083091,0.2699842,-8.41840423850561e-22,-6.44747837264509,-0.382424773371911,1.21379979786145,-0.116214540936724,0.0412552458054442,-0.465011091267724,1.69756559733476,-7.92944309196298e-20,6.49960825924939
27.76,0.3034362,0.2857212,-2.34980505107937e-24,-6.39388749345652,-0.335082602900794,1.22262895098053,-0.119565366965732,0.0534815353152494,-0.407924418251004,1.75155600669252,-2.35351554503179e-22,6.49973244905887
27.77,0.298649,0.299897,-4.30060938744716e-27,-6.3197760801699,-0.288734469106672,1.21313878108045,-0.122452711656799,0.0656129231260539,-0.352668277745499,1.80664110667939,-4.30155866137329e-25,6.49961483257495
27.78,0.2938415,0.3122963,-5.2566830221049e-30,-6.22151344560217,-0.244308703476584,1.18513044715434,-0.124895798691565,0.0774642275975973,-0.30018584836249,1.86403788541169,-5.37930448149333e-28,6.49880260463827
27.79,0.2889288,0.3227917,-4.55317893970845e-33,-6.08896682499895,-0.202508111451074,1.13915416378433,-0.126920879806076,0.0888557692354406,-0.25120508132498,1.92498232624031,-5.39911695400267e-31,6.49173244905468
27.8,0.2840045,0.3313966,-2.36807424819238e-36,-5.81961147723579,-0.162679236480736,1.07682773380456,-0.128547672170883,0.0996240465734861,-0.204967967767659,1.99062201577993,-4.43462115125973e-34,6.37280111940479
27.81,0.2786946,0.3378969,-7.42328925105092e-40,-3.15684262340257,-0.127580333175942,0.998103461278042,-0.129823475502642,0.109605081186267,-0.164440394916038,2.06282730719877,-6.58773923075329e-37,3.58156775087806
27.82,0.2732416,0.3425303,2.2272886855029e-42,-0.0603202262318143,-0.0952988828840429,0.906276382634033,-0.130776464331483,0.118667845012607,-0.127438182946542,2.14264312747358,-1.83638074531226e-39,0.0717301950374543
27.83,0.2677082,0.3453724,-1.21195027906626e-44,-0.000166408190198813,-0.0653410646712604,0.80330940475223,-0.131429874978195,0.126700939060129,-0.093317212744528,2.23161152421696,-1.39862839095497e-41,0.000210781780469978
27.84,0.2617338,0.3464071,-3.39069083628049e-45,-1.06564776449872e-07,-0.0402911299834017,0.690423741251486,-0.131832786278029,0.133605176472644,-0.064889417589222,2.33180447417037,-6.07596647292674e-43,1.47178867932013e-07
27.85,0.2556899,0.3459643,-8.68440165072619e-46,-1.23354904346887e-11,-0.0172387689066582,0.571297497047709,-0.132005173967096,0.139318151443121,-0.0388100469734477,2.44361506118223,-1.06184998675095e-43,1.91971142272413e-11
27.86,0.2494988,0.3441963,-3.98217001779112e-46,-1.51666520699882e-16,0.00328477366294244,0.448098914010224,-0.131972326230467,0.143799140583223,-0.0156117226412582,2.56749568048215,-6.97880503142446e-44,2.79142951877611e-16
27.87,0.2431349,0.3413483,2.96485652118462e-46,-9.46981285844324e-23,0.0211764529440721,0.323530893259582,-0.131760561701026,0.147034449515819,0.00463946934467288,2.70216504248796,-1.19971240430589e-43,2.22461605362219e-22
27.88,0.2368357,0.3375757,6.87329815756346e-45,-1.21559222514179e-30,0.0382509554283725,0.19946441629067,-0.131378052146742,0.149029093678726,0.0240399959868394,2.84539331497597,-4.19265952117304e-43,4.18751892799956e-30
27.89,0.2305214,0.3331994,7.50564869257171e-44,-2.65590017593719e-39,0.0539104097075143,0.0788231435294566,-0.130838948049667,0.14981732511402,0.0419492379364731,2.99203264084424,-2.25068458368886e-42,1.75461209109646e-38
27.9,0.2244559,0.328389,1.06771637437625e-42,-3.45661412961051e-43,0.0700813770898172,-0.0367846401699445,-0.130138134278769,0.149449478712321,0.0605986403542435,3.13724775736464,-1.9855200053768e-41,1.50051642741296e-40
27.91,0.2184386,0.3234889,1.50767825487781e-41,3.40512494072334e-36,0.0852024819370243,-0.144637551133602,-0.129286109459399,0.148003103200985,0.07824744828625,-2.8900348178978,-2.02576648880994e-40,4.03025359230565e-34
27.92,0.2129713,0.3187088,4.04103678138545e-40,2.73567739898221e-29,0.102892765962299,-0.243218967421441,-0.128257181799776,0.145570913526771,0.0990967043314624,-2.79089853431671,-4.0907788002181e-39,2.73569770818024e-27
27.93,0.2076843,0.3142094,1.09280923832389e-38,4.83598488071473e-24,0.120215530867625,-0.331523287897845,-0.127055026491099,0.142255680647792,0.119846159892216,-2.70089843612573,-8.99678537658403e-38,4.71571898129289e-22
27.94,0.203185,0.3104019,6.75984935734132e-37,3.48860597483198e-20,0.141486832182098,-0.406868972198414,-0.125640158169278,0.138186990925808,0.145566990323457,-2.6212633592738,-4.58346467164353e-36,2.95760949022883e-18
27.95,0.1990886,0.3071087,4.62339156967891e-35,2.76714115923857e-17,0.16354291338599,-0.471073641068235,-0.124004729035418,0.133476254515126,0.172722371239344,-2.54923414265541,-2.66694211316612e-34,2.02210999257444e-15
27.96,0.1954919,0.3044529,3.61101165836752e-33,3.84996855880086e-15,0.18691194207187,-0.523716924772346,-0.1221356096147,0.128239085267402,0.202032394892098,-2.4842480751203,-1.79984569488265e-32,2.51166027263575e-13
27.97,0.1926546,0.3025844,4.07659592599784e-31,1.28163154675063e-13,0.213251746033611,-0.564278818306899,-0.120003092154364,0.122596297084333,0.235562482947139,-2.42599022677045,-1.7555900896952e-30,7.73339179399042e-12
27.98,0.1903817,0.3012679,4.40702751248996e-29,1.5732194961701e-12,0.240806732086151,-0.595109822328039,-0.117595024833502,0.116645198861053,0.271413433906075,-2.37213759318521,-1.65392202945263e-28,8.95527354861853e-11
27.99,0.1886608,0.3004388,4.16006348224879e-27,8.74980386288854e-12,0.269257962673407,-0.617213697180576,-0.114902445206768,0.110473061889247,0.309346187912038,-2.32164649559959,-1.37322212552234e-26,4.7540628923319e-10
28,0.1873629,0.2997969,2.84431467143856e-25,2.91247307705472e-11,0.297463072462472,-0.633263384755381,-0.111927814482143,0.104140428041693,0.348158746099572,-2.2723975896408,-8.36084136539376e-25,1.52004994769673e-09
28.01,0.1863378,0.29926,1.22043074882598e-23,6.4422579785211e-11,0.324209907711575,-0.644201079990689,-0.108685715405028,0.0976984172417864,0.386561631528585,-2.22361494784712,-3.2401508308805e-23,3.24249307723954e-09
28.02,0.1857572,0.2986899,4.0849494182429e-22,1.06319913330858e-10,0.350699185681854,-0.651330196889228,-0.105178723548209,0.0911851152728941,0.426049390170597,-2.17431819889344,-9.88063601029123e-22,5.17266796526269e-09
28.03,0.1857057,0.2981554,1.16149685918158e-20,1.2927594597938e-10,0.377420579860683,-0.65439081165877,-0.101404517749602,0.0846412071563064,0.467296018777344,-2.12460942139241,-2.57610268213091e-20,6.09412308624137e-09
28.04,0.1856809,0.2972996,1.80992678525604e-19,1.43815944161169e-10,0.400594269222101,-0.656224416066554,-0.0973985750573812,0.0780789629956408,0.506110256252997,-2.07261866318911,-3.73014068152964e-19,6.57899656373423e-09
28.05,0.1860793,0.2963571,2.34541060236941e-18,1.29559876238791e-10,0.423210466713142,-0.655218713269115,-0.0931664703902498,0.0715267758629497,0.545959930906673,-2.01929797762254,-4.51394930744075e-18,5.76566795876123e-09
28.06,0.1865525,0.29504,1.9347134557358e-17,1.12114344153645e-10,0.442676115767702,-0.65365070704255,-0.0887397092325727,0.0649902687925242,0.584040438897785,-1.96334481420952,-3.50737667267079e-17,4.86412962722579e-09
28.07,0.1871923,0.2934499,1.15586103194736e-16,8.83551651161682e-11,0.459775215433737,-0.65083446595303,-0.0841419570782354,0.0584819241329939,0.621295144096915,-1.90520195899713,-1.9854708354989e-16,3.74760299017205e-09
28.08,0.1878677,0.2913865,4.69951715388774e-16,7.12368364425528e-11,0.473640640186582,-0.648310965769929,-0.0794055506763695,0.0519988144752946,0.656833208089782,-1.84429686645473,-7.69683056979283e-16,2.96281473614419e-09
28.09,0.1884013,0.2888406,1.19165376582845e-15,5.89945200841761e-11,0.483150754219361,-0.646133583782324,-0.0745740431341759,0.0455374786374714,0.689451970043806,-1.78093477806084,-1.87359795678317e-15,2.41448226172714e-09
28.1,0.1893697,0.2861634,3.01113054817076e-15,4.11971429316879e-11,0.492720034231805,-0.641756044601173,-0.0696468427918579,0.0391199181914596,0.72394976082898,-1.71630644045651,-4.54693997711311e-15,1.66602342207414e-09
28.11,0.1898371,0.282848,3.8503522521339e-15,3.25892843820408e-11,0.495546960106855,-0.639003774559384,-0.0646913731907893,0.0327298804458658,0.753000381727487,-1.64976899455285,-5.63154346696987e-15,1.3077706402628e-09
28.12,0.1906871,0.279637,4.99013692822501e-15,1.90579531736952e-11,0.498466109853982,-0.632421856708239,-0.0597067120922495,0.0264056618787834,0.783858334296629,-1.5827881895945,-7.06909530161122e-15,7.62374601580753e-10
28.13,0.1912483,0.2759038,4.03067719309091e-15,1.19870572938964e-11,0.496614117477232,-0.626826051662936,-0.0547405709174772,0.020137401362154,0.811287925657643,-1.51517259964396,-5.55891048601305e-15,4.80247517303431e-10
28.14,0.191699,0.2718801,2.37790057272861e-15,7.08065346323428e-12,0.491623975145641,-0.620501803443322,-0.0498243311660208,0.0139323833277208,0.836856362113913,-1.44759036595479,-3.2026853540906e-15,2.85455347380506e-10
28.15,0.1922379,0.2679735,1.20572161601258e-15,3.10506749319359e-12,0.485177846337576,-0.610593836948674,-0.044972552702645,0.0078264449582341,0.862269982979329,-1.38008614171207,-1.587995306819e-15,1.26566229060489e-10
28.16,0.19263,0.2642115,4.43213625921319e-16,1.00490609598582e-12,0.475717517084353,-0.59720683562248,-0.0402153775318015,0.00185437660200929,0.885706713078403,-1.31266182402039,-5.72381274501803e-16,4.16156362050996e-11
28.17,0.1931578,0.2604636,1.48335874055064e-16,2.62073832728893e-13,0.465542518290308,-0.581597016598527,-0.0355599523488984,-0.00396159356397598,0.909568423900403,-1.24570643148342,-1.87950777325395e-16,1.10796388366532e-11
28.18,0.193536,0.2570551,3.62061847231646e-17,4.49092871720502e-14,0.452699411913359,-0.561657312520573,-0.0310329582297648,-0.00957816668918171,0.931550308962547,-1.17845972289003,-4.51140258005615e-17,1.94823480327307e-12
28.19,0.194064,0.2540396,8.26613679646475e-18,4.85101470794819e-15,0.439601633164994,-0.537412404861434,-0.0266369418981149,-0.0149522907377961,0.954250148040053,-1.1106768685902,-1.01313804841042e-17,2.17119679934941e-13
28.2,0.1947172,0.2513022,1.73738866248561e-18,3.52091891797779e-16,0.426156360743999,-0.510122477838748,-0.0223753782906749,-0.0200535155161835,0.977583619007596,-1.04281692140502,-2.0953295354155e-18,1.63456448982837e-14
28.21,0.1954161,0.2489767,3.15004613987186e-19,1.5204293212998e-17,0.411884438245121,-0.479181325617102,-0.0182565339082237,-0.0248453287723546,1.00096888645507,-0.974300089838681,-3.74104189302567e-19,7.36303857899144e-16
28.22,0.1961458,0.2469862,4.87199963069174e-20,3.97713494423268e-19,0.396808599877031,-0.445564564950899,-0.0142884479094534,-0.0293009744218636,1.02436807833958,-0.905571209450936,-5.70211209190277e-20,2.01975072581428e-17
28.23,0.1969306,0.245269,6.58821970788186e-21,6.30268127045822e-21,0.381239283312005,-0.410082862076027,-0.0104760550763333,-0.0334018030426238,1.04810824541369,-0.83711611461343,-7.60310170497235e-21,3.3751082461772e-19
28.24,0.1977695,0.2437603,7.79518869610327e-22,6.02729992888061e-23,0.365282821929118,-0.373519519811356,-0.00682322685704213,-0.0371369982407374,1.07230054253467,-0.769532521341616,-8.87489996651023e-22,3.43067083862581e-21
28.25,0.1984932,0.2422875,6.77968623625624e-23,3.87313990539809e-25,0.347829366853216,-0.337385198271383,-0.00334493318850997,-0.0405108502234512,1.09542226454603,-0.704296132235056,-7.6248217905077e-23,2.3693716794008e-23
28.26,0.1992093,0.2408478,4.81672234712354e-24,1.58917700974712e-27,0.329850177775868,-0.301856164708261,-4.64314107512919e-05,-0.0435294118705338,1.11854143006544,-0.641654426145244,-5.35487942039248e-24,1.06263115637254e-25
28.27,0.1997754,0.2395655,2.35454790053562e-25,3.30997927217204e-30,0.310448573342675,-0.266177475981461,0.00305805432267546,-0.0461911866303484,1.14025713566401,-0.580715291302231,-2.59089747352187e-25,2.47523237804964e-28
28.28,0.2001113,0.2375368,6.97127209236494e-27,1.20641691397016e-32,0.289249024285024,-0.237052242096259,0.00595054456552569,-0.048561709051311,1.1595617356852,-0.52951602730127,-7.60505930994646e-27,1.00336200278922e-30
28.29,0.2001187,0.2354811,1.03685606796812e-28,2.99254096124971e-35,0.265783115950725,-0.208977741710153,0.00860837572503295,-0.0506514864684125,1.17489396273832,-0.48142360578241,-1.12374173450569e-28,2.73979371738899e-33
28.3,0.199965,0.2332659,8.95638849257938e-31,6.31676601393944e-38,0.241538930000398,-0.182977403303007,0.0110237650250369,-0.0524812605014426,1.18733648338053,-0.437608358580827,-9.65744923852853e-31,6.18192654462273e-36
28.31,0.1997595,0.2311924,4.93359545791622e-33,6.38809815301706e-41,0.217483458272588,-0.156865807848149,0.0131985996077628,-0.0540499185799241,1.19749837039777,-0.395076934001388,-5.29833258558085e-33,6.41783364508483e-39
28.32,0.1990078,0.2284905,6.41696614219102e-36,1.59092569277444e-43,0.19017156389516,-0.136327603881087,0.0151003152467144,-0.055413194618735,1.19675270274059,-0.361207910905282,-6.89338220091179e-36,1.59326517750312e-41
28.33,0.1982502,0.2262515,4.14504903383873e-39,8.39864536359136e-47,0.163864660705131,-0.113210595570079,0.0167389618537657,-0.0565453005744358,1.18947094817088,-0.324905001472086,-4.46566853880735e-39,8.42200932703086e-45
28.34,0.1973404,0.2241161,7.77103938669615e-43,1.94043682992013e-50,0.137575131767085,-0.0904036379996542,0.0181147131714366,-0.0574493369544323,1.16884002208864,-0.289906770217455,-8.44374485309019e-43,2.01868788485024e-48
28.35,0.196361,0.2224325,3.55774527129015e-47,7.17595086211337e-55,0.112030538872713,-0.0654940717092067,0.0192350185601637,-0.0581042776715244,1.12814502602692,-0.252685291323819,-3.93705638403399e-47,8.44383218147299e-53
28.36,0.194802,0.220791,2.98060680432351e-53,2.78559015715769e-59,0.0836431720063853,-0.0417096091888531,0.0200714502802276,-0.0585213737634129,1.02562097914526,-0.217542342259973,-3.48580137194105e-53,4.35010668537931e-57
28.37,0.1938239,0.2204773,1.51241360723626e-59,5.92673992054755e-64,0.0611088365673393,-0.00983661458767138,0.0206825386459009,-0.0586197399092896,0.872184189028729,-0.17106845197712,-1.97521675203171e-59,3.28552955490609e-61
28.38,0.1928919,0.2210965,2.75275738358104e-67,-1.66179063281665e-62,0.0402761549091966,0.0265355637332316,0.0210853001949929,-0.0583543842719573,0.588616843613648,-0.117780232625334,-4.95629183212377e-67,1.4364658918229e-59
28.39,0.1919485,0.2227637,3.10355077203385e-77,1.27186478581251e-54,0.0207168286841233,0.0677222448997927,0.0212924684818341,-0.0576771618229594,0.107774100726916,-0.0564711670732308,-2.86070234011103e-76,1.86803116514289e-52
28.4,0.1911428,0.225171,-3.53404277975468e-85,-2.04616099558114e-47,0.00351143415941468,0.11094532380657,0.0213275828234283,-0.0565677085848937,-0.385916569057585,0.0094606379351752,-3.55132401282732e-83,3.77874520883034e-45
28.41,0.1903987,0.2294711,-2.26299905937984e-82,-4.88295722646466e-39,-0.0119699395734925,0.164129825601207,0.0212078834276934,-0.0549264103288816,-0.706137876744826,0.0932083248681636,-1.3812273999524e-80,5.3067836133032e-38
28.42,0.1894884,0.2343624,-9.7187769228723e-75,-3.20383705035756e-33,-0.0274080504741163,0.216909965028286,0.0209338029229522,-0.0527573106785987,-0.896147317195229,0.179619665816294,-4.96984658632786e-73,1.78195732956229e-32
28.43,0.1884262,0.2401792,-7.57943036771032e-68,-1.93836727034627e-28,-0.0426239861946431,0.271444246396848,0.0205075630610058,-0.0500428682146303,-1.00460603677305,0.272678266327877,-3.60023758582401e-66,7.24153770570102e-28
28.44,0.1870874,0.2467953,-4.85660725089193e-62,-1.90652800989657e-24,-0.0584516633516192,0.326410712751855,0.0199230464274896,-0.0467787610871117,-1.07153689761087,0.370759636230384,-2.21859242542143e-60,5.27070035427523e-24
28.45,0.1852719,0.25378,-8.45663528987132e-57,-3.19538876388057e-21,-0.0762007606052821,0.378389215948356,0.0191610388214368,-0.0429948689276282,-1.11769370099309,0.468848633315835,-3.77184410947917e-55,7.06531872666779e-21
28.46,0.1829842,0.2611957,-3.81322114812383e-52,-1.55944179317987e-18,-0.095608562755122,0.427772189818611,0.0182049531938855,-0.0387171470294421,-1.14786486098045,0.56783284346854,-1.6766184850518e-50,2.89814549308704e-18
28.47,0.1801282,0.2687847,1.06898579774451e-46,-2.4288963026522e-16,-0.11714285868338,0.472630558356682,0.0170335246070517,-0.0339908414458752,2.77543428093077,0.665185841604018,-2.99139638729973e-46,3.93564217823997e-16
28.48,0.1765392,0.2762367,1.0833564350225e-42,-1.25418180078611e-14,-0.141720192271259,0.510820023541217,0.0156163226843391,-0.0288826412104631,2.80351185793876,0.758473058655114,-3.27745943810021e-42,1.82374553984751e-14
28.49,0.1723305,0.2834005,4.49854773909755e-39,-2.45014502413999e-13,-0.168177472810327,0.541530052737864,0.0139345479562359,-0.0234673406830844,2.83504220301054,0.84742076774092,-1.49826007113711e-38,3.26897737077637e-13
28.5,0.1675441,0.2902038,7.68502754732748e-36,-2.07075072767354e-12,-0.195939028072105,0.564613483403827,0.0119751576755148,-0.0178212058490462,2.86981185472584,0.932695666019907,-2.88031723005706e-35,2.57802404383546e-12
28.51,0.1621868,0.2963692,5.98362726909258e-33,-7.26446404006762e-12,-0.224714288855412,0.578491298186013,0.0097280147869607,-0.012036292867186,2.90809780775853,1.01344394170915,-2.59882037771524e-32,8.55961174465613e-12
28.52,0.1564704,0.3020065,1.74849792125836e-30,-1.26703086992169e-11,-0.252760349583907,0.584532589011979,0.00720041129112163,-0.00619096697706625,2.94778669290623,1.09203476320631,-9.06083175673047e-30,1.4274722558675e-11
28.53,0.1502508,0.3069125,2.71785131595071e-28,-1.03505515897024e-11,-0.281013433710126,0.581786213960895,0.00439027695402038,-0.000373104837457298,2.99120990840316,1.16846292791084,-1.78614686099038e-27,1.12483577465938e-11
28.54,0.1439816,0.3112355,1.39157021172124e-26,-4.55150723523227e-12,-0.306059880479274,0.571945386963921,0.00132967814922764,0.00534634903218191,3.03274704609844,1.24515217592356,-1.268932439749e-25,4.80385725330495e-12
28.55,0.1376055,0.3149028,2.69125965647329e-25,-1.04577966251496e-12,-0.328409453751449,0.55502921628733,-0.00195441638828685,0.0108966411950552,3.07346661375924,1.32314689338728,-4.30606319293167e-24,1.07867251554111e-12
28.56,0.1312843,0.3180002,1.4998821574937e-24,-1.32509022241655e-13,-0.346981828491985,0.532237731834944,-0.0054242346732067,0.0162190185134047,3.11107893049562,1.40451898987539,-6.77490026375197e-23,1.34361245253949e-13
28.57,0.1253613,0.3207345,4.26274324789272e-25,-1.04965212395869e-14,-0.359494277213048,0.505598334518358,-0.00901917744533718,0.0212750018585882,3.1395175249029,1.4917634705672,-4.02109429124083e-22,1.05293719495103e-14
28.58,0.1197292,0.3231064,-7.2713541793422e-24,-5.06245728458487e-16,-0.367087940167306,0.475532675474544,-0.0126900568470102,0.0260303286133337,-3.12353900738035,1.58663621505288,-1.15980926689467e-21,5.0630921240679e-16
28.59,0.1147028,0.3255613,-9.15388967339122e-24,-2.04475379140467e-17,-0.367826736734242,0.445659805952566,-0.0163683242143527,0.0304869266728593,-3.11967606209596,1.69086788769917,-1.30784774846121e-21,2.05957519598065e-17
28.6,0.1099345,0.3276728,-4.63525336042506e-24,-4.75295718799548e-19,-0.36468826084743,0.413050393590749,-0.020015206822827,0.0346174306087668,-3.12754550917243,1.80578542917444,-8.74293789680946e-22,4.88720704793376e-19
28.61,0.1058904,0.3301692,3.00474223129937e-24,-1.17992279456868e-20,-0.354636681619713,0.383329911598322,-0.0235615736390241,0.0384507297247501,3.12114185535087,1.92853790841584,-2.23828819892979e-22,1.25963436934103e-20
28.62,0.1023172,0.3329021,2.23793425016837e-24,-2.78461918248645e-22,-0.340031402990077,0.355378362086994,-0.0269618876689249,0.04200451334562,3.06019485863509,2.05637069748778,-2.86361256561523e-23,3.14843505183171e-22
28.63,0.09918484,0.3359641,3.22864869766657e-25,-7.02241647142833e-24,-0.321492073195636,0.329882999112081,-0.0301768084008812,0.0453033433367408,2.96741003042134,2.18382233947274,-1.84785492783352e-24,8.58563444931897e-24
28.64,0.09658496,0.3394471,1.54236252531072e-26,-2.18273128644827e-25,-0.298741566557013,0.307463987785243,-0.0331642240664514,0.0483779832145932,2.83502930120423,2.30431052453935,-5.13669025227028e-26,2.93869091198533e-25
28.65,0.09463963,0.3437561,2.19269331035427e-28,-1.45185027403277e-26,-0.271328119238039,0.290938859865431,-0.0358775052588317,0.0512873718132475,2.66124456843866,2.40600357779012,-4.7407749328182e-28,2.16401936959262e-26
28.66,0.09263747,0.3478619,2.01171535445715e-30,-5.97533443106089e-28,-0.244807051067608,0.272539102813623,-0.0383255757695078,0.0540127628413838,2.48329924016695,2.50569809297337,-3.28856387894675e-30,1.00608427890239e-27
28.67,0.09119812,0.3526397,4.65248593017609e-33,-4.92126819829738e-29,-0.214826233495574,0.258809497951158,-0.0404738381044636,0.0566008578208954,2.30212807927106,2.58534400676561,-6.25151376524071e-33,9.31488979367203e-29
28.68,0.0900499,0.3574213,3.20989973872235e-36,-3.33171523607119e-30,-0.183727113962322,0.244660860250102,-0.0423111092440868,0.0590474664233964,2.14590486715096,2.65917130971154,-3.82512684143455e-36,7.17487592559096e-30
28.69,0.08908277,0.3619669,6.26336307281571e-40,-1.28516582519251e-31,-0.152534547156622,0.228462693568217,-0.043836454715653,0.0613320933590785,2.02367673967417,2.73239060475465,-6.96526648126276e-40,3.23028290124007e-31
28.7,0.08853305,0.3661584,1.35137351715094e-44,-2.22607793303121e-33,-0.11972925273641,0.209592766923264,-0.0450337472430171,0.0634280210283112,1.93104310557245,2.80732463257146,-1.44402407978675e-44,6.80982959967161e-33
28.71,0.0885017,0.3697493,1.03897144726431e-50,-1.00946136321212e-35,-0.0848754958431588,0.186561290909664,-0.0458825022014487,0.0652936339374078,1.86412142522997,2.88879847464105,-1.08530515530737e-50,4.06019359941734e-35
28.72,0.08908628,0.3724126,8.38206558834832e-59,-4.70019262125536e-39,-0.0476039080974466,0.157427691442573,-0.0463585412824232,0.0668679108518336,1.81832315730777,2.98297879346097,-8.64543845371601e-59,2.93656781535773e-38
28.73,0.09071103,0.3743092,1.87045540315745e-66,-1.07045436389418e-43,-0.00525515097510887,0.123945459917501,-0.0464110927921742,0.0681073654510086,1.78856116875774,3.08518310861698,-1.91567603802417e-66,2.18401240617726e-42
28.74,0.0936416,0.3753579,7.3744197988014e-60,6.04813026878467e-50,0.0434817897282755,0.0860169374987967,-0.0459762748948915,0.0689675348259965,1.77203367204516,-3.08722316894399,-7.52622384311808e-60,8.55412221255759e-48
28.75,0.09813641,0.3752074,5.72462943095051e-48,4.38157311366293e-57,0.099738731702244,0.041627342656879,-0.0449788875778691,0.0693838082525653,1.76630716544168,-2.96235894434582,-5.83575391018653e-48,1.63638873199263e-54
28.76,0.1046661,0.3741185,3.38730249440093e-38,8.8884097103039e-60,0.166039504388102,-0.00664033341989168,-0.043318492533988,0.0693174049183664,1.76888653877103,-2.8318467818003,-3.45483102112374e-38,8.99933594379663e-58
28.77,0.1137703,0.3722259,3.75191464310407e-30,2.57183098072323e-54,0.245167458270679,-0.0572794083158881,-0.0408668179512812,0.0687446108352075,1.77774384786832,-2.70093211696061,-3.83367459048301e-30,2.50797362201651e-52
28.78,0.1255053,0.3695737,1.84484891289193e-23,6.41523543038736e-47,0.336193406366132,-0.10953233073324,-0.0375048838876199,0.0676492875278751,1.79190931200857,-2.95729766667905,-1.89086123815312e-23,1.98809856565457e-44
28.79,0.1402662,0.3664093,1.1593799179611e-17,6.9101334092351e-40,0.440610331970046,-0.161220337108452,-0.0330987805679195,0.0660370841567906,1.80980178388154,-2.86317324795608,-1.19328371418389e-17,7.37761245193124e-38
28.8,0.1581801,0.3629092,1.4105682081165e-12,9.19762709667043e-35,0.557825004695486,-0.210835936253909,-0.0275205305209646,0.0639287247942515,1.83055752351509,-2.76964185538655,-1.45950899904869e-12,9.22807308652518e-33
28.81,0.178952,0.3591413,3.670825169581e-08,9.97313993434043e-31,0.684213366749143,-0.257775095988369,-0.0206783968534732,0.0613509738343678,1.8539549163865,-2.67706918830496,-3.82299226543775e-08,9.40130207859337e-29
28.82,0.202599,0.3552597,0.00028035521854721,1.72050148803257e-27,0.818588154753584,-0.300867994144707,-0.0124925153059373,0.0583422938929207,1.87925016764476,-2.58671067465356,-0.000294235369277209,1.35670862350613e-25
28.83,0.2285112,0.3512177,0.567319108231487,7.48949487462252e-25,0.955339949875447,-0.340500495473047,-0.00293911580718286,0.0549372889381903,1.90666935605931,-2.49731586809877,-0.60087900295875,4.98675426058082e-23
28.84,0.2561387,0.346951,5.98941816429864,1.16533992356112e-22,1.08967255708542,-0.377172435045749,0.00795760976367133,0.0511655645877328,1.93619185274803,-2.4076305941489,-6.41257159788179,6.88488237522293e-21
28.85,0.2848825,0.342369,5.9942470079775,8.75352772888187e-21,1.21679204396286,-0.411555118393508,0.0201255302032999,0.0470500134037977,1.9678377191809,-2.3163990195821,-6.49964591964632,4.7347405625269e-19
28.86,0.3141334,0.337337,5.90619813510665,4.0666028020283e-19,1.33220765605484,-0.44460116395772,0.0334476067638483,0.0426040017642205,2.0016482770587,-2.22236613705422,-6.49999622014628,2.04496364518001e-17
28.87,0.3434012,0.3317482,5.80498020776522,1.3591948340336e-17,1.43264906286608,-0.476997533530962,0.047774097392509,0.0378340264289109,2.03754571299242,-2.12512716671258,-6.49999990140483,6.40931766833379e-16
28.88,0.3723033,0.3256107,5.69015866596537,3.3510971244483e-16,1.51591617988366,-0.508559272652552,0.0629332591913456,0.0327484337023854,2.07539010465924,-2.02566443266821,-6.49999999423954,1.49596305821617e-14
28.89,0.4003691,0.3185721,5.56035878897846,7.91970551284176e-15,1.57942111069047,-0.541715684853105,0.0787274702982503,0.0273312768538543,2.11525976802609,-1.92315659570429,-6.49999999927377,3.38132115729478e-13
28.9,0.4276255,0.310959,5.41646714184728,1.41485364056857e-13,1.62440054494239,-0.573817119040684,0.0949714757476742,0.0215931056634475,2.15658337121756,-1.82126557083082,-6.49999999982574,5.84725786189675e-12
28.91,0.4539348,0.3027846,5.25849073680165,1.94441128909622e-12,1.65092275494326,-0.6046678559176,0.111480703297107,0.0155464271042715,2.19916046246903,-1.72125503354885,-6.49999999992463,7.86923000694815e-11
28.92,0.4788283,0.2935763,5.08435063842491,2.75348536761567e-11,1.65679086746782,-0.637599650045583,0.128048611971785,0.00917043060381565,2.24335922842432,-1.62342085477959,-6.49999999993906,1.10296724260013e-09
28.93,0.5022691,0.2834582,4.89456128553978,3.6245980775638e-10,1.6431469101293,-0.671386708181858,0.144480081073078,0.00245656352199706,2.28888237474398,-1.52981619783829,-6.4999999999118,1.45109438845621e-08
28.94,0.5245332,0.2728038,4.69203395310389,3.61444368789849e-09,1.61338791570695,-0.703088017763632,0.160613960230148,-0.00457431665563926,2.33498305571031,-1.44140513892803,-6.4999999997916,1.45833649539929e-07
28.95,0.5454041,0.2615508,4.47616873828764,2.90088847260665e-08,1.56724866024099,-0.733127943481291,0.176286446832558,-0.0119055960904522,2.38181635917093,-1.35834919452806,-6.49999999916917,1.18785890590295e-06
28.96,0.5649634,0.2498696,4.24880361544027,1.76255702626911e-07,1.50669445942596,-0.760230840352295,0.191353391426817,-0.0195079044939751,2.42903244682002,-1.28035601188134,-6.49999999453076,7.36773249210594e-06
28.97,0.583121,0.2377794,4.01037651215491,8.2873770771078e-07,1.43240650313752,-0.784316353520953,0.205677456458192,-0.0273510680291847,2.47662689035442,-1.20715270377344,-6.49999993862077,3.55361211164082e-05
28.98,0.5999234,0.2254237,3.76261001306815,2.90573993511906e-06,1.34606421413475,-0.80443159945184,0.21913809859954,-0.0353953840237031,2.52436359333494,-1.13809701066366,-6.49999880981944,0.000128339660097697
28.99,0.6154765,0.2130006,3.50752754860435,7.18786978591337e-06,1.24971462622372,-0.819316448475508,0.231635244861777,-0.0435885485084581,2.57192343838202,-1.07231009630153,-6.4999596698769,0.000328217653834837
29,0.6297118,0.2004872,3.24373485649207,1.31442975879558e-05,1.14407048250266,-0.829423069359569,0.243075949686804,-0.0518827792020538,2.61935713532484,-1.00964980700403,-6.49742532563901,0.000622411671119361
29.01,0.6428044,0.1881667,2.8387714378,1.61774623779469e-05,1.03157776143552,-0.832987343094154,0.253391727301159,-0.0602126526329954,2.66624794359747,-0.948935902344057,-6.19730158902675,0.000796826701444486
29.02,0.654543,0.1756265,0.182304464930456,1.6566013993421e-05,0.911790760718919,-0.833425482833847,0.262509634908348,-0.0685469074613338,2.71299885196313,-0.891667954436706,-0.438476072767072,0.000849950728650221
29.03,0.6652594,0.163477,0.000265777573248592,1.09688370449335e-05,0.78820533163325,-0.826545506484253,0.27039168822468,-0.0768123625261764,2.75889005077443,-0.835301435569294,-0.000712500290097127,0.000588271177683281
29.04,0.6745654,0.150857,1.09597433716263e-07,7.0290425567188e-06,0.658954513288428,-0.819110636138194,0.276981233357565,-0.0850034688875583,2.80476985502942,-0.783396335234341,-3.32777211338076e-07,0.000394744871101959
29.05,0.6829596,0.1387438,1.41813602452805e-11,2.82644876803968e-06,0.528657731690785,-0.804137165669172,0.282267810674473,-0.09304484054425,2.84956493384639,-0.73165022517255,-4.95375474075251e-11,0.000167419365322105
29.06,0.6900387,0.1262413,4.14777644724001e-16,1.08866373052581e-06,0.395181130536582,-0.788699790472872,0.286219621979838,-0.100931838448979,2.8942338718174,-0.68399415135369,-1.70385650910695e-15,6.83699403211925e-05
29.07,0.6957684,0.1132999,3.64472484133282e-21,4.12436135158208e-07,0.259190222817107,-0.773259375060128,0.288811524208009,-0.10866443219958,2.93889858769594,-0.640349631734383,-1.81107717721196e-20,2.76371599945582e-05
29.08,0.7003701,0.1003389,8.69492614168373e-26,1.26507456823911e-07,0.123139445859994,-0.75486154595019,0.290042918666609,-0.116213047659082,2.98312037583639,-0.598637113846053,-5.43696125580216e-25,9.13294761597933e-06
29.09,0.7037818,0.0872591,1.0252180302235e-27,3.33518257804142e-08,-0.0127104362369899,-0.734518935589616,0.28991581430424,-0.123558237014978,3.02714529922953,-0.559218469584842,-8.85844735795451e-27,2.60630454227495e-06
29.1,0.7058287,0.07336801,-3.61620854655986e-26,1.07997819851663e-08,-0.148921554684069,-0.717465617505736,0.288426598757399,-0.130732893190035,-2.49582976997243,-0.524865004119071,-2.40205852377669e-24,9.06988103585188e-07
29.11,0.7066468,0.05937542,-1.99906805756198e-21,3.0195899448882e-09,-0.283797806406817,-0.69842095653429,0.285588620693331,-0.137717102755378,-2.37563043125913,-0.492092343032357,-1.14189555512278e-19,2.70972423394615e-07
29.12,0.7062563,0.0447875,-1.45452733224914e-16,9.51958589261809e-10,-0.416594951804559,-0.681181042855872,0.281422671175285,-0.144528913183937,-2.27203489682169,-0.462860397793528,-7.58919356892803e-15,8.99773737891894e-08
29.13,0.704677,0.02977367,-2.97303937446866e-12,3.11417069658091e-10,-0.546635419339104,-0.664472882650946,0.275956316981894,-0.151173642010447,-2.18225972715658,-0.436116969703604,-1.45411823306168e-10,3.0527893258737e-08
29.14,0.7020374,0.01440711,-1.39399704248585e-08,1.02296998210518e-10,-0.672528538890699,-0.64780690222023,0.269231031592987,-0.157651711032649,-2.10407603974542,-0.411345360122616,-6.49149701943064e-07,1.02305527297657e-08
29.15,0.6985241,-0.001183219,-1.71252494399639e-05,3.16124075282536e-11,-0.792587984480342,-0.63032672762824,0.261305151748184,-0.163954978308931,-2.03556272646243,-0.387885234613732,-0.000768276235042427,3.17688334570687e-09
29.16,0.6942492,-0.01692236,-0.00655653347288067,8.81181180255573e-12,-0.905809486994173,-0.611631748582109,0.252247056878242,-0.170071295794752,-1.97481943781945,-0.365385056633995,-0.285860443963232,8.83109966639751e-10
29.17,0.6896811,-0.03240698,-0.131424551462462,1.76444212895869e-12,-1.00875600270484,-0.588987519697891,0.242159496851194,-0.175961170991731,-1.92095860080621,-0.342304758217894,-5.60655149091876,1.76373929834613e-10
29.18,0.6847813,-0.04768005,-0.15455199587718,2.59370050638891e-13,-1.10189763733609,-0.563098864836579,0.231140520477833,-0.181592159640097,-1.87221236740701,-0.319009026138054,-6.48273505070547,2.60827194337781e-11
29.19,0.6800984,-0.06210906,-0.15697807350191,1.88813404682425e-14,-1.18154178445098,-0.529763704305353,0.219325102633323,-0.186889796683151,-1.82807226987677,-0.293304705677298,-6.49933533507255,1.95236026844522e-12
29.2,0.6759797,-0.07523966,-0.158577042609682,4.81526124728053e-16,-1.2457588759384,-0.486409046946303,0.206867513873939,-0.191753887152614,-1.78770941543651,-0.263934496798185,-6.49994429795331,5.38789513200187e-14
29.21,0.6723347,-0.08739333,-0.159819223333742,4.7013554480754e-18,-1.29595824855625,-0.436299119945225,0.193907931388376,-0.196116878352066,-1.75000123407129,-0.23259275196663,-6.49999123055615,6.31253317039173e-16
29.22,0.6697486,-0.0976571,-0.160770647161325,6.56889584214299e-21,-1.32870512033496,-0.373593602191004,0.180620880185027,-0.199852814373976,-1.71465619076821,-0.196213454154209,-6.49999722871832,1.46329118530137e-18
29.23,0.6684231,-0.1058363,-0.161483370701645,9.98017614443614e-26,-1.34363349709609,-0.298123410161665,0.167184545214066,-0.202834048475593,-1.6810550635183,-0.154585710986648,-6.49999829366213,4.6036486789813e-22
29.24,0.6684294,-0.1119059,-0.161993461249233,-1.2264652743378e-29,-1.34142399574737,-0.211024687140775,0.153770305256592,-0.204944295347,-1.64860199627272,-0.108032517867064,-6.49999803723876,1.74795597368801e-26
29.25,0.6696355,-0.1160771,-0.162323393289161,1.93978656327727e-33,-1.32424466754357,-0.115116286105376,0.140527858581156,-0.206095458208054,-1.61671998887477,-0.0576301582751622,-6.49999608333159,2.9145660152746e-31
29.26,0.6725592,-0.1173459,-0.162482470297849,-4.58353276924049e-38,-1.2895605568018,-0.00429824857472738,0.127632253013138,-0.206138440693801,-1.58510872543116,0.000275919096354892,-6.49998468958758,3.35414763174373e-34
29.27,0.6765681,-0.1165718,-0.162471621081103,-1.12717530324666e-32,-1.24329586988074,0.113570005578801,0.115199294314331,-0.205002740638013,-1.55319646425913,0.0621753177108952,-6.49990196809726,2.0277791794261e-31
29.28,0.6820586,-0.1131583,-0.162260066578215,-7.47624515886429e-26,-1.18369009288058,0.241659016827722,0.103362393385525,-0.202586150469736,-1.52062033332416,0.130369718930637,-6.49882926287792,5.64893043307151e-25
29.29,0.6881042,-0.1076818,-0.16141168474417,-3.0258498388032e-19,-1.11859211575929,0.374397245368453,0.0921764722279323,-0.198842178016052,-1.48709394447151,0.202599208203042,-6.47983957454178,1.50421749195109e-18
29.3,0.694429,-0.1000818,-0.150411601589816,-1.36932145670553e-13,-1.05069028968693,0.511182878250928,0.081669569331063,-0.193730349233542,-1.45248171971011,0.279195807638142,-6.06011081617491,4.99872381065873e-13
29.31,0.7002948,-0.09063727,-0.0574831132083065,-6.88308200455981e-09,-0.985782734898102,0.648986945857757,0.071811741982082,-0.187240479774965,-1.41704514270497,0.359188919759935,-2.327610035767,1.96254659691073e-08
29.32,0.7054495,-0.07922749,-0.00369346363693245,-6.55973644837689e-05,-0.925780374136746,0.787874422347397,0.0625539382407145,-0.179361735551491,-1.38109522955666,0.443156750962859,-0.150519826491354,0.000152879125549248
29.33,0.7089233,-0.06611957,-0.000252739223776818,-0.147167848381512,-0.877535266477775,0.925103273294962,0.0537785855759368,-0.170110702818541,-1.34585014530396,0.530170605564052,-0.0103788392173103,0.290800734876269
29.34,0.7097962,-0.05172791,-4.17600544688621e-05,-3.64199672564934,-0.846994415537005,1.05707541462586,0.0453086414205667,-0.159539948672283,-1.3130221195107,0.618870428856583,-0.0017292175780557,6.27719435154037
29.35,0.7091188,-0.03457123,-1.1259525312762e-05,-4.25645760997859,-0.825573065035562,1.1941404598107,0.0370529107702111,-0.147598544074176,-1.28189415363792,0.714201979385889,-0.00047044207073983,6.4993755731954
29.36,0.7052261,-0.01589985,-1.02936732678477e-05,-4.71398513660408,-0.824560255411132,1.32618834052022,0.0288073082160998,-0.134336660668973,-1.25534202360976,0.811498122222973,-0.000433758778198649,6.49999626908002
29.37,0.6985941,0.004956752,-2.41085254723627e-05,-5.14083364975546,-0.839111471910151,1.45770473686453,0.0204161934969983,-0.119759613300328,-1.23278358127914,0.912290003475793,-0.00102389013023947,6.49999996399209
29.38,0.6892808,0.02808604,-0.000125841308231434,-5.52444625376412,-0.867616869277175,1.58865203260359,0.0117400248042265,-0.103873092974292,-1.21393814702089,1.01576144519485,-0.00538196367445959,6.49999999948101
29.39,0.6775058,0.05356701,-0.00116107570614854,-5.85306799079623,-0.90736165873284,1.71893591214812,0.00266640821689811,-0.086683733852811,-1.19802264614866,1.12076753723921,-0.0499662709376114,6.49999999998947
29.4,0.6635817,0.08141951,-0.0137420803191963,-6.11728346257616,-0.955104368328621,1.84804468527728,-0.0068846354663881,-0.0682032870000381,-1.18404021766267,1.2258501473227,-0.594761856000783,6.49999999999971
29.41,0.647773,0.1114287,-0.0898646780942926,-6.31141596866056,-1.00813673214646,1.97381790055447,-0.0169660027878527,-0.0484651079944934,-1.17116136339583,1.32926516040189,-3.91060807209505,6.49999999999999
29.42,0.630147,0.1431706,-0.142646107394921,-6.43527012272317,-1.06531425876737,2.09275936292977,-0.0276191453755264,-0.0275375143651957,-1.15900200837638,1.42951647982612,-6.24055751758951,6.5
29.43,0.6105514,0.175833,-0.147453498397747,-6.49336625851754,-1.12711568797206,2.19886385171532,-0.038890302255247,-0.00554887584804245,-1.14759005984653,1.52560208809467,-6.48413249425884,6.5
29.44,0.5904503,0.2104831,-0.146877479361677,-6.49285887042512,-1.18247650996987,2.30016003155489,-0.0507150673549457,0.0174527244675065,-1.13438090581159,1.61768739079539,-6.49857688866243,6.5
29.45,0.5686806,0.2451754,-0.146000460175101,-6.44118673268486,-1.23981570836051,2.38242437214982,-0.0631132244385508,0.0412769681890046,-1.12148446161175,1.70545441668764,-6.49986909717329,6.5
29.46,0.5458222,0.2799357,-0.145023722897002,-6.34545959804656,-1.29456189911507,2.44675057383062,-0.0760588434297015,0.0657444739273108,-1.10789015423759,1.78934641878063,-6.49998523077482,6.5
29.47,0.5220677,0.3143268,-0.143952229449155,-6.21156029135126,-1.34523226198632,2.49091412830671,-0.0895111660495646,0.090653615210378,-1.09338233878447,1.8698912359175,-6.49999788609973,6.5
29.48,0.4974194,0.3478653,-0.142792788008041,-6.04387700777916,-1.39182036605185,2.51262008999583,-0.103429369710083,0.115779816110336,-1.07807977133462,1.94773313757103,-6.49999962506056,6.5
29.49,0.4722596,0.380124,-0.141503969637466,-5.84543605056551,-1.43164608064649,2.51026144711312,-0.117745830516548,0.140882430581468,-1.06149968235094,2.02351718890829,-6.49999991129762,6.5
29.5,0.4463566,0.4110188,-0.140122540621296,-5.61918491864503,-1.4666080216542,2.48494319296296,-0.13241191073309,0.165731862511097,-1.04417643201669,2.09753066196729,-6.49999997435115,6.5
29.51,0.4202753,0.4401112,-0.138580951460163,-5.36627585559711,-1.49284299382864,2.43525860868713,-0.147340340671377,0.190084448597968,-1.02532966970038,2.17039873588561,-6.49999998983859,6.5
29.52,0.3935348,0.4668694,-0.136952776441082,-5.08625820952624,-1.51422848570203,2.35936047381821,-0.162482625528397,0.213678053336151,-1.00591288746647,2.24288858764826,-6.49999999522422,6.5
29.53,0.3667024,0.4916025,-0.135165314631421,-4.78280669391798,-1.52695206731781,2.26172790124306,-0.177752146201575,0.236295332348581,-0.985100017898368,2.31460536188728,-6.49999999701118,6.5
29.54,0.3392325,0.5135328,-0.13330698517361,-4.45296911419002,-1.53541126002605,2.13880854021071,-0.193106258801836,0.257683417750688,-0.963944346111122,2.38672651584539,-6.49999999785571,6.5
29.55,0.3116327,0.533265,-0.131309337341006,-4.10343898669556,-1.53624126181106,1.99739793892858,-0.208468671419946,0.277657397139974,-0.941669736443382,2.45826056497965,-6.49999999804194,6.5
29.56,0.2836155,0.5504419,-0.129228017036785,-3.73390103944841,-1.53199632535991,1.83697338227645,-0.223788634673545,0.296027130962739,-0.918894525430175,2.52979394538227,-6.49999999790692,6.49999999999979
29.57,0.2553643,0.5654414,-0.127039042152529,-3.3496636299346,-1.52173215515505,1.6624481967885,-0.239005956225096,0.312651612930624,-0.895385813810316,2.60062629738069,-6.49999999729966,6.49999999997499
29.58,0.2265952,0.5779227,-0.124788546343401,-2.94753459737093,-1.50791746593028,1.47328151040182,-0.254085130884399,0.327384428034642,-0.871744926633509,2.67139935213777,-6.49999999610899,6.49999999249563
29.59,0.1976137,0.5885091,-0.122417253549211,-2.53433978975512,-1.48868318226097,1.2759968092391,-0.268971962707008,0.340144396127033,-0.847487009930457,2.74091927579675,-6.49999999333149,6.49999404221564
29.6,0.1685252,0.5974126,-0.119896651555013,-2.11059480704546,-1.46373928102733,1.07372805519091,-0.283609355517282,0.350881676678942,-0.822517472943187,2.80883808306325,-6.49999998620924,6.48535858661707
29.61,0.139209,0.6044974,-0.117237117656108,-0.0682721911279836,-1.4344467658387,0.8669080360973,-0.297953823175669,0.359550757039915,-0.797167340047252,2.87555765819867,-6.49999996688109,0.261279717132869
29.62,0.1098008,0.6099209,-0.114393215496688,-9.00285516574118e-07,-1.40027617327924,0.658075075798436,-0.311956584908461,0.366131507797899,-0.771266567958207,2.94089713161076,-6.49999990531028,4.51536714244571e-06
29.63,0.08071903,0.6140866,-0.111244485300428,-1.9039407835186e-12,-1.35875237397594,0.451368492518235,-0.32554410864822,0.370645192723082,-0.744099262118888,3.00419520021075,-6.49999964528624,1.36558395283991e-11
29.64,0.05184172,0.6166995,-0.107779400713772,-1.45562154921289e-18,-1.31144745756183,0.245590220361336,-0.338658583223839,0.373101094926695,-0.71604715280918,3.0663430769795,-6.49999832323272,2.05361457341869e-17
29.65,0.02335059,0.6177261,-0.103898096756971,-3.08540385006326e-23,-1.25769688608701,0.0415065172456011,-0.351235552084709,0.373516160099151,-0.686858208978414,3.12766016389474,-6.49998955919132,3.64446794596452e-21
29.66,-0.004262254,0.6173154,-0.0993733252559453,1.86201143790829e-21,-1.19471534151252,-0.158864080396185,-0.363182705499834,0.371927519295189,-0.655628560006085,-2.57400068534502,-6.49990226774864,1.43009105005914e-19
29.67,-0.03144732,0.6149225,-0.0942393358365626,3.58797886413995e-16,-1.1266467813404,-0.358662713754903,-0.374449173313238,0.36834089215764,-0.623489280943382,-2.47895889980683,-6.4987814113897,2.32228592446098e-14
29.68,-0.05795899,0.6107154,-0.0882452829150587,1.39549478957749e-10,-1.05243195133656,-0.555672167405824,-0.384973492826604,0.362784170483582,-0.59001898175095,-2.39172481894298,-6.47820831782342,8.10400092379947e-09
29.69,-0.08327252,0.6050869,-0.0745878951548501,8.77966009011158e-06,-0.969139390946026,-0.746227516327458,-0.394664886736064,0.355321895320307,-0.554153869560822,-2.31244420773936,-5.89061517224452,0.000473297688247625
29.7,-0.1074676,0.5981953,-0.0117588575017549,0.0496578745717627,-0.878379053681158,-0.928649481019434,-0.403448677272876,0.346035400510113,-0.516235542916643,-2.24025221260028,-1.00539075502731,2.52963837080109
29.71,-0.1301132,0.5905473,-0.000117832618665332,0.133419300657017,-0.778065890387417,-1.09891048298104,-0.41122933617675,0.335046295680302,-0.475361657407157,-2.17492151178638,-0.0109059851052887,6.4937006844169
29.72,-0.1509399,0.5827245,-4.28085081232625e-07,0.138595364851048,-0.667457450917112,-1.25279458302879,-0.417903910685921,0.322518349850015,-0.431004656867893,-2.11608465971327,-4.21899406173517e-05,6.49998332026373
29.73,-0.1695136,0.5752477,-5.63223508476644e-10,0.142822918343856,-0.544753413811577,-1.386914110971,-0.423351444824037,0.308649208740304,-0.382183444557994,-2.06312010928183,-5.6583940657657e-08,6.49999984667698
29.74,-0.1856845,0.5685118,-2.80803986036732e-13,0.146348405872843,-0.41035871734784,-1.49913355944837,-0.427455031997515,0.293657873145821,-0.32863948621002,-2.01523608446605,-2.81227435512105e-11,6.4999999959066
29.75,-0.1989484,0.5628473,-7.60302469083862e-17,0.149287834815178,-0.262200677669057,-1.58804959655413,-0.430077038774206,0.277777377180279,-0.269125100944517,-1.97168008552191,-8.34807640608061e-15,6.49999999972299
29.76,-0.2090483,0.5584639,-6.68148091319647e-20,0.151747003645013,-0.100179085711957,-1.65335148752873,-0.431078829631325,0.261243862304992,-0.203086186078676,-1.93170896330961,-1.29367014728751e-17,6.49999999995764
29.77,-0.2165876,0.5550025,6.74109709691154e-21,0.153839647455336,0.0696250887588477,-1.69897516425219,-0.430382578743737,0.24425411066247,-0.132585592831646,-1.89417051785124,-6.11141996827772e-18,6.49999999998794
29.78,-0.2205635,0.5532175,-2.99389458159758e-17,0.155593111798279,0.252907857705715,-1.72065172236421,-0.427853500166679,0.227047593438828,-0.0549678905720989,-1.85922253934599,-4.27819264252047e-15,6.49999999999307
29.79,-0.2212407,0.5531019,3.6084899547218e-12,0.157068852136828,0.445903703444856,-1.7200352345824,-0.423394463132231,0.209847241093004,0.028341537263017,-1.82630805883634,-1.7901063156592e-10,6.49999999999249
29.8,-0.2186307,0.5548128,1.57432052992635e-06,0.158307129833192,0.646856143993396,-1.69759384342742,-0.416925901692297,0.19287130265873,0.116485366258577,-1.79512340469501,-1.33518252293521e-05,6.4999999999848
29.81,-0.2129056,0.5581104,0.0773507298654776,0.159348805612199,0.852953449950689,-1.65674032914221,-0.40839636719279,0.176303899367308,0.207893148530197,-1.7651499927315,-0.375296421810566,6.49999999994655
29.82,-0.2040253,0.5637393,1.91679024335423,0.160204063231657,1.06305670885549,-1.59364640083679,-0.397765800104235,0.16036743535894,0.301524676363355,-1.73661081222386,-6.48847457959706,6.49999999961636
29.83,-0.1925061,0.5703092,2.49763286647507,0.160916701167413,1.2721428655255,-1.52025782518114,-0.38504437144898,0.145164857107129,0.394641097525034,-1.70843911023184,-6.49999569060188,6.49999999584564
29.84,-0.1787097,0.5772306,3.03501261135235,0.161498818996919,1.47664274466327,-1.44194683789987,-0.370277944002347,0.13074538872813,0.485316677278624,-1.6802154472006,-6.4999999951354,6.49999994022062
29.85,-0.1627181,0.583958,3.52449219769809,0.161953179073743,1.67524583850481,-1.36340650113157,-0.353525485617299,0.117111323716814,0.572781895413245,-1.65164026637995,-6.49999999998632,6.49999899577236
29.86,-0.1447894,0.589349,3.96502970884374,0.162277615854752,1.8655138610299,-1.29329125440009,-0.334870347007,0.104178411172813,0.656106929342855,-1.62230307545266,-6.49999999999991,6.49998561625569
29.87,-0.1248961,0.5928404,4.35986702946347,0.162458041614563,2.04724708914962,-1.23541433922262,-0.314397876115504,0.0918242677805871,0.735379059958115,-1.59219392856211,-6.5,6.49985463636067
29.88,-0.1035606,0.5934776,4.70585611209208,0.162473791986499,2.21640300654705,-1.19606644963203,-0.292233846050034,0.0798636032842668,0.809684512634505,-1.56140439794669,-6.5,6.49924699502531
29.89,-0.0781192,0.5935905,5.02787986716616,0.162263798990607,2.39187432518215,-1.15733965830167,-0.268315102798212,0.06829020670125,0.884424653717763,-1.53043747372597,-6.5,6.49600177143794
29.9,-0.05096664,0.5907769,5.30490585707522,0.161823826362154,2.55532332808273,-1.13667530502682,-0.242761869517385,0.0569234536509818,0.954673564693908,-1.49952959094639,-6.5,6.48992550193853
29.91,-0.02137126,0.5858814,5.54585207119463,0.1612363656231,2.71193194642284,-1.12679202247407,-0.215642550053156,0.0456555334262412,1.02204052207648,-1.46893064481507,-6.5,6.48408340113742
29.92,0.01047032,0.5789664,5.75251763596781,0.16063875598928,2.85996856256525,-1.12650447010888,-0.187042864427504,0.0343904887251524,1.08641723391171,-1.43887012667122,-6.5,6.48359200643273
29.93,0.04429117,0.5701877,5.92727451123526,0.160032041666055,2.99736773563321,-1.13398835213166,-0.157069187071172,0.0230506052038357,1.14777524716777,-1.40948146242313,-6.5,6.48805462987033
29.94,0.07952473,0.5593372,6.07236174217504,0.159348607256124,3.12013922139381,-1.15012959518622,-0.125867794857234,0.0115493092519736,1.20595439976638,-1.38100360027971,-6.5,6.49405595187088
29.95,0.1158401,0.5467929,6.19121806793461,0.158499910065536,3.22631839966524,-1.17148501176174,-0.0936046108605814,-0.000165540865643837,1.26125266681412,-1.35331368601413,-6.5,6.49762361113881
29.96,0.1525908,0.5325745,6.28666709138926,0.157510645504129,3.31192619536915,-1.19740917809492,-0.0604853489068899,-0.0121396326465931,1.31382275838096,-1.32644196456711,-6.5,6.49920637509649
29.97,0.1891626,0.5167856,6.36159582869798,0.156413875934369,3.37359703162114,-1.2266770038415,-0.0267493785906785,-0.0244064026850081,1.36401361301899,-1.30032680582994,-6.5,6.4997644466793
29.98,0.2249166,0.4996051,6.41854401205692,0.155228797482074,3.40815061646794,-1.25759045208414,0.00733212757400087,-0.0369823072058495,1.41227681149929,-1.27481916397964,-6.5,6.49993292478917
29.99,0.2593143,0.4812763,6.45958674436613,0.153959094402369,3.41347937147623,-1.28810101199311,0.0414669212887632,-0.0498633173257806,1.45919893495125,-1.24969721048968,-6.5,6.4999800860157
30,0.2918673,0.4620172,6.48613117895246,0.152601525137232,3.38813023131562,-1.31649268514262,0.0753482236019194,-0.0630282441772068,1.50544357279029,-1.22475688749066,-6.5,6.49999343654186
30.01,0.3222429,0.4420585,6.49882429382606,0.151147671790843,3.33201070460309,-1.34109236201414,0.10866833064795,-0.0764391677973482,1.55177140877049,-1.19978314100824,-6.5,6.49999746041242
30.02,0.350213,0.4215784,6.49741318473889,0.149589507870243,3.24593732578038,-1.36074444577805,0.141127703905754,-0.0900466122551287,1.59901677865182,-1.17462005446788,-6.5,6.49999880699177
30.03,0.3757487,0.4008215,6.48060037110504,0.147912370008843,3.13223040156568,-1.37392432860371,0.172450007921411,-0.103785855541166,1.64809493244971,-1.14904317222534,-6.5,6.49999928715698
30.04,0.3989156,0.3799843,6.44585301911728,0.146102988109513,2.99386199855779,-1.37959612867359,0.202388627906989,-0.117581816827902,1.69999435214249,-1.12288638872478,-6.5,6.49999944187425
30.05,0.4196205,0.359157,6.38902603471688,0.144155953992379,2.83259221292406,-1.37760390149599,0.230714550036229,-0.131357855842862,1.75589220454778,-1.09611156380311,-6.5,6.49999942664296
30.06,0.4381119,0.3385104,6.30399342279655,0.142058011867027,2.65259969246739,-1.36726086729452,0.257240546960903,-0.145030464515807,1.81705847366439,-1.06857505015445,-6.5,6.49999920774832
30.07,0.4544542,0.3181149,6.18175976697218,0.139805568991814,2.45655824304664,-1.34869592522389,0.28180612939137,-0.158517423768046,1.88508358144732,-1.04026190315261,-6.5,6.49999852683402
30.08,0.4690746,0.2983493,6.01039135658564,0.137359527485539,2.24960707704975,-1.31985733646987,0.304302200161867,-0.171715997132744,1.96149479074916,-1.01072110609226,-6.5,6.49999597909069
30.09,0.4818198,0.2789968,5.77196778020211,0.134751860376916,2.03246402303731,-1.28317063290257,0.32462684039224,-0.18454770346177,2.04870953012242,-0.980356792272739,-6.5,6.49998498926226
30.1,0.493131,0.2604848,5.4450573791325,0.131931805282588,1.81006270163345,-1.23630297879166,0.342727467408575,-0.196910733249687,2.14858318107595,-0.948582765285082,-6.49999999999965,6.49991396678521
30.11,0.5031326,0.2429265,5.00246887916281,0.128879547646321,1.58476958253016,-1.17939810750235,0.358575163233876,-0.20870471432471,2.26330599859387,-0.915289048109029,-6.49999999981271,6.49921465074675
30.12,0.511939,0.2263934,4.41553431043429,0.125391918586294,1.35872876095817,-1.11294397447675,0.372162450843458,-0.219834154069478,2.39460310032261,-0.880417899959092,-6.49999976513298,6.48817229626002
30.13,0.5196195,0.2110114,3.66279648326813,0.116379287104987,1.13361526194079,-1.03705092744439,0.383498603462866,-0.230204663343922,2.54307102746013,-0.84379455425873,-6.49918132782699,6.19799628790237
30.14,0.5259283,0.1963241,1.02622074006164,0.0386452207746095,0.908752436283585,-0.956053613614301,0.392586127825702,-0.239765199480065,2.70859774556847,-0.806344692314769,-2.44452149869878,2.12492848203424
30.15,0.5311387,0.1828332,1.69048804612749e-05,0.000652657818223846,0.687186178374859,-0.867122491047915,0.39945798960945,-0.248436424390544,2.88565656750977,-0.767110942585356,-6.71821405644944e-05,0.0372379871197991
30.16,0.5350934,0.1703275,1.70780785136998e-11,3.73995777789492e-06,0.468679825372725,-0.772792211915171,0.404144787863178,-0.256164346509695,3.0678172181759,-0.726584802777565,-2.47005493916211e-10,0.000222802067996927
30.17,0.5375596,0.1585797,3.7091814678554e-19,1.07199633428641e-08,0.252465132217907,-0.675559286208077,0.406669439185357,-0.262919939371776,-3.03536251379303,-0.685336963785372,-6.52267319682195e-16,6.7201811796078e-07
30.18,0.5385513,0.1477,-2.32831518843876e-21,1.33857394426519e-11,0.0395653824962139,-0.57533398165851,0.407065093010319,-0.268673279188361,-2.86546585543774,-0.643176718242184,-2.50147764900924e-19,8.92850844842089e-10
30.19,0.5377701,0.1369533,-1.27389587093131e-19,1.01551713873891e-14,-0.171297174414882,-0.478117607635969,0.40535212126617,-0.273454455264721,-2.57176626876286,-0.602035237879162,-9.73918661140297e-18,7.28391110390468e-13
30.2,0.5355291,0.1269969,-1.08430861017749e-14,3.34256917408894e-18,-0.376986877644448,-0.379468600720571,0.401582252489725,-0.277249141271927,-2.50342623328776,-0.56029693012139,-7.29209417193283e-13,2.60622777136273e-16
30.21,0.5317955,0.1172101,-1.87436470740261e-09,8.78654621494749e-22,-0.57706682301248,-0.284448270856263,0.395811584259601,-0.280093623980489,-2.43940564547311,-0.519762279768141,-1.14965019487996e-07,7.45792966594605e-20
30.22,0.526791,0.1077201,-6.63928108523712e-05,3.25044659462907e-25,-0.769353623531408,-0.192365043659638,0.388118048024287,-0.282017274417086,-2.37962100325303,-0.480175421547806,-0.00380771328426557,2.98268449584488e-23
30.23,0.5207183,0.09852815,-0.091995564334984,6.01644631711591e-28,-0.951993025954437,-0.103467198707936,0.378598117764742,-0.283051946404165,-2.32384734962459,-0.44162667895302,-5.00795234596336,5.86020633835441e-26
30.24,0.5146012,0.09028573,-0.124437098839802,2.74710392200606e-29,-1.1174942228584,-0.013302911048747,0.367423175536158,-0.283184975514653,-2.27310457834701,-0.402172848979055,-6.49806800937995,2.7564926051318e-27
30.25,0.5075917,0.08211889,-0.128992473963187,1.07516333556074e-28,-1.27223653240426,0.0713044465212676,0.354700810212116,-0.28247193104944,-2.22524902646122,-0.36469267906635,-6.49999408750751,1.07738692162101e-26
30.26,0.501016,0.07503097,-0.132953237090831,1.61464848670133e-26,-1.40680637494139,0.157523459728392,0.340632746462702,-0.280896696452156,-2.18162574862085,-0.325911370820962,-6.49999993938029,1.61852555549933e-24
30.27,0.4947037,0.06879179,-0.136478568817054,1.52819633896584e-23,-1.5231523380159,0.243145178941024,0.325401223082543,-0.278465244662746,-2.14124973450254,-0.286667856897654,-6.49999999844695,1.60009232824501e-21
30.28,0.488891,0.0635733,-0.139602392502132,2.21643257104293e-20,-1.62029927926273,0.329007033713857,0.309198230289915,-0.275175174325607,-2.10382943182767,-0.246390335134594,-6.49999999991193,2.70029863043075e-18
30.29,0.4837122,0.05945978,-0.142369573826773,2.03078445847887e-17,-1.6981555439693,0.415254586576733,0.292216674850222,-0.27102262845984,-2.06900493799296,-0.204795430849886,-6.49999999999006,3.81433641137038e-15
30.3,0.4792415,0.05644165,-0.144825263512932,2.87527169178204e-15,-1.75716013959083,0.501345625924305,0.274645073454314,-0.266009172200597,-2.03642140547665,-0.161933071723315,-6.49999999999796,3.25808042601035e-12
30.31,0.4754734,0.05448785,-0.147013319071314,-1.75672938079622e-12,-1.79837616883833,0.586621932625498,0.256661311765931,-0.260142952874342,-2.00571559585988,-0.117926727607517,-6.49999999999929,1.51377952491476e-09
30.32,0.4725554,0.05363401,-0.148960044725217,1.68938893379798e-09,-1.82180047174649,0.6709539060449,0.238443307048466,-0.253433413813893,-1.97673949233154,-0.0726209391974922,-6.4999999999996,3.94092861297121e-07
30.33,0.4699125,0.05349215,-0.150728451194686,3.92958580481568e-07,-1.83263341691178,0.751184153755712,0.220116972879348,-0.245921572276336,-1.94872944612394,-0.027609355927269,-6.49999999999968,5.07755212949381e-05
30.34,0.4678052,0.05417207,-0.152322365763253,-4.186840819369e-05,-1.82985582266815,0.827974380679173,0.201818414652667,-0.237641828469544,-1.92176053206277,0.0176098243471744,-6.49999999999964,0.00374096443138515
30.35,0.4657725,0.05546518,-0.153779113124213,-0.0085340981142612,-1.81769933661369,0.899670521589194,0.18364142128653,-0.228645123253652,-1.8953132594636,0.0621680556882746,-6.49999999999947,0.153550837721936
30.36,0.4635735,0.05717245,-0.155116120992717,-0.253837332415821,-1.79858607809624,0.964831061251189,0.165655560505567,-0.21899681264114,-1.86911471254127,0.105229492227626,-6.49999999999906,2.40199217653277
30.37,0.4610867,0.05941783,-0.156341135734173,-0.875985823747568,-1.77395558438629,1.02446921998122,0.147916004661704,-0.208752120441328,-1.84301838044161,0.147450725975737,-6.49999999999805,5.86651345469711
30.38,0.458206,0.06261825,-0.157458516198996,-1.22629699915112,-1.74506684961519,1.0816565782428,0.130465336165552,-0.1979355546589,-1.81690987585367,0.190923907399573,-6.49999999999541,6.44414321432494
30.39,0.4544395,0.06628769,-0.158479172292302,-1.49457665248406,-1.7158437261591,1.13277537696915,0.113306898903962,-0.186607800889208,-1.79044980682471,0.233412574803632,-6.49999999998899,6.49347514121106
30.4,0.4494505,0.07059706,-0.15940328062755,-1.75983363001292,-1.6888357534661,1.17921335075908,0.0964185413693005,-0.174815667381618,-1.76345663916381,0.275918289760924,-6.49999999997498,6.49900643679671
30.41,0.443423,0.0758573,-0.160218883638122,-2.03702248722718,-1.66271085339632,1.22328764433771,0.0797914328353373,-0.16258279093824,-1.73607340210322,0.32021574219648,-6.49999999994414,6.49982365605209
30.42,0.4359503,0.08197573,-0.160923353503958,-2.3220711281707,-1.64041106381813,1.26426407428232,0.063387322197156,-0.149940150195417,-1.70814915819089,0.36604294359306,-6.49999999988804,6.49996290041425
30.43,0.4271548,0.08921438,-0.161506169441326,-2.6213556793605,-1.62090254399588,1.30402239518904,0.0471782967571972,-0.136899926243527,-1.67981270199059,0.415060218101384,-6.49999999979305,6.49999149544292
30.44,0.4170978,0.0977146,-0.161959704629012,-2.93671090756464,-1.6036420196636,1.34344697836911,0.0311418765605612,-0.123465456459836,-1.65115800816846,0.468332393874404,-6.49999999964236,6.4999979555771
30.45,0.4059378,0.1076343,-0.162278020694471,-3.2719538028344,-1.58742294958007,1.38347873302941,0.0152676470647605,-0.109630669129542,-1.62229776703184,0.527034821249006,-6.49999999940121,6.49999950303679
30.46,0.3939289,0.1190695,-0.162457465784594,-3.6281185357197,-1.57044160819856,1.42454264945257,-0.000436769017225166,-0.0953852426350159,-1.59333836357322,0.59196150568909,-6.4999999989724,6.49999987961538
30.47,0.3813018,0.1321242,-0.162496513931492,-4.00459236958005,-1.55119215155138,1.46708487618857,-0.015948690532739,-0.0807143938731302,-1.56434304511467,0.66383256792169,-6.49999999810117,6.49999997133596
30.48,0.3683113,0.1466845,-0.162394784990609,-4.39158722807868,-1.52811396030994,1.50994541036742,-0.0312298301358384,-0.065614939769456,-1.53534142225046,0.741980155319338,-6.49999999601349,6.49999999301176
30.49,0.3554024,0.1631151,-0.162152134216449,-4.78723756638474,-1.49842999382022,1.55548210318669,-0.0462141300740406,-0.0500601187375891,-1.50632056583659,0.827993401803236,-6.49999998951019,6.49999999838407
30.5,0.3427596,0.1808997,-0.161767716187302,-5.16559344494807,-1.46143760915191,1.59954364256289,-0.0608285061655597,-0.0340646823119602,-1.47723081469358,0.918533234450549,-6.49999996409904,6.49999999959432
30.51,0.3303857,0.1998123,-0.161240140865607,-5.51143698650326,-1.41780822098045,1.6403695901643,-0.0750065883753642,-0.0176609864103172,-1.44803630790428,1.01197637425205,-6.49999984089118,6.49999999988397
30.52,0.3184962,0.2195811,-0.160566260806834,-5.81290744665386,-1.36669398021477,1.67601044230384,-0.0886735281775119,-0.000900881987278786,-1.41865353934663,1.10676470146191,-6.49999903674889,6.49999999996027
30.53,0.3073847,0.2400712,-0.159739667115066,-6.06363527655809,-1.30679085953379,1.70566577440018,-0.10174143677285,0.016155775756723,-1.3889431757388,1.2022088120211,-6.49999135042813,6.49999999998351
30.54,0.296472,0.2604705,-0.158761866318036,-6.25661432004284,-1.24311251986171,1.72376598239369,-0.114172561971467,0.0333934355806598,-1.35911027729568,1.29621199501312,-6.49990087498024,6.49999999999034
30.55,0.285608,0.2803418,-0.157608787001821,-6.39311744029712,-1.17730002559083,1.72788771966067,-0.125945562227375,0.0506723127772665,-1.32924718636113,1.38915413144775,-6.49860391297378,6.49999999999153
30.56,0.2750516,0.2996514,-0.155738155282027,-6.47484124722684,-1.10799154546494,1.71874973514348,-0.137025477682025,0.0678598101287014,-1.29922347450354,1.48276208897417,-6.47372557609824,6.49999999998915
30.57,0.2642852,0.317836,-0.142449429594962,-6.49980542784179,-1.03943822548314,1.69328866935355,-0.147419859936856,0.0847926968222369,-1.26943778684885,1.57853574388578,-5.97497917992097,6.49999999997766
30.58,0.2531917,0.3346547,-0.0496532232426942,-6.46178989283534,-0.972749672803838,1.65106014354061,-0.157147356664894,0.101303298257643,-1.24006454336827,1.67930612705762,-2.10331417676982,6.49999999992345
30.59,0.2414723,0.3498671,-0.00306538491515096,-6.34619996997819,-0.910234892261727,1.59174231507376,-0.166249705587512,0.117220721408381,-1.21147509380585,1.78882019391494,-0.131223636719814,6.49999999954233
30.6,0.2291477,0.3634776,-0.00013792061451748,-6.12649796753343,-0.851754098825801,1.5168815178194,-0.17476724657577,0.132389536586575,-1.18375977989665,1.91152384360594,-0.0059699462767553,6.49999999518119
30.61,0.2158741,0.3752143,-7.4426430243304e-06,-5.75722936190095,-0.799737692300202,1.42601663624244,-0.182764623498772,0.146649702948999,-1.15740897167005,2.05361639234322,-0.000325835585837927,6.49999990172085
30.62,0.2020638,0.3855146,-4.22370968865001e-07,-5.18180640381035,-0.75105996410068,1.3238896178477,-0.190275223139779,0.159888599127476,-1.13201700614569,2.21894259283765,-1.870869369112e-05,6.49999634317334
30.63,0.1875575,0.3942268,-2.77027601700197e-08,-4.33231675993737,-0.706843156848972,1.21073773499406,-0.197343654708268,0.171995976477416,-1.10786049960204,2.4118777339284,-1.24166042636611e-06,6.49972237202907
30.64,0.1725324,0.4015504,-1.9746706147172e-09,-3.1650299779249,-0.665726361584014,1.08935966129616,-0.204000918324108,0.182889573090378,-1.08474735065238,2.62966138621178,-8.95688437771719e-08,6.45537649560138
30.65,0.157131,0.4075933,-1.45012838370806e-10,-0.491335270803914,-0.626674899072576,0.961741051962132,-0.210267667314834,0.192506983609999,-1.062509577555,2.86162833664969,-6.65744228352877e-09,1.78880183414574
30.66,0.1415363,0.4125014,-1.01079774810526e-11,-0.000105704936511227,-0.588428515127667,0.830030388603458,-0.216151952466111,0.200807287496034,-1.04089967270567,3.09007968181651,-4.69777604941697e-10,0.00242671981313804
30.67,0.1259703,0.4164176,-5.9785606747576e-13,3.08572299394681e-10,-0.549538419793027,0.696221994194271,-0.221647336664041,0.207769507437977,-1.01959527688774,-2.98477653135591,-2.81386377371354e-11,7.52602552127599e-07
30.68,0.1106278,0.4194814,-2.69448010102107e-14,5.85168086826955e-13,-0.508853039393948,0.562155866207167,-0.226735867057981,0.213391066100048,-0.998310976490813,-2.8053698598003,-1.28492317476304e-12,5.85155917937491e-11
30.69,0.09568999,0.4217947,-8.28798412304757e-16,9.47026630764741e-18,-0.465407022820127,0.429271715622445,-0.231389937286182,0.217683783256273,-0.976778050972353,-2.65540329309065,-4.00716014967871e-14,8.59429109626109e-16
30.7,0.08128915,0.4234466,-1.59231114632254e-17,2.88197070977206e-23,-0.418665919661546,0.298807708235323,-0.235576596482797,0.220671860338626,-0.954811024532914,-2.53110040546984,-7.81176669613481e-16,2.03462046937477e-21
30.71,0.06750342,0.4244841,-1.81103716699292e-19,2.8767707025814e-29,-0.368532625464983,0.171599630212501,-0.239261922737447,0.222387856640751,-0.932321026773835,-2.42736334827214,-9.02329342692638e-18,1.73869184434619e-27
30.72,0.05434676,0.4249432,-1.23312394355e-21,9.38766344425087e-34,-0.315389523985594,0.0483285500215977,-0.242415817977303,0.222871142140967,-0.909343656725082,-2.33959193229181,-6.24517235313005e-20,5.18201986770595e-32
30.73,0.04183213,0.4248879,-5.40429616532701e-24,2.91954309909153e-33,-0.259615271522282,-0.0701941707994074,-0.245011970692526,0.222169200432973,-0.885913096702806,-2.26424622814737,-2.78475377674646e-22,1.51420425930342e-31
30.74,0.02989085,0.4243207,-1.97896338739055e-26,4.88351797985659e-29,-0.202153933158932,-0.183678968461734,-0.247033510024115,0.220332410748356,-0.862247897655451,-2.83584788034919,-1.03846241697018e-24,4.96412153367927e-27
30.75,0.01840787,0.4233171,-1.00300376500746e-28,6.89897505087843e-24,-0.144220761142083,-0.291359723239111,-0.248475717635536,0.217418813515964,-0.838688030497898,-2.7648459107541,-5.36413875881764e-27,6.92678145556677e-22
30.76,0.007260258,0.4218383,-1.45791065601419e-30,2.33678242663204e-19,-0.087004015826448,-0.393374792174637,-0.249345757793801,0.213485065594218,-0.815611788021225,-2.69775680565489,-7.95114841808508e-29,2.26986215406639e-17
30.77,-0.003679931,0.4199531,-1.28295682048406e-31,1.43706324163801e-15,-0.0316407952879381,-0.489109190836391,-0.24966216574668,0.208593973685854,-0.793431016924476,-2.63449996232949,-7.13758340216461e-30,1.25188881791179e-13
30.78,-0.01447959,0.4177964,-9.69524829051383e-32,1.85597356255173e-12,0.0212530141948406,-0.577550890043835,-0.249449635604732,0.202818464785416,-0.77240624763385,-2.5751895301097,-5.50282494152153e-30,1.42894700520719e-10
30.79,-0.02535222,0.4151174,-4.65361227360236e-31,7.72395392588425e-10,0.070079513417987,-0.66056238721773,-0.248748840470552,0.196212840913239,-0.753230941233567,-2.51837165744405,-2.69297229156276e-29,5.32898917047222e-08
30.8,-0.03653871,0.4118543,-6.19101754636314e-30,1.31147897125409e-07,0.113180643732775,-0.738543943722206,-0.247617034033224,0.188827401476016,-0.736695849944346,-2.46351540731505,-3.64663588224666e-28,8.3030891417884e-06
30.81,-0.04808397,0.4079896,-1.09461358108239e-28,1.07642180394329e-05,0.150430800444404,-0.81157586721196,-0.24611272602878,0.180711642803897,-0.722975756444369,-2.41030669670761,-6.54807904211625e-27,0.000637858691111522
30.82,-0.06005837,0.4034752,-1.58958408766194e-27,0.000491784673503233,0.181563093189656,-0.87997568729574,-0.244297095096883,0.171911885930939,-0.712297394765876,-2.35835762533426,-9.62956900013133e-26,0.0276224289355828
30.83,-0.07254009,0.3982036,-1.44668183109885e-26,0.0129031518663741,0.206305288930487,-0.944488324899975,-0.242234042207578,0.16246700268194,-0.704875031125435,-2.30714315271738,-8.84364585493236e-25,0.692502011646455
30.84,-0.08557378,0.3919558,-7.36708119716483e-26,0.0895787127299399,0.224674216030564,-1.00662248312108,-0.239987300047273,0.152400777850729,-0.700761579182317,-2.25590022771483,-4.52672400055224e-24,4.61662533315568
30.85,-0.09836871,0.3857346,-3.70232115281453e-25,0.126034191043141,0.242627439995019,-1.05902770192592,-0.237561025647323,0.14181050083147,-0.697136919758325,-2.20742434391931,-2.28537907571512e-23,6.27141788527541
30.86,-0.1109537,0.379429,-1.76589782727326e-24,0.134074366732503,0.25990475124711,-1.10291946670383,-0.234961978134852,0.130781306164431,-0.694135974127271,-2.16091750706321,-1.0942688752566e-22,6.46597125169465
30.87,-0.1236879,0.3723333,-6.05403821600091e-24,0.138619009281765,0.27393236766742,-1.14373068379403,-0.232222654458177,0.119343999326491,-0.693040988642545,-2.11425252834946,-3.75681354203718e-22,6.49399178316437
30.88,-0.1353387,0.3660796,-3.76091398326441e-23,0.142156936003865,0.293590538730392,-1.16975730292709,-0.229286749070873,0.10764642629722,-0.689406648075155,-2.07116292440343,-2.34494316948002e-21,6.49792781782606
30.89,-0.1464178,0.3597321,-2.71467764782509e-22,0.14534805788954,0.314767329436609,-1.18862468774149,-0.226139075776507,0.0957601794198053,-0.685319694994648,-2.02893990546639,-1.70182931434175e-20,6.49902193363962
30.9,-0.1560511,0.3545964,-4.11427595174273e-21,0.148062008563,0.343431519475974,-1.19137259044823,-0.222704760581748,0.083846453515323,-0.677621053052487,-1.99001594961432,-2.60642872526783e-19,6.49909462571807
30.91,-0.1644959,0.350113,-9.57583142540768e-20,0.150452552332542,0.37709070332739,-1.18314554959688,-0.218933853548474,0.0720149980193542,-0.667505816895195,-1.95272548657558,-6.15385211627028e-18,6.49867941633362
30.92,-0.1715512,0.3465928,-3.49077926021299e-18,0.152498531649815,0.416642465771641,-1.16253227109216,-0.214767428890757,0.0603896753084326,-0.654281785880946,-1.91730811345068,-2.28799514973075e-16,6.49674023738636
30.93,-0.1769117,0.3444351,-2.09457810295491e-16,0.154001073781011,0.463627971532429,-1.12765670846221,-0.210131149175433,0.0491131082238105,-0.636705989732839,-1.88413570351294,-1.41204952460798e-14,6.48477791811387
30.94,-0.1806464,0.3435664,-1.65840702018728e-14,0.152773796920794,0.516794127951812,-1.08024042353408,-0.204963207895915,0.0383107039884697,-0.614993546608774,-1.85278147017104,-1.16118061684813e-12,6.36984519515877
30.95,-0.1826508,0.3441403,-1.58200757206949e-12,0.115687055786041,0.576169618380867,-1.02032435745042,-0.199201511712106,0.0281074604139655,-0.588413076204658,-1.82329207530966,-1.16505070591323e-10,4.78363651889895
30.96,-0.182821,0.3460689,-1.67220594724621e-10,0.0112685697721651,0.641745444793656,-0.949742822094427,-0.19278405726417,0.0186100321930213,-0.555961711273129,-1.79540904478755,-1.31565558982497e-08,0.462712084382031
30.97,-0.1814195,0.3490645,-1.54704181884722e-08,0.000166380119665842,0.710891564410197,-0.871690675211971,-0.185675141620068,0.00989312544090156,-0.518341109677058,-1.7686584705173,-1.31698708272335e-06,0.00679168866355113
30.98,-0.1783542,0.3527772,-1.24993011361482e-06,1.18911166394973e-06,0.783650767830068,-0.789621017881624,-0.177838633941767,0.00199691526208532,-0.474072655933982,-1.74254038275769,-0.000115948611019041,4.8296377267294e-05
30.99,-0.1738962,0.3567432,-7.79840692583339e-05,4.95862306288442e-09,0.857477538448013,-0.707577799606714,-0.169263858557287,-0.00507886273398181,-0.423648594291266,-1.71642122028403,-0.00773685490332664,2.00531512810773e-07
31,-0.1677819,0.3608062,-0.00407368336767109,1.19787094600974e-11,0.933776528405634,-0.627110193320589,-0.15992609327323,-0.0113499646671877,-0.363480953405659,-1.69010382596418,-0.408125171301506,4.82683329042104e-10
31.01,-0.16039,0.3639905,-0.0461238472658828,2.84507364720185e-14,1.00930529811353,-0.555522126471055,-0.149833040292095,-0.0169051859318983,-0.294196459764749,-1.66234658703713,-4.76218465270059,1.14296072484276e-12
31.02,-0.1513068,0.3665584,-0.0365529956584121,5.90040327059647e-17,1.08664758337709,-0.490669958121017,-0.138966564458324,-0.0218118855131084,-0.208785678068995,-1.63346032296869,-6.43272919924381,2.36494353873219e-15
31.03,-0.1405279,0.3680016,0.00111038949976443,1.68479223053834e-19,1.16530492715466,-0.436051348102113,-0.127313515186778,-0.0261723989941296,-0.101788668681986,-1.60304833395154,-6.49769881770513,6.74278162098417e-18
31.04,-0.1277094,0.368468,0.195200899207304,6.87022442784799e-22,1.24720358800455,-0.39015390077465,-0.114841479306732,-0.0300739380018761,0.0386913840427261,-1.57146798333285,-6.4999159818211,2.74809040975902e-20
31.05,-0.1126793,0.3679586,1.44471167083778,4.69497361929439e-24,1.33290130981739,-0.352579433051214,-0.101512466208558,-0.0335997323323882,0.225067530855256,-1.53907966581358,-6.49999676242013,1.87896303203567e-22
31.06,-0.09533249,0.3665273,2.91791158965175,6.01775169732335e-26,1.42242456528724,-0.322535745444569,-0.0872882205556859,-0.0368250897868339,0.465105085344549,-1.50635421396272,-6.4999998679794,2.41225924205041e-24
31.07,-0.07564279,0.3642679,4.4193387785497,1.51520792499152e-27,1.51521917958748,-0.29896270895864,-0.0721360287598111,-0.0398147168764203,0.747787442783074,-1.47377107263346,-6.49999999418486,6.09034246118409e-26
31.08,-0.05372569,0.3612543,5.5912971284552,7.72918814670674e-29,1.6097531336919,-0.280982902523036,-0.0560384974228921,-0.0426245459016506,1.03559083824917,-1.44176388833979,-6.4999999997104,3.11838190340228e-27
31.09,-0.03005751,0.3573781,6.24127596153061,1.00261275528133e-29,1.70204640086696,-0.269058473741442,-0.0390180334142225,-0.0453151306390651,1.28763573784987,-1.41092180700479,-6.49999999998186,4.0638379183154e-28
31.1,-0.004479764,0.3530125,6.47980319045074,2.11466849483295e-30,1.79289026189146,-0.260138570353057,-0.0210891307953079,-0.0479165163425956,1.49192470378685,-1.38099883321953,-6.49999999999864,8.6180787622496e-29
31.11,0.02256786,0.3481981,6.47839702160586,6.9476275404613e-31,1.87880570210239,-0.253755938724996,-0.00230107377428401,-0.0504540757298456,1.65236887835135,-1.35210938186923,-6.49999999999987,2.84892758977497e-29
31.12,0.04994757,0.3425714,6.35608487497322,5.83952285774378e-31,1.9516585841836,-0.252358456111434,0.017215512067552,-0.0529776602909599,1.7816706523051,-1.32531190781821,-6.49999999999998,2.41020521264943e-29
31.13,0.07779738,0.336512,6.17089033472533,7.08049782056485e-31,2.01295509168365,-0.252870849788855,0.0373450629843885,-0.0555063687888485,1.89045078586869,-1.29962661024207,-6.5,2.94288273998845e-29
31.14,0.1053603,0.3298854,5.94456651494127,1.43422868684486e-30,2.05783957758656,-0.256109558281189,0.0579234587602542,-0.0580674643716604,1.98728822316198,-1.27548577988368,-6.5,6.00432790260498e-29
31.15,0.13229,0.3227812,5.68287164518225,4.05781179026507e-30,2.08477814412558,-0.261214175421054,0.07877124020151,-0.0606796061258709,2.07770396529119,-1.25253943657765,-6.5,1.7115096255915e-28
31.16,0.1581729,0.3151478,5.3829236397113,1.62707583596331e-29,2.09196166555155,-0.26838556935278,0.0996908568570256,-0.0633634618193987,2.16584779968531,-1.23090058760072,-6.5,6.914900254715e-28
31.17,0.1829026,0.3071714,5.04173659569483,6.91616104676515e-29,2.07997401397764,-0.276098607257096,0.120490596996802,-0.0661244478919697,2.25380143090384,-1.20976741513921,-6.5,2.9626328008487e-27
31.18,0.2063798,0.2990293,4.65618561744217,2.4704032753132e-28,2.04950570265614,-0.282998183268205,0.140985654023363,-0.0689544297246517,2.34291289306751,-1.18841770012178,-6.5,1.06726796362441e-26
31.19,0.228361,0.2906058,4.22100586695015,8.61409455498528e-28,2.00027430385295,-0.289927477923166,0.160988397061893,-0.0718537045038834,2.43467550589823,-1.16736309195066,-6.49999999999999,3.75472404354329e-26
31.2,0.248829,0.2819341,3.73678484256509,2.80604727014561e-27,1.93370824125396,-0.296603490580212,0.180325479474432,-0.0748197394096855,2.52924939174638,-1.14645466429022,-6.49999999999998,1.23457516298797e-25
31.21,0.2678861,0.2731683,3.20826125775946,7.19364755801419e-27,1.85206724334323,-0.30189858355215,0.198846151907865,-0.077838725245207,2.62588315409812,-1.12503612308262,-6.4999999999998,3.19706264675312e-25
31.22,0.2854951,0.2641329,2.63543963218701,1.80032230043373e-26,1.75654225538782,-0.307132293337262,0.216411574461743,-0.0809100481785796,2.72419214468448,-1.10397286000469,-6.49999999999739,8.08505599509286e-25
31.23,0.3018301,0.2548844,2.02984085963026,4.12523746211545e-26,1.64980237553465,-0.311870363590385,0.23290959821709,-0.0840287518144835,2.82253497277281,-1.08299791479753,-6.49999999994666,1.87289925091704e-24
31.24,0.3171391,0.2457148,1.43047742019942,6.38067028493135e-26,1.53490521355473,-0.314026972775839,0.248258650352637,-0.0871690215422419,2.91884365943788,-1.06076190740767,-6.49999999830779,2.93217197104921e-24
31.25,0.3314267,0.2363755,0.852635002303837,8.97914390311182e-26,1.41302059629624,-0.315544864698305,0.262388856315599,-0.0903244701892249,3.01237467119986,-1.03863486108342,-6.49999991342068,4.17863762881172e-24
31.26,0.3450705,0.227439,0.209271784646777,6.33914769787872e-26,1.28789910441867,-0.312358308031186,0.275267847359786,-0.0934480532695368,3.10076544984736,-1.01378331095828,-6.49999317932037,2.99412986181779e-24
31.27,0.3578636,0.2182815,-0.0522386376496482,4.55970895192859e-26,1.15892402723706,-0.309275633231183,0.286857087632157,-0.0965408096018486,-3.09836949271633,-0.989711098728247,-6.49907850135997,2.18626656568059e-24
31.28,0.3700777,0.2094949,0.00769880443692229,1.77505364141985e-26,1.02891444447567,-0.302061943024222,0.297146232076913,-0.0995614290320909,-3.0199662755736,-0.963229884177796,-6.29567215173985,8.65921801657113e-25
31.29,0.3816402,0.2009324,-0.0019092083260181,4.49612821540845e-27,0.898070591555662,-0.292091961802795,0.30612693799247,-0.102482348650119,-2.9466633108319,-0.935355572808298,-0.438144507848919,2.23540757091142e-25
31.3,0.3925285,0.1926181,-4.80687836262606e-06,7.28580501201258e-28,0.766935967136856,-0.279435270810533,0.313796297663838,-0.105276701358224,-2.87809540165343,-0.906067018655963,-0.000538770242721142,3.69869240270881e-26
31.31,0.402688,0.1845644,-2.70100760983397e-09,7.46530551171967e-29,0.635790204464392,-0.264251348331458,0.320154199708482,-0.107919214841539,-2.81374381119616,-0.875392799966607,-2.70572507709651e-07,3.87763414454434e-27
31.32,0.4120602,0.1768355,-5.4688685706342e-13,4.45906691676865e-30,0.504868793639837,-0.246334643866616,0.325202887644881,-0.110382561280205,-2.75310213057815,-0.843011929057913,-5.49596826424361e-11,2.3762794484032e-28
31.33,0.4205539,0.1693137,-4.97432166945095e-17,1.78155718734326e-31,0.374158273209048,-0.226807024273684,0.328944470376971,-0.112650631522942,-2.69559547624375,-0.809803560945243,-4.81846495274948e-15,9.76593250671194e-30
31.34,0.4281673,0.1620984,-3.94100986393376e-21,4.15401241460514e-33,0.244274635627299,-0.205168176509368,0.331387216733244,-0.114702313288035,-2.64100073113923,-0.775130941585144,-3.47824882329548e-19,2.35146534937716e-31
31.35,0.4349068,0.1552386,-1.77861036038734e-24,5.24168569833102e-35,0.115847524195196,-0.181325165201942,0.332545691975196,-0.116515564940055,-2.58911238260356,-0.738685715097268,-1.4095920265734e-22,3.0807260235427e-33
31.36,0.440757,0.1486308,-1.13233052395194e-25,4.21305949885105e-37,-0.0106998693946707,-0.156293661492338,0.332438693281249,-0.118078501554978,-2.53965780564584,-0.701328589050428,-8.12331731426367e-24,2.5868817322136e-35
31.37,0.4458326,0.1424573,-8.92825448753829e-25,1.75660805327383e-39,-0.134066278590986,-0.128979337388962,0.33109803049534,-0.119368294928868,-2.95845032481578,-0.661588746156328,-2.87840817614782e-22,1.13871075078812e-37
31.38,0.4501852,0.1365972,-4.35020450167579e-21,5.56269654670988e-42,-0.253501215366555,-0.100547854762565,0.328563018341674,-0.120373773476493,-2.89136042484486,-0.620526478716534,-5.18541820226226e-19,3.85625621936737e-40
31.39,0.45405,0.1313898,-2.12084249492971e-17,1.32718984008575e-44,-0.367031091954274,-0.0687964752579173,0.324892707422131,-0.121061738229073,-2.82728553797629,-0.574993797283421,-2.13929531180408e-15,1.00401991853627e-42
31.4,0.4572137,0.1262473,-5.53945492790598e-14,1.39272307131467e-46,-0.476011918943236,-0.0383280450733654,0.320132588232699,-0.121445018679806,-2.76518446999592,-0.530641561730635,-5.56152529879066e-12,1.15557987065319e-44
31.41,0.4600571,0.1217511,-5.21953101292577e-11,1.25327139919464e-47,-0.577539441276439,-0.0050472429932622,0.314357193819935,-0.121495491109739,-2.70625949905138,-0.481524566449983,-5.12104644915349e-09,1.14720963066564e-45
31.42,0.4626002,0.1177933,-1.90576944758097e-08,4.30823550482656e-47,-0.671490843241752,0.0299016787986748,0.307642285387517,-0.121196474321752,-2.65022499522457,-0.428608676826576,-1.71258614891397e-06,4.25577010885461e-45
31.43,0.4646796,0.1141616,-3.14908178633197e-06,4.15104306284885e-45,-0.759082829159372,0.064702592803048,0.300051457095923,-0.120549448393722,-2.59616909800606,-0.374185102086721,-0.000253294178636225,4.16624271800466e-43
31.44,0.466478,0.1110431,-0.000239682789536922,3.1082709389887e-42,-0.839037294901804,0.100523657579666,0.291661084146905,-0.119544211817925,-2.54442924583146,-0.31587501950951,-0.0173525118237275,3.13184878082239e-40
31.45,0.4678543,0.1083139,-0.00901818131429145,3.56751309408793e-39,-0.912485358556335,0.136222728168928,0.282536230561342,-0.118181984536236,-2.49422224653743,-0.255067215110229,-0.597499196940893,4.14842288367586e-37
31.46,0.4686669,0.1058832,-0.0743689357038481,1.64367156530802e-36,-0.980511949545022,0.17097319160886,0.272731111065892,-0.116472252620147,-2.44485583194383,-0.192873548323938,-4.59301414171419,3.96646180569507e-34
31.47,0.4688835,0.1036951,-0.108608833901123,-2.25849134580694e-34,-1.04338163426168,0.204263724136204,0.262297294723275,-0.114429615378785,-2.39605012809099,-0.130014472266653,-6.33619819465388,1.93176623515776e-31
31.48,0.468558,0.1018329,-0.116604948364222,2.85908443300004e-31,-1.10075923220086,0.236621833844818,0.251289702401266,-0.112063397040337,-2.34779922895361,-0.0651491904030399,-6.48501311826508,5.16176769179137e-29
31.49,0.4673872,0.10008,-0.121889611141764,4.44300027307813e-30,-1.15487436242545,0.266398035816922,0.239740958777012,-0.109399416682168,-2.2990874604028,-0.00153233586120804,-6.49830964052206,6.04657702270407e-27
31.5,0.4647947,0.09759824,-0.126833907323356,-5.48348313242864e-27,-1.20973955926483,0.287630227096916,0.227643563184364,-0.106523114411199,-2.24834353980299,0.047137076462312,-6.49980024571741,1.41303317527876e-25
31.51,0.4616365,0.09535906,-0.131490637859908,-2.34478008312429e-25,-1.25898875402648,0.307763723873938,0.215053675644099,-0.103445477172459,-2.19791217275317,0.0970275204500975,-6.4999684092278,2.43183853150444e-24
31.52,0.4577342,0.09292494,-0.135967093474013,-2.9149032423658e-24,-1.30401872367198,0.323645173951906,0.202013488407379,-0.10020902543294,-2.14721590066682,0.140655427013729,-6.49999381651508,2.04329026759984e-23
31.53,0.4533943,0.09040821,-0.140167128871904,-1.86180404638965e-23,-1.3427320369325,0.336299321529751,0.188586168038054,-0.0968460322176426,-2.09686336795793,0.18003749563966,-6.49999841014528,1.03329081976484e-22
31.54,0.4488459,0.0877763,-0.144031961373034,-6.87527631645731e-23,-1.37375525046858,0.345658262874382,0.174848615533368,-0.0933894495888988,-2.0471439735057,0.214560325909722,-6.49999944668937,3.2375586620732e-22
31.55,0.4445212,0.08523407,-0.147500191316869,-1.96216315722704e-22,-1.39441926465636,0.353373064813031,0.160904422886805,-0.0898557189407685,-1.9986292115471,0.24824795705706,-6.49999971840159,8.0323392338998e-22
31.56,0.4407988,0.0829394,-0.150552136560193,-5.2092529183619e-22,-1.40267301023916,0.360648878973441,0.146877692784413,-0.086249230151034,-1.95160514411484,0.284581207753533,-6.49999977782716,1.86636894239403e-21
31.57,0.4380128,0.08105972,-0.153194809430252,-1.52166956047496e-21,-1.39698540161714,0.368674714804749,0.132907838768242,-0.0825624830029865,-1.90615517968073,0.327699504740213,-6.49999971457807,4.74650335267422e-21
31.58,0.4364231,0.0797118,-0.155452695693218,-5.3642557611935e-21,-1.37652617394691,0.378188361022665,0.119142577028773,-0.0787805993927599,-1.86216759782324,0.381117162227638,-6.49999937962319,1.44384956609822e-20
31.59,0.4362332,0.07910066,-0.157356107005624,-2.6622368590757e-20,-1.34099765994602,0.39049668487965,0.105732600429312,-0.0748756325439634,-1.81941185529958,0.450737676655849,-6.49999763286033,6.10660054957906e-20
31.6,0.4373713,0.07909972,-0.158943967394508,-1.55090447974489e-19,-1.29213847652085,0.404429668708937,0.0928112156641038,-0.070831335856874,-1.77729554285533,0.534629918564659,-6.49998445509689,3.04153357411866e-19
31.61,0.4397597,0.07980905,-0.160236626866092,-1.10797892885658e-18,-1.23167557389223,0.420510843505683,0.0804944599251815,-0.0666262274218172,-1.73527079489496,0.635615375757139,-6.49982549367404,1.86623921069518e-18
31.62,0.4432408,0.08140109,-0.161175276605117,-1.05709335014644e-17,-1.16183616863315,0.439731537230593,0.06887609823885,-0.0622289120495113,-1.6927348373942,0.756589447808594,-6.49670876486591,1.54021892622954e-17
31.63,0.4471286,0.08357771,-0.159843051693961,-9.83094178539165e-17,-1.08846183974311,0.459635170945005,0.0579914798414189,-0.0576325603400612,-1.64870599644282,0.887735385536824,-6.41376633284924,1.26750034424146e-16
31.64,0.4512443,0.08655097,-0.109331545320146,-1.02074039259816e-15,-1.01342617026273,0.481579747749342,0.0478572181387916,-0.0528167628625678,-1.60277170877401,1.02856046489009,-4.37556614746118,1.19162988266874e-15
31.65,0.4545691,0.08995497,-0.00914695786787804,-8.69489908191211e-15,-0.944395703775383,0.502689526740899,0.0384132611010378,-0.0477898675951588,-1.55436566914957,1.16736583683754,-0.365929202563411,9.45351192799439e-15
31.66,0.4567699,0.09394676,-0.000342588124225865,-6.85924301608024e-14,-0.883636682731289,0.524031052336302,0.0295768942737249,-0.0425495570717958,-1.50374656867746,1.30232838493178,-0.0137353219477409,7.11395285195996e-14
31.67,0.4573576,0.09863015,-1.90994659129958e-05,-5.32898645774214e-13,-0.83430987994549,0.546213057295382,0.02123379547427,-0.037087426498842,-1.45170830670511,1.43005650765784,-0.000769594098096185,5.38217626229816e-13
31.68,0.4556351,0.1037364,-2.41155317984252e-06,-3.3920778814176e-12,-0.800757686342263,0.567137361259164,0.0132262186108474,-0.0314160528862503,-1.39988529868384,1.54676983343124,-9.79319203543417e-05,3.39305670395438e-12
31.69,0.4516623,0.109682,-7.07597564970995e-07,-2.3185995226554e-11,-0.781607268803596,0.589751503419735,0.0054101459228114,-0.025518537852053,-1.34980900529505,1.65247565497151,-2.90309386244172e-05,2.32635147679055e-11
31.7,0.4453615,0.1167085,-5.02473884054711e-07,-1.90380187003632e-10,-0.776475989736245,0.615534758390945,-0.00235461397455104,-0.0193631902681435,-1.30294415131072,1.74551667451371,-2.08647579896294e-05,1.93322015831598e-10
31.71,0.436752,0.124741,-8.19621898074855e-07,-1.71124632754007e-09,-0.784254094077183,0.643585261254206,-0.0101971549153229,-0.0129273376556015,-1.26023055271273,1.82594059081889,-3.4481502816087e-05,1.76846931295128e-09
31.72,0.4259418,0.1339517,-2.69421451137948e-06,-1.77823877754593e-08,-0.803220718076409,0.674816335942815,-0.018229362096087,-0.00617917429617334,-1.22192836752096,1.89423658267422,-0.000114879287357924,1.87543946626981e-08
31.73,0.4133987,0.1445222,-1.32083011660611e-05,-2.22598009069258e-07,-0.829186468226419,0.710126506500981,-0.0265212267783512,0.000922090768836478,-1.18710438749296,1.95119981778891,-0.000570935568071919,2.39727484345251e-07
31.74,0.3994854,0.1565202,-7.72291845700413e-05,-3.25352385931322e-06,-0.858963975867165,0.749515996672752,-0.0351108665370228,0.00841725073556399,-1.15479664296896,1.99847118183516,-0.00338501308817585,3.5754248950007e-06
31.75,0.3849813,0.1702878,-0.000378071272131856,-6.09214046739563e-05,-0.886638232571442,0.79491831506706,-0.0439772488627372,0.0163664338862346,-1.12307117071628,2.0364148695741,-0.0168185649589943,6.81766135158278e-05
31.76,0.3700441,0.1855879,-0.00147335815493576,-0.00120897240181161,-0.911094643297084,0.843969506935251,-0.0530881952957081,0.0248061289555871,-1.09155412087981,2.06836742755151,-0.0665911622014445,0.00137573522216557
31.77,0.3551373,0.2023296,-0.00390382792510053,-0.0232693987546479,-0.929164252110432,0.895495705121864,-0.0623798378168124,0.0337610860068057,-1.05917588131261,2.0962777986569,-0.179555308485967,0.0268973307245701
31.78,0.340982,0.2207742,-0.00566846604627731,-0.434248909975852,-0.936121085605873,0.95090618827681,-0.0717410486728711,0.0432701478895738,-1.02428861073382,2.12010826322842,-0.266039344478419,0.50913342736777
31.79,0.3272315,0.2400909,-0.00548044523517083,-3.07656376035938,-0.93513580624882,1.00370297715687,-0.0810924067353593,0.0533071776611425,-0.988034431668499,2.14433253886097,-0.263055172784293,3.66250511333433
31.8,0.3141412,0.2601124,-0.00330395210697791,-5.01696649298479,-0.924963090885749,1.05259515865176,-0.0903420376442168,0.0638331292476601,-0.94986216467507,2.16944971263929,-0.162634648556949,6.07295338459673
31.81,0.3016654,0.280425,-0.00127352494454904,-5.21725399702674,-0.906608160592974,1.09464504542917,-0.0994081192501466,0.0747795797019519,-0.91005074252214,2.1967361123496,-0.0644648449443174,6.43769636206577
31.82,0.2895339,0.3004774,-0.000350796629205071,-5.13563805737829,-0.882624357710268,1.12618114039007,-0.108234362827249,0.0860413911058526,-0.869533417636953,2.22767557670852,-0.0183036352457988,6.48526589219056
31.83,0.2779441,0.3203357,-6.42250900448423e-05,-5.00682416444868,-0.85212776146585,1.14824493083618,-0.116755640441908,0.0975238404142144,-0.827793389273177,2.26125261002764,-0.00346624218733926,6.49459512532548
31.84,0.266295,0.3391699,-1.00749708040273e-05,-4.84368728886904,-0.819938905773432,1.15546688758684,-0.124955029499642,0.109078509290083,-0.786908633486175,2.30003242168937,-0.00056392658450896,6.49621160406297
31.85,0.2544167,0.3567505,-1.46377570747543e-06,-4.64679569706733,-0.787518570241241,1.14721485371094,-0.132830215202054,0.120550657827192,-0.747527171187642,2.34417035644549,-8.52158540691578e-05,6.4948583659283
31.86,0.2423832,0.3731664,-1.91374025760853e-07,-4.41562524053772,-0.754513187535398,1.12524923265794,-0.140375347077408,0.131803150153772,-0.70943608910437,2.39277906768685,-1.16334877651476e-05,6.48736190909226
31.87,0.2297749,0.3878759,-2.75461996795862e-08,-4.11451120929174,-0.724063830405953,1.08678432244697,-0.147615985381468,0.142670993378241,-0.674176952124077,2.44770008887497,-1.75347944210949e-06,6.434562051451
31.88,0.2166529,0.4010354,-4.28371589910889e-09,-3.47392031293215,-0.695699437215637,1.03429059260238,-0.154572979753624,0.153013899304265,-0.641463907403516,2.50798250013067,-2.86527198342441e-07,5.86724078594148
31.89,0.2027292,0.4123016,-8.40465699975499e-10,-0.937913375659896,-0.671424763452313,0.966576595649315,-0.161287227388147,0.162679665260758,-0.612279195178354,2.57495009539626,-5.91403432512928e-08,1.74630912368708
31.9,0.188026,0.421657,-2.0815630554091e-10,-0.0170655978959283,-0.650903149146497,0.884936881591237,-0.167796258879612,0.171529034076671,-0.586345054845393,2.64853290227642,-1.53922393790138e-08,0.0360212230741191
31.91,0.1727864,0.4293894,-5.77093413694618e-11,-8.30181270634732e-05,-0.632252357352655,0.792821768866407,-0.174118782453139,0.179457251765335,-0.562548419106271,2.72715188058965,-4.47867514251361e-09,0.000206147585905598
31.92,0.1570538,0.4354861,-1.75975218082545e-11,-1.17416404559791e-07,-0.615113077073342,0.691349981111639,-0.180269913223872,0.186370751576451,-0.540602132198095,2.81056259491927,-1.42986584213978e-09,3.626368950682e-07
31.93,0.1411666,0.4402948,-4.93220324035337e-12,-4.35271896561893e-11,-0.597073632878374,0.584179082650888,-0.186240649552656,0.19221254240296,-0.519142995142831,2.89650751747277,-4.19178381635521e-10,1.80411115956312e-10
31.94,0.1248018,0.4434312,-1.53206638375528e-12,-2.23792138633366e-15,-0.580540403001876,0.469520859894569,-0.192046053582675,0.196907751001906,-0.499400208079217,2.98647752783503,-1.35536685241868e-10,1.42800831681359e-14
31.95,0.1088099,0.4458432,-3.27660323467965e-13,-1.33931522481446e-20,-0.559501810109246,0.35524551998363,-0.197641071683767,0.200460206201742,-0.478121524194406,3.07464474087624,-3.01783584938283e-11,2.19119530176099e-19
31.96,0.0929286,0.4472442,-5.67592079026367e-14,3.15475709481675e-27,-0.536206053403451,0.239867575200247,-0.203003132217802,0.202858881953744,-0.456517694713584,-3.12110382568329,-5.41756939342498e-12,4.67241931273719e-25
31.97,0.0774078,0.4480067,-6.92145860967233e-15,-3.12067110390164e-34,-0.509157356311746,0.12670845694397,-0.208094705780919,0.204125966523184,-0.433773399690485,-3.03687751146681,-6.80219724599329e-13,7.02313467203367e-31
31.98,0.06225894,0.448234,-5.93655855875758e-16,8.30310711720263e-37,-0.478659495239945,0.0169238556891287,-0.212881300733319,0.204295205080075,-0.410034718370839,-2.95657638313331,-5.94067716510115e-14,2.51232706779729e-34
31.99,0.04814811,0.4486841,-2.34054605397678e-17,7.51952861036983e-35,-0.440414670133105,-0.083764151259583,-0.21728544743465,0.20345756356748,-0.382968200203502,-2.88401875973177,-2.35156897878952e-15,8.64186289010525e-33
32,0.0345359,0.4490115,-5.88844717935907e-19,1.66422706120729e-30,-0.39893257301382,-0.17794932784739,-0.221274773164788,0.201678070289006,-0.354961558723681,-2.89131387949237,-5.8914559970701e-17,1.98324818474621e-28
32.01,0.02164632,0.4495253,-7.93443199776977e-21,5.59635292844787e-26,-0.353061862422152,-0.263410596396373,-0.22480539178901,0.199043964325042,-0.325306680874233,-2.77509821145096,-7.95527188366705e-19,5.60968631998117e-24
32.02,0.009244461,0.4502207,-6.73900468427534e-23,3.45360375203187e-22,-0.304978044458355,-0.340365031495118,-0.227855172233593,0.195640314010091,-0.295101549867755,-2.67288137066675,-6.94767877493906e-21,3.23321080786168e-20
32.03,-0.002562022,0.4512146,-3.45898917023833e-25,4.19371768956852e-19,-0.254310074252775,-0.40819151017029,-0.230398272976121,0.191558398908388,-0.264034765116262,-2.58418835623095,-3.86883009557795e-23,3.28961516244705e-17
32.04,-0.01402981,0.4523716,-1.47974055924566e-27,1.28262532798455e-16,-0.203285626885719,-0.46815587553175,-0.232431129244978,0.18687684015307,-0.233242500155669,-2.50608834564043,-1.97627939796861e-25,8.66414336335555e-15
32.05,-0.02531544,0.4535838,-7.29619362087869e-30,1.33317709021736e-14,-0.153275464667342,-0.521277929277382,-0.233963883891651,0.181664060860297,-0.20339782154264,-2.43622802615618,-1.40471752770044e-27,8.14485013670351e-13
32.06,-0.03656843,0.4546866,-5.12902839707352e-32,6.35388287502672e-13,-0.105500338000656,-0.568944832529429,-0.235018887271658,0.175974612535002,-0.175106485395169,-2.37225786353513,-2.29752226956488e-29,3.61726597571899e-11
32.07,-0.04801119,0.4554147,2.91079195459475e-34,1.83556828863123e-11,-0.0615968750479361,-0.613187631103941,-0.235634856022137,0.169842736223963,-0.149234343404953,-2.31168629471124,-1.38857262215763e-30,9.88893774742717e-10
32.08,-0.05972721,0.4555517,4.25476107238631e-34,3.85506541671854e-10,-0.0220920461448557,-0.655563241633274,-0.235855776483586,0.16328710380763,-0.126028850124236,-2.25288781303528,-3.46802439111733e-31,1.98229822297278e-08
32.09,-0.07191418,0.4549401,1.63584057458741e-34,6.56737175458347e-09,0.0117438722084096,-0.697107099719094,-0.235738337761502,0.156316032810439,-0.106189348473957,-2.19496943250699,-2.89291942662061e-31,3.23989769072923e-07
32.1,-0.08449043,0.453538,-7.69879124126415e-34,9.3555060859214e-08,0.0407198742300672,-0.737958944652839,-0.235331139019201,0.148936443363911,-0.089216629312972,-2.13785985559434,-5.21414346692233e-31,4.44628812955986e-06
32.11,-0.09746328,0.451198,-5.33384438914388e-33,1.19744289850483e-06,0.0649875483600653,-0.779005206026165,-0.234681263535601,0.141146391303649,-0.0750064921727131,-2.08108384352089,-1.37733136740602e-30,5.50350307225874e-05
32.12,-0.1109574,0.4476756,-2.14558328896245e-32,1.51747526784637e-05,0.083887030972928,-0.821757749858451,-0.233842393225871,0.132928813805065,-0.0639488381453165,-2.02403854345735,-3.74488035115882e-30,0.000676873581331116
32.13,-0.1245582,0.4433817,-7.50793072510104e-32,0.000157115152783374,0.100618984869534,-0.862943558734033,-0.232836203377176,0.124299378217724,-0.0541415507511722,-1.96863226816871,-1.05782267900305e-29,0.00683184619931465
32.14,-0.1379468,0.4385614,-2.77616153295237e-31,0.00121888938167377,0.117497092317063,-0.90070890452224,-0.231661232454005,0.115292289172502,-0.0441905923611428,-1.91550433419647,-3.4760205259196e-29,0.0518925812567662
32.15,-0.1510695,0.4331896,-1.09178758748197e-30,0.00718112920512232,0.134809904935675,-0.935276964731862,-0.230313133404649,0.105939519525183,-0.0339025980319673,-1.86425364432847,-1.34163631257747e-28,0.300460944719089
32.16,-0.1634783,0.427691,-5.61728972064725e-30,0.0264128266745894,0.155589356367614,-0.96366510957586,-0.228757239840972,0.0963028684294247,-0.0214046650225994,-1.81547503677876,-8.12512620510792e-28,1.08993718648882
32.17,-0.1749173,0.4222816,-2.36272254829205e-29,0.0570450006750055,0.181290596719283,-0.984621185754245,-0.22694433387378,0.0864566565718822,-0.00573463033885663,-1.76892487214764,-9.28145401754645e-27,2.32872301114829
32.18,-0.1851265,0.4172342,2.01623114677636e-27,0.0793565158347401,0.213267641024096,-0.996616021171645,-0.224811657463539,0.0764904963601658,0.0140563238235103,-1.72431561551443,-2.35687596934986e-25,3.21319042007901
32.19,-0.1938692,0.4127688,4.35543747360434e-25,0.082486150500762,0.252582706572834,-0.998653264072684,-0.22228583039781,0.0665039637194389,0.0387961452450336,-1.68115517259898,-1.44523529580718e-23,3.32025496270231
32.2,-0.2011503,0.4089717,1.10350194676782e-22,0.0658284980800527,0.298491908764749,-0.99080857653473,-0.219300911310163,0.0565958779540916,0.0682366757928543,-1.63876466728292,-1.7619729525249e-21,2.63941862145235
32.21,-0.2068475,0.4059996,3.79149876452319e-20,0.0340909526230988,0.351161366004977,-0.972704781280346,-0.215789297650113,0.0468688301412882,0.102733457309567,-1.59651813864507,-3.68490745316688e-19,1.36410298742218
32.22,-0.2109959,0.4036799,1.44423687676654e-17,0.0100785160719555,0.409605130862627,-0.946388522756664,-0.211693246341487,0.0374049449137215,0.14193919507634,-1.55363050843514,-1.00346970550206e-16,0.40320184377207
32.23,-0.2138068,0.4030454,4.69768762761146e-15,0.0011358659756275,0.471642656988603,-0.905220788847742,-0.206976819771601,0.0283527370252441,0.184731445480489,-1.50931997117755,-2.5455393856152e-14,0.0455232379298281
32.24,-0.2151535,0.4032396,1.32789990239404e-12,7.10992523959919e-05,0.537598384666659,-0.856565786167138,-0.201600835924934,0.0197870791635727,0.231587595730708,-1.46257241519953,-5.81302794376291e-12,0.00286121572788251
32.25,-0.215136,0.4047991,2.87721958327268e-10,1.95398426856174e-06,0.606162286448921,-0.79738365945429,-0.195539213060445,0.0118132425690298,0.281923154875485,-1.41185055458906,-1.04037568959421e-09,7.91876405255924e-05
32.26,-0.2138778,0.4076301,4.35729203341757e-08,2.2330767079976e-08,0.675939978548307,-0.729393530897998,-0.188779813274962,0.00451930726004985,0.335071854630047,-1.35538517969365,-1.32980962870961e-07,9.15009202548293e-07
32.27,-0.2115497,0.4115696,4.30099096673917e-06,9.91768856495858e-11,0.745295360227889,-0.654732231442907,-0.181326859672683,-0.00202801505437921,0.390185537543499,-1.29103859777573,-1.13163655464117e-05,4.13241167002969e-09
32.28,-0.2083766,0.4162337,0.000261546649988542,1.7488193032545e-13,0.812329512776845,-0.57699182383749,-0.173203564544915,-0.00779793329275411,0.446231445140859,-1.21686800836081,-0.0006056078412163,7.47100845907078e-12
32.29,-0.2042296,0.4214245,0.01093974680957,1.10540705634366e-16,0.877768374662356,-0.49819943359156,-0.164425880798291,-0.0127799276286697,0.503848876353929,-1.1303464579885,-0.0226383623118879,4.9002363268404e-15
32.3,-0.199385,0.4264361,0.27496996889045,3.32713407666223e-20,0.939454983643509,-0.423858813072082,-0.155031330961856,-0.0170185157593905,0.561844613776688,-1.03237457292572,-0.515845857781206,1.55404524537683e-18
32.31,-0.193904,0.430828,2.23343667670856,6.21155860729101e-24,0.996908548068971,-0.3571677522638,-0.145062245481166,-0.0205901932820285,0.620087926630837,-0.926061685005595,-3.84292193503399,3.10848232977176e-22
32.32,-0.1875297,0.43406,3.87998417479041,1.34158591007446e-27,1.0519321402223,-0.30176527534685,-0.134542924078943,-0.023607846035497,0.679811476996853,-0.82010782958477,-6.1727223840917,7.28827144451838e-26
32.33,-0.1799916,0.4357053,4.37180211973933,8.12478401167694e-31,1.10631044214268,-0.260162555555783,-0.123479819657516,-0.0262094715910549,0.74213562329718,-0.726735360645923,-6.46961873228087,4.83938016697883e-29
32.34,-0.1704255,0.4370461,4.70651860525556,3.32544827127538e-34,1.16586272330961,-0.222465388792533,-0.11182119242442,-0.0284341254789802,0.810220299502454,-0.634823449701393,-6.49759586603801,2.24891167034805e-32
32.35,-0.1593342,0.4364735,5.01534969522084,1.7160468006985e-36,1.22639600332743,-0.200026451093636,-0.0995572323911459,-0.0304343899899165,0.881430339732593,-0.572244794489281,-6.49979580349731,1.30547767547459e-34
32.36,-0.1459343,0.4346915,5.31642684198855,6.15703317431314e-38,1.29301503567042,-0.186859291378683,-0.0866270820344418,-0.0323029829037034,0.957748456910028,-0.530573781397395,-6.4999847204885,5.10938278608042e-36
32.37,-0.1301143,0.4317791,5.59948957956659,1.69761817255422e-38,1.36572957247174,-0.181803355119679,-0.0729697863097244,-0.0341210164549002,1.03806696074533,-0.508299403649074,-6.49999896788633,1.47525665136962e-36
32.38,-0.1116288,0.4279782,5.85463164388861,2.249691595888e-38,1.44545297752168,-0.182579538988991,-0.0585152565345075,-0.0359468118447901,1.1213209725133,-0.499949613634346,-6.49999993763567,1.98806089669039e-36
32.39,-0.0905196,0.4234222,6.0712552615608,9.68475701522109e-38,1.53098774203138,-0.187813551995848,-0.0432053791141937,-0.0378249473647486,1.2054774445837,-0.501632527217671,-6.49999999640512,8.52987356537297e-36
32.4,-0.06698579,0.4183006,6.24283437033387,8.03293700426257e-37,1.62008827998932,-0.195806583401264,-0.0270044963143005,-0.0397830131987612,1.28849551920866,-0.508792334288913,-6.49999999978474,6.97376128639479e-35
32.41,-0.04107785,0.412888,6.36831095049374,7.02555248009032e-36,1.71168874605507,-0.204363306444451,-0.00988760885374979,-0.0418266462632057,1.36910979660943,-0.516296104364443,-6.49999999998615,6.00614709497744e-34
32.42,-0.01327352,0.4072548,6.44955928637884,5.60158337819322e-35,1.80179273967919,-0.212893576688801,0.00813031854304212,-0.0439555820300937,1.4461043008008,-0.52289261825437,-6.49999999999894,4.72371886331865e-33
32.43,0.0160342,0.4015984,6.49133552830697,2.97410711869311e-34,1.88728417662424,-0.219946275362918,0.0270031603092845,-0.0461550447837229,1.51914444332393,-0.52587387637995,-6.4999999999999,2.49245841610534e-32
32.44,0.04631608,0.3959545,6.49899616173724,1.04697319561956e-33,1.9643339236472,-0.225330297120105,0.0466464995457566,-0.0484083477549239,1.58837573739403,-0.525248341815602,-6.49999999999999,8.78566205942533e-32
32.45,0.07709318,0.3903967,6.47733076922951,2.29484362233885e-33,2.0297744393259,-0.228609780869611,0.0669442439390156,-0.0506944455636201,1.65435885425841,-0.520557054602997,-6.5,1.94462813231654e-31
32.46,0.1080486,0.3851704,6.42992057268158,2.27723425731395e-33,2.08185175783911,-0.228167063528296,0.0877627615174067,-0.052976116198903,1.71780838707353,-0.509211827179362,-6.5,1.97528587011472e-31
32.47,0.1387101,0.3802305,6.35897382081928,1.16640188256425e-33,2.11791223325042,-0.224585633439405,0.108941883849911,-0.0552219725332971,1.77953560913145,-0.492651324580538,-6.5,1.04558044944984e-31
32.48,0.1686582,0.3755528,6.26532684492106,3.31037705283316e-34,2.13593755798722,-0.218272107875984,0.130301259429783,-0.0574046936120569,1.84039082066949,-0.471801833290301,-6.5,3.08292617755006e-32
32.49,0.1978043,0.3713315,6.14909616308133,3.88555533346882e-35,2.1364552884816,-0.208069921235479,0.151665812314599,-0.0594853928244117,1.90095851248785,-0.444641585979403,-6.5,3.7704153547758e-33
32.5,0.2253305,0.366926,6.00787022608886,5.39679912598181e-36,2.11493901961554,-0.198846733190939,0.172815202510754,-0.0614738601563211,1.96251228964973,-0.420059994420148,-6.5,5.36894128126597e-34
32.51,0.2512631,0.362427,5.83976769002639,7.70904453882497e-37,2.07319658587512,-0.18993226700304,0.193547168369506,-0.0633731828263515,2.02550701355809,-0.396771294490695,-6.5,7.74337386822513e-35
32.52,0.2753853,0.3575959,5.64155408801139,1.71791393802277e-37,2.01130871077677,-0.183035203804479,0.213660255477273,-0.0652035348643963,2.09064534468765,-0.377854347288487,-6.5,1.72508816024269e-35
32.53,0.2978068,0.3525906,5.41096525894247,4.52350234058132e-38,1.93173557150349,-0.176923169286934,0.232977611192308,-0.0669727665572656,2.15811181353255,-0.360946086101013,-6.49999999999998,4.52995633842208e-36
32.54,0.3183482,0.3470901,5.14397714425886,2.49203410897502e-38,1.83483172684407,-0.173840523050109,0.251325928460749,-0.0687111717877667,2.22851283382414,-0.350047555080291,-6.49999999999973,2.49189915069529e-36
32.55,0.3370664,0.3411086,4.83802531616667,2.70916415321838e-38,1.72266649955246,-0.173480861020798,0.268552593456274,-0.0704459803979747,2.30198736268569,-0.344375778328011,-6.49999999999448,2.70811897899294e-36
32.56,0.3539909,0.3345573,4.49114575685759,6.41229793108815e-38,1.59704987630088,-0.176276546479771,0.284523092219282,-0.0722087458627724,2.37863455708953,-0.344438036087201,-6.49999999979689,6.40983284305839e-36
32.57,0.3693349,0.3277305,4.10483630754132,1.82698166351015e-37,1.4610185758584,-0.179895789670715,0.299133277977866,-0.0740077037594796,2.45798281873773,-0.345848964844207,-6.49999998637707,1.8263622546655e-35
32.58,0.3830297,0.3201187,3.67893809569871,1.40036399947989e-36,1.31547702336575,-0.187866662711045,0.312288048211524,-0.07588637038659,2.54013410678931,-0.354507705290231,-6.49999816563006,1.40099453195091e-34
32.59,0.3954668,0.3125112,3.22000367645326,7.00971458586175e-36,1.16453330519797,-0.194238259265348,0.323933381263504,-0.0778287529792435,2.62375780102286,-0.359968597960194,-6.49950329364431,7.01858537606141e-34
32.6,0.4066815,0.3048846,2.60909109178468,2.50226446232185e-35,1.00954470878171,-0.199252688111172,0.334028828351321,-0.0798212798603552,2.70839293337257,-0.362850511412222,-6.21224163482634,2.50664165247521e-33
32.61,0.4168676,0.2969906,0.03217741341449,9.58816458496237e-35,0.852904014568281,-0.204731837591981,0.342557868497003,-0.081868598236275,2.79299571004956,-0.366238750730144,-0.0944689411282492,9.610580716806e-33
32.62,0.4262553,0.2896276,6.73724307841742e-06,1.19640900040669e-34,0.697098991755176,-0.204953743335468,0.349528858414555,-0.0839181356696297,2.87634332714961,-0.361102876991367,-2.58581746475731e-05,1.19814731341339e-32
32.63,0.4349307,0.2826262,4.92390856198818e-10,6.90850799322128e-35,0.543431627794504,-0.201482802027979,0.3549631746925,-0.0859329636899095,2.95774053204156,-0.350344081197746,-2.67998590028915e-09,6.90832527294046e-33
32.64,0.4430863,0.2763242,1.47171102097955e-14,1.14929408820936e-35,0.393848621170967,-0.192201184340599,0.35890166090421,-0.0878549755333155,3.03619802022205,-0.33086788877442,-1.39022789453372e-13,1.15035200760996e-33
32.65,0.45082,0.2706886,1.93262071593741e-19,5.74931266761188e-37,0.249477002690412,-0.177794717038244,0.361396430931114,-0.0896329227036979,3.11119987227236,-0.303882250392626,-8.77380488057639e-18,5.85639015433215e-35
32.66,0.4582371,0.2658391,-4.66665461068165e-23,6.48333588753516e-39,0.111394184752633,-0.157848795139081,0.36251037277864,-0.0912114106550887,-3.1008476224928,-0.268683256420071,-5.73560550388113e-21,7.12943107887156e-37
32.67,0.4654074,0.2618993,4.34697496320805e-25,1.04325605929489e-41,-0.0196787481340266,-0.13197618681073,0.3623135852973,-0.092531172523196,-3.03372241832113,-0.224448795117185,-6.29689753669231e-22,1.50931514308534e-39
32.68,0.4723604,0.2588547,-2.01410489116992e-22,1.02407311153093e-45,-0.143386427925734,-0.100826741304788,0.360879721018043,-0.0935394399362439,-2.66890207613346,-0.171904414602513,-1.87285187464581e-20,5.41314953378592e-43
32.69,0.4790962,0.2568017,-1.59186988679495e-19,-3.90422401303293e-50,-0.259637935756913,-0.0642476187036536,0.358283341660474,-0.0941819161232804,-2.59584763637746,-0.110436767160235,-1.2795448111335e-17,4.56896867404005e-47
32.7,0.4855672,0.2555195,-2.57087026693418e-16,1.48727756228983e-52,-0.368720143692357,-0.0243683234636727,0.35459614022355,-0.0944255993579172,-2.52965248278034,-0.0432920217008859,-1.81015029733194e-14,1.85112846078974e-50
32.71,0.4916188,0.254909,-2.82152893049735e-13,-1.56511020557992e-52,-0.471681597469725,0.0176745311930233,0.349879324248853,-0.0942488540459869,-2.46887006034695,0.0277344623626822,-1.79975740390747e-11,7.979667913447e-51
32.72,0.4971139,0.2547686,-1.55426353254597e-10,-1.3447439009277e-48,-0.569404006296949,0.0600886591898782,0.344185284185883,-0.0936479674540882,-2.4123570828808,0.0995997050900256,-9.23144303942073e-09,1.35346122705997e-47
32.73,0.5020651,0.255459,-4.04631999941098e-08,-2.44091800664874e-43,-0.661685912121357,0.105188986541096,0.33756842506467,-0.0925960775886772,-2.35963597607771,0.176104974381607,-2.27549356450597e-06,1.38281148120068e-42
32.74,0.5061145,0.2563527,-6.03595192579576e-06,-1.64588569698448e-38,-0.750955302057434,0.148113032545258,0.330058872044095,-0.0911149472632246,-2.30919211432452,0.248993222470758,-0.000324500060141491,6.71806260045538e-38
32.75,0.5091602,0.2574708,-0.000556020159585568,-2.03866372409199e-34,-0.837694808403661,0.1889474646457,0.321681923960059,-0.0892254726167676,-2.26056347787936,0.318468215531293,-0.0287568748234992,6.54012261092335e-34
32.76,0.5115839,0.2592442,-0.0239240112870679,-9.64131953910431e-31,-0.918981169928873,0.230684716718402,0.31249211226077,-0.0869186254495836,-2.21457399017654,0.389329690741043,-1.19643372941337,2.54211596941498e-30
32.77,0.5125777,0.2606663,-0.120804557972318,-5.35057431375106e-28,-1.00044135811565,0.265922553477019,0.302487698679614,-0.0842593999148134,-2.16901639705044,0.450220758031976,-5.85686169130676,1.22862624836611e-27
32.78,0.512251,0.261893,-0.137430217633545,-7.15224136789708e-26,-1.08089116784504,0.29604579920688,0.291678787001163,-0.0812989419227446,-2.1242580960821,0.503886054143143,-6.47713761493851,1.47996232802804e-25
32.79,0.5107001,0.2629797,-0.141448940304388,-3.34055478249439e-24,-1.15932481673555,0.321655185102516,0.280085538833808,-0.0780823900717195,-2.08052372067733,0.551687522853869,-6.4990302059258,6.36951983393867e-24
32.8,0.5084714,0.264351,-0.14465391778962,-1.01859211341149e-22,-1.23166749445215,0.34594550543259,0.267768863889286,-0.0746229350173936,-2.03873596754758,0.59845903305101,-6.49993878923107,1.80753134932651e-22
32.81,0.5047266,0.2651463,-0.147593096948361,-9.49825119887715e-22,-1.3038411088914,0.362792645150011,0.254730452800372,-0.0709950085658935,-1.99726406098725,0.636001723835795,-6.4999955845327,1.59901670391906e-21
32.82,0.5001422,0.2659291,-0.150206981992404,-5.52613923698793e-21,-1.37076300023487,0.37662721312245,0.241022822798024,-0.067228736434669,-1.95717855677191,0.670610039229935,-6.49999956926869,8.89301588412322e-21
32.83,0.4944811,0.2663831,-0.1525373954767,-1.60020791643421e-20,-1.43411598530346,0.385349470764567,0.226681662944989,-0.0633752417270233,-1.91797491529043,0.699603136657121,-6.49999994802781,2.48551651212024e-20
32.84,0.4879519,0.2666723,-0.154583469827606,-2.88996637774222e-20,-1.49236769435239,0.390435339762799,0.211757986001465,-0.0594708883293953,-1.87980419917143,0.724942292854888,-6.49999999200733,4.35908651616299e-20
32.85,0.4808126,0.2667019,-0.156352016307327,-3.12276216549612e-20,-1.54377149073109,0.391444395054838,0.196320271094154,-0.0555564443788469,-1.84277583528846,0.745973960014497,-6.49999999837975,4.60199253096923e-20
32.86,0.4731911,0.2666976,-0.157862168396295,-2.56543767909962e-20,-1.58764672607044,0.390252930619755,0.18044380383345,-0.0516539150726494,-1.80679152630897,0.765009348724851,-6.49999999956762,3.70499202735801e-20
32.87,0.4653679,0.2667202,-0.159128559975229,-1.72154803017706e-20,-1.62232843786171,0.387451888896299,0.164220519454833,-0.0477793961836864,-1.77185325213208,0.782717778133579,-6.49999999984322,2.44156559769132e-20
32.88,0.4574887,0.2668214,-0.160170938866059,-1.00035221156135e-20,-1.6472569745162,0.383532341290056,0.147747949709671,-0.0439440727707858,-1.73780576803227,0.799662717214052,-6.49999999992276,1.39514794624764e-20
32.89,0.4497713,0.2669767,-0.161005291028261,-4.95670389649946e-21,-1.66145709485712,0.378416335317858,0.131133378761099,-0.0401599094176072,-1.70452654842714,0.81565921903056,-6.49999999994739,6.80781492369779e-21
32.9,0.4424097,0.2675482,-0.161645862393155,-2.97344291116215e-21,-1.66423943808831,0.374776978637245,0.114490984380216,-0.0364121396312348,-1.67185364224105,0.834350991045728,-6.49999999994978,4.01388987915609e-21
32.91,0.4353724,0.268532,-0.162104746391416,-2.13969723590855e-21,-1.65659713537493,0.372498086642707,0.0979250130264669,-0.0326871587648077,-1.63952518943116,0.85575102021872,-6.49999999993481,2.83400167412628e-21
32.92,0.4286899,0.2701484,-0.162388235470573,-2.26067469577312e-21,-1.63907332023831,0.373052217025215,0.0815342798240838,-0.0289566365945556,-1.60733822408429,0.882051814863834,-6.4999999998862,2.92828903841119e-21
32.93,0.4222518,0.2725056,-0.162498460674066,-3.77622830214861e-21,-1.6132055159519,0.376999725250451,0.0654022246645648,-0.0251866393420511,-1.57508457174416,0.914139291677988,-6.49999999974261,4.76779020396152e-21
32.94,0.4159197,0.2757026,-0.162433479793202,-1.0420932770824e-20,-1.58066192075505,0.384778737222719,0.0495956054570143,-0.0213388519698239,-1.54260561712346,0.952516851852578,-6.4999999992751,1.2788143664752e-20
32.95,0.4096567,0.2799233,-0.162188569951016,-5.22724748570124e-20,-1.54231817543245,0.397377125184776,0.0341724237026898,-0.0173650807179761,-1.5097916714472,0.998027309161311,-6.49999999749455,6.21971153360486e-20
32.96,0.4033357,0.2851721,-0.161757383442721,-4.30504812052043e-19,-1.4996476987264,0.414418023998836,0.0191759467154258,-0.0132209004779877,-1.47657246276212,1.04935300025345,-6.4999999897275,4.96466206620463e-19
32.97,0.396939,0.2915695,-0.161132596026544,-5.75855248257786e-18,-1.4532768005602,0.436348289730339,0.00464317870982379,-0.00885741758068435,-1.44289655109287,1.10576830999959,-6.49999995041098,6.44243569760418e-18
32.98,0.3904512,0.2991284,-0.160306405258176,-1.11360891996456e-16,-1.4037905754038,0.462798749645801,-0.00939472704421422,-0.00422943008422634,-1.40872911440726,1.16538758241345,-6.49999971990139,1.21179442260683e-16
32.99,0.3839189,0.3078642,-0.159269943104598,-2.80166388220871e-15,-1.35131640899171,0.493418031822538,-0.0229078911341314,0.000704750233999044,-1.37401803711274,1.22639198118515,-6.49999812957209,2.97636601369137e-15
33,0.3773821,0.317704,-0.158013386857348,-7.88527271209704e-14,-1.2960316294598,0.5272359562668,-0.0358682074287294,0.00597710979666704,-1.33871168942012,1.28682157524483,-6.49998507825708,8.214094296071e-14
33.01,0.3708608,0.3285647,-0.156524753923695,-2.19693387236631e-12,-1.23825616575442,0.563259386741323,-0.0482507690862736,0.0116097036640803,-1.30277369565332,1.34531020644905,-6.49985681238128,2.25396370440083e-12
33.02,0.3644335,0.3403175,-0.154760752478395,-5.39315781494289e-11,-1.17789120826542,0.600229731480204,-0.0600296811689278,0.0176120009788823,-1.26611366025657,1.40098062319733,-6.4983041876915,5.47182581832727e-11
33.03,0.3580547,0.3527127,-0.152250239279889,-1.00495144853617e-09,-1.11572214150951,0.636116240320886,-0.0711869025840229,0.0239731633820912,-1.22876929038294,1.4533211776381,-6.47548901813864,1.01192241391326e-09
33.04,0.351733,0.3655125,-0.141028512915629,-1.28778341203953e-08,-1.05211279685122,0.669118899013737,-0.0817080305525351,0.0306643523722285,-1.19073957619267,1.50246787785491,-6.08695396725509,1.29079394962143e-08
33.05,0.3454139,0.3784086,-0.0595367035969533,-1.01955578619602e-07,-0.98784794949116,0.697075783551502,-0.0915865100474467,0.0376351102077436,-1.152133543074,1.54886267025848,-2.61267045772318,1.01980095941855e-07
33.06,0.3390295,0.391086,-0.0036144309219227,-4.56999428378457e-07,-0.923754026810933,0.717955986960712,-0.100824050315556,0.0448146700773507,-1.11312710278753,1.59324031615453,-0.161575786875501,4.57114497772589e-07
33.07,0.3325183,0.4032296,-0.000116531610554356,-1.07256736484249e-06,-0.860553898578944,0.729902504957426,-0.109429589301345,0.0521136951269249,-1.07393456912534,1.63652574238483,-0.00531645799087525,1.07488731734964e-06
33.08,0.3258353,0.4145507,-3.14883676836556e-06,-1.23102892630502e-06,-0.798801048929455,0.731425318773599,-0.11741759979064,0.0594279483146609,-1.0347813719249,1.67979394215043,-0.000146868463476375,1.23837421766847e-06
33.09,0.318804,0.4247496,-7.90344326551961e-08,-6.31327143565435e-07,-0.739919593570489,0.721112465526362,-0.124816795726345,0.0666390729699246,-0.996239674516529,1.72432317935391,-3.77384955368457e-06,6.3883748315924e-07
33.1,0.3113788,0.4336038,-1.90761333466419e-09,-1.33387484969281e-07,-0.684306369603702,0.698264014844554,-0.131659859422382,0.0736217131183701,-0.958633562025678,1.77161773990598,-9.3345479285208e-08,1.36121763130001e-07
33.11,0.3036878,0.4409721,-4.20875704092693e-11,-1.06748976086537e-08,-0.631102451152749,0.662871908324965,-0.137970883933909,0.0802504322016197,-0.921818909132326,1.82348448874333,-2.11254716617088e-09,1.10248332366486e-08
33.12,0.2958071,0.4468428,-8.21634985581919e-13,-3.01408265204011e-10,-0.579859538141678,0.615913579411542,-0.143769479315326,0.0864095679957352,-0.885742654598398,1.88203426710941,-4.23430669173368e-11,3.16612698351916e-10
33.13,0.2871908,0.4507682,-1.99642356658368e-14,-1.99324140121833e-12,-0.534489336424581,0.555268837934685,-0.149114372679572,0.091962256375082,-0.852272263227724,1.95188597375007,-1.05595976836408e-12,2.14721578637295e-12
33.14,0.2784066,0.4530032,-4.40748794160273e-16,-2.70895563912087e-15,-0.490833910918067,0.484019206361058,-0.154022711788753,0.0968024484386926,-0.819730748309296,2.03731751988828,-2.3951816526013e-14,3.0329453399579e-15
33.15,0.2693108,0.4534006,-9.89587176642145e-18,-4.18760151986635e-19,-0.449978350733504,0.402234771797522,-0.158522495296088,0.100824796156668,-0.788727425239176,2.14725835487339,-5.52957742827818e-16,4.99460877098298e-19
33.16,0.2600196,0.4520338,-2.13492210193494e-19,-3.25608004125555e-24,-0.411106479492323,0.311597046829226,-0.162633560091011,0.10394076662496,-0.758948267594075,2.29462030123272,-1.2281782921632e-17,4.34597754166608e-24
33.17,0.2505525,0.4488828,-4.46419470509105e-21,-2.62223655639786e-31,-0.374123080467946,0.213055366432648,-0.16637479089569,0.106071320289287,-0.730405501086781,2.50014226120839,-2.64798119455795e-19,4.3823435340028e-31
33.18,0.2411453,0.4442048,-7.64694210684523e-23,-4.19068943110604e-41,-0.337423158715044,0.109495328146355,-0.169749022482841,0.10716627357075,-0.702254362818454,2.7825672892087,-4.68989173537589e-21,1.19540620611218e-40
33.19,0.231731,0.4381244,-1.15690215986379e-24,-5.56328632320274e-51,-0.301622371386085,0.0026844018679455,-0.172765246196702,0.10719311758943,-0.674837095701867,3.13670488952611,-7.35755092148935e-23,2.12845935298639e-48
33.2,0.2224934,0.4308302,-1.35027568659372e-26,2.81306347687824e-43,-0.265542774403947,-0.105263828795657,-0.175420673940741,0.106140479301473,-0.647455529906476,-3.09875561958719,-8.94503769565431e-25,3.49173946687035e-41
33.21,0.2136624,0.4228633,-1.01686496022177e-28,1.39142093521692e-33,-0.227767357454994,-0.209880928298571,-0.177698347515291,0.104041670018487,-0.61919183496181,-2.9156047447199,-7.06609869754321e-27,1.98249463677917e-31
33.22,0.2053082,0.4144554,-5.01779393914922e-31,2.65741390632669e-26,-0.188099965085595,-0.309227662653321,-0.179579347166147,0.100949393391954,-0.589812506875437,-2.74404118833335,-3.6851267694446e-29,2.66895070193635e-24
33.23,0.1974751,0.4059055,-1.90904033529559e-33,4.88560883374255e-21,-0.146550159746916,-0.401048031149134,-0.181044848763616,0.0969389130804627,-0.559191767227228,-2.59055312244611,-1.4919173777387e-31,3.8836638801741e-19
33.24,0.1903697,0.3976501,-7.3363123376873e-36,3.71251116517024e-17,-0.102004659831962,-0.482311041463786,-0.182064895361936,0.0921158026658249,-0.526412918132779,-2.45865791702183,-6.14129169475763e-34,2.33485917676756e-15
33.25,0.1838993,0.3897682,-7.89491472263688e-38,2.88267445791384e-14,-0.0555272041646084,-0.552788282967835,-0.182620167403582,0.0865879198361465,-0.49199648257771,-2.34540001697173,-7.0860578899178e-36,1.5996733614482e-12
33.26,0.1780193,0.3823512,-8.69666352179056e-39,4.31795990406328e-12,-0.00778558571459342,-0.612232223038124,-0.182698023260728,0.0804655976057653,-0.456233566807024,-2.24749373481218,-8.30433428681137e-37,2.21140924294211e-10
33.27,0.1727907,0.3755929,-2.49239760608291e-38,1.71079840316278e-10,0.0413312291704031,-0.659743559621246,-0.182284710969024,0.0738681620095528,-0.41885385569725,-2.16250789316823,-2.48163890929026e-36,8.25913926390623e-09
33.28,0.167987,0.3693282,-1.33873828242992e-36,2.58958769569986e-09,0.0899153709983977,-0.697089372278934,-0.18138555725904,0.0668972682867635,-0.381174419588245,-2.08624181209571,-1.34483125243752e-34,1.19363224962277e-07
33.29,0.1636129,0.3634537,-3.85115420007955e-34,1.8666767667302e-08,0.137803625504414,-0.725527896363459,-0.180007521003996,0.0596419893231289,-0.343241568371137,-2.01594358485555,-3.84961113524715e-32,8.29359059734149e-07
33.3,0.1594635,0.3579177,-1.5551443241969e-31,7.33113546299227e-08,0.183389001025571,-0.745904137544489,-0.17817363099374,0.052182947947684,-0.306353232946603,-1.94977442727205,-1.57978959487325e-29,3.16281360803341e-06
33.31,0.1554445,0.3525675,-4.1771902946072e-29,1.81754850500907e-07,0.225956537239437,-0.759762033573399,-0.175914065621346,0.04458532761195,-0.27117224517561,-1.88593331444744,-4.55553859334228e-27,7.65804259035693e-06
33.32,0.1514529,0.3472735,-5.24151723363401e-27,3.16943273635939e-07,0.264795719096686,-0.768405366877802,-0.173266108430379,0.036901273943172,-0.238424952673838,-1.82318553009377,-6.72786406393406e-25,1.31051700931075e-05
33.33,0.1475112,0.3420728,-2.86780779911987e-25,3.94469348804795e-07,0.300137556964561,-0.771891140282674,-0.170264732860733,0.0291823625403452,-0.208017442347016,-1.76107262956445,-5.10754527813612e-23,1.60776522307805e-05
33.34,0.1437265,0.3369798,-6.12770113916928e-24,3.57309040787102e-07,0.332802906390338,-0.770458080162685,-0.16693670379683,0.0214777817387184,-0.179265114217124,-1.69909867330601,-2.2856107583604e-21,1.44144195247885e-05
33.35,0.139927,0.331884,-6.41135080038464e-24,2.53099890644475e-07,0.361625544003903,-0.765239424592685,-0.163320448356791,0.0138253874927916,-0.153384690058382,-1.63664891000506,-5.51119432738235e-20,1.01466539053442e-05
33.36,0.136308,0.3269462,1.06753683191053e-21,1.3183070207671e-07,0.388096552637473,-0.75538496714668,-0.159439482830416,0.00627153782132476,-0.129004244198956,-1.57356228571062,-8.97821764023728e-19,5.27324886502065e-06
33.37,0.1329101,0.3221747,5.70186598780782e-21,5.09381231021626e-08,0.412534301917544,-0.741208094594966,-0.155314139811241,-0.0011405431246249,-0.105844790199417,-1.50940674471997,-1.05956187732025e-17,2.04148693192507e-06
33.38,0.1296974,0.3175335,-2.08592727809793e-19,1.49878581244674e-08,0.434713330001088,-0.723337472154835,-0.15096700651123,-0.00837391784617325,-0.0841862780653611,-1.44382048748503,-9.10659282064227e-17,6.04528175472896e-07
33.39,0.1268727,0.3130877,-4.0317960460558e-18,3.26500574911217e-09,0.456096925191055,-0.701659299539283,-0.146406037259319,-0.0153905108415661,-0.0624856363994668,-1.37642482514391,-6.76935141243133e-16,1.33183389967454e-07
33.4,0.1243149,0.3087509,-3.26964655333374e-17,5.51248300319881e-10,0.475792284680358,-0.677161261921212,-0.141648114412516,-0.0221621234607782,-0.0417030887482022,-1.30709848923111,-4.03462249343484e-15,2.28634604050467e-08
33.41,0.1220384,0.3044689,-1.38158053086913e-16,7.41866102195227e-11,0.493921947895082,-0.650547346891913,-0.136708894933565,-0.0286675969296973,-0.0217273471412703,-1.23590575413458,-1.98278030488965e-14,3.14718463894141e-09
33.42,0.1201039,0.3002872,-8.29424688227651e-17,7.73582650893548e-12,0.510927912518218,-0.621776577192788,-0.131599615808383,-0.0348853627016252,-0.00205962840275877,-1.16272725541045,-8.47832213346233e-14,3.37874337723864e-10
33.43,0.1183065,0.2959559,2.69925897213245e-15,7.21306781676688e-13,0.525376891774178,-0.592914125354191,-0.126345846890641,-0.0408145039551671,0.0155559719394911,-1.08890716513682,-2.79830683816201e-13,3.26459899842675e-11
33.44,0.1167523,0.291673,1.83626934048432e-14,5.32699353515482e-14,0.538113252478974,-0.562706054919055,-0.120964714365851,-0.0464415645043577,0.0320346599028222,-1.01387251901248,-7.79532379594431e-13,2.5159283649416e-12
33.45,0.1153523,0.2874095,6.72061932631594e-14,3.15526981791653e-15,0.548572422275649,-0.531602748568892,-0.115478990143095,-0.0517575919900466,0.0465666045587326,-0.93815735855493,-1.7594879367909e-12,1.56570192363004e-13
33.46,0.1139508,0.2831309,1.5039985403013e-13,1.52553826457422e-16,0.555773995113183,-0.500066923127533,-0.109921250191963,-0.0567582612213219,0.0576757532799693,-0.86247941816206,-2.98151477876202e-12,8.00381541560067e-15
33.47,0.112739,0.2791648,2.67155153467793e-13,4.66097600128301e-18,0.561238923817683,-0.465961499044707,-0.104308860953786,-0.061417876211769,0.0671359356171111,-0.78453927336311,-4.35517037575232e-12,2.61472798364826e-16
33.48,0.1113284,0.2752594,2.89579017671341e-13,1.05210694675332e-19,0.562353667774603,-0.431423223022704,-0.0986853242760399,-0.065732108441996,0.0710480018603298,-0.706868822472059,-4.39240044243463e-12,6.41578902992945e-18
33.49,0.1098297,0.2717108,2.18268194523266e-13,1.30551521245629e-21,0.560182817800069,-0.394555512672258,-0.0930834960980392,-0.0696776635687186,0.0703806517365118,-0.626947521165818,-3.35060802199869e-12,8.94855375818708e-20
33.5,0.1082631,0.2686468,1.17414360290133e-13,7.21002544182916e-24,0.555104643345082,-0.354800833412216,-0.0875324496645884,-0.0732256719028408,0.0651891428626847,-0.543608711156816,-1.98757213265192e-12,5.82149714091694e-22
33.51,0.106824,0.2662733,5.25728364328794e-14,1.29406593814065e-26,0.548705740982832,-0.311103227521506,-0.08204539225476,-0.0763367041780558,0.0574700349177293,-0.454653454824336,-1.04703597914277e-12,1.23857181470687e-24
33.52,0.1051791,0.2646231,1.38666861456712e-14,6.34743887770808e-30,0.538785545964528,-0.2637283092949,-0.0766575367951148,-0.0789739872710048,0.0432786737256299,-0.359874041356105,-3.99302695512104e-13,6.35537372263712e-28
33.53,0.1036494,0.2637002,2.4974247654525e-15,4.55457466339643e-34,0.527872199990191,-0.213145519134602,-0.0713788147952128,-0.0811054424623509,0.0261993410766967,-0.25963523117761,-1.36798181551487e-13,5.1867807380565e-32
33.54,0.1021114,0.2634502,9.53730635556241e-17,1.1701704174435e-40,0.515225561686512,-0.160223312593709,-0.0662265591783477,-0.0827076755882879,0.00459777565307189,-0.155379556255639,-3.89677931277403e-14,4.11176913991978e-37
33.55,0.1006157,0.2638206,-6.56570891164637e-17,1.58610557923884e-45,0.501379813873732,-0.105766853625971,-0.0612127610396104,-0.0837653441245477,-0.0210101814394482,-0.0488120175190837,-9.59173353781536e-15,2.07320755590345e-43
33.56,0.09906827,0.2646705,-1.40630912856496e-17,-1.58681812685631e-51,0.485829925023094,-0.0511584077078204,-0.0563544617893795,-0.0842769282016259,-0.0519674152226971,0.0570022345343464,-1.91531254036991e-15,3.19394863480643e-50
33.57,0.09759849,0.265866,-6.49557232321086e-19,-2.02680581340619e-54,0.469669961736671,0.00236541487845621,-0.0516577621720128,-0.0842532740528413,-0.0865335809780906,0.159284964938538,-3.41278106082371e-16,1.26126739863444e-53
33.58,0.09618629,0.2672825,6.60552517753883e-20,-1.25608320328569e-50,0.452880358746714,0.0537281024889822,-0.0471289585845456,-0.0837159930279515,-0.124925298810953,0.255856070857251,-5.35840371120291e-17,4.99335271553175e-50
33.59,0.09467956,0.2687683,-1.06120794851523e-20,-1.67205912384332e-44,0.434526605358036,0.101746224743756,-0.0427836925309653,-0.0826985307805139,-0.169225886280291,0.344789509923492,-6.58387181487036e-18,4.96200710844176e-44
33.6,0.09362173,0.2703371,-5.79352253025263e-21,-4.30535829675177e-39,0.418588865653716,0.146511609367083,-0.0385978038744281,-0.0812334146868431,-0.210977452902238,0.426830543773772,-9.86784031150351e-19,1.03956959492533e-38
33.61,0.09233384,0.271563,-9.0175995855786e-22,-4.86072488526281e-35,0.400248918931337,0.185009259875092,-0.0345953146851147,-0.0793833220880922,-0.260337568856511,0.497757529001465,-1.02384625682551e-19,1.01710417189791e-34
33.62,0.09106114,0.2726136,-8.95589607392277e-23,-6.3719548176305e-32,0.381469160436648,0.218675426769587,-0.0307806230807483,-0.0771965678203963,-0.312868875545075,0.561010598893419,-9.04370260834614e-21,1.19696230971722e-31
33.63,0.09004723,0.273376,-8.53495476641107e-24,-1.41643731779443e-29,0.364065478563239,0.246880971341419,-0.0271399682951159,-0.0747277581069821,-0.364160613649417,0.616480168216938,-8.55181642315147e-22,2.44950278056914e-29
33.64,0.08902249,0.2738174,-6.73537315879419e-25,-7.77460637869166e-28,0.346148900900375,0.269638319069869,-0.0236784792861121,-0.0720313749162834,-0.41795278663236,0.664938267366934,-6.71038839310572e-23,1.26014873385868e-27
33.65,0.08807217,0.2739828,-5.10804672697421e-26,-1.48231195027276e-26,0.328433845676534,0.287534818466076,-0.0203941408293468,-0.0691560267316226,-0.472134994379952,0.707768909302816,-4.75435928579468e-24,2.280366597218e-26
33.66,0.08719238,0.273705,-3.62076282975162e-27,-9.77995414453806e-26,0.310963659869868,0.299639157414509,-0.0172845042306481,-0.0661596351574776,-0.526076001307085,0.744033256593022,-3.03310824980159e-25,1.44430146579597e-25
33.67,0.08635297,0.2732276,-2.24601889462695e-28,-3.41911675779653e-25,0.293594767808841,0.308025671119141,-0.0143485565525597,-0.0630793784462861,-0.579539689787176,0.776721932518172,-1.68356739133027e-26,4.87864413429307e-25
33.68,0.08559108,0.2724919,-1.24920177040089e-29,-6.39271411011071e-25,0.276661001558516,0.312496804714466,-0.0115819465369745,-0.0599544103991415,-0.631334200535866,0.805599667624043,-8.49810071029185e-28,8.86459273809013e-25
33.69,0.08487337,0.2716829,-5.93497132491894e-31,-8.30796413286665e-25,0.259980559642678,0.31461850764128,-0.00898214094054775,-0.0568082253227287,-0.681412731671447,0.832685023709727,-3.74032432944836e-29,1.12320329712873e-24
33.7,0.08434527,0.2705527,-2.95925329278299e-32,-5.86795713298822e-25,0.244625894400117,0.312787232477443,-0.00653588199654658,-0.0536803529979542,-0.727498806559199,0.855764616268107,-1.76109338334646e-30,7.77194243363766e-25
33.71,0.08389027,0.2694459,-1.33780292730743e-33,-3.42314964251334e-25,0.229766957793162,0.309734554954436,-0.00423821241861496,-0.0505830074484099,-0.771078629594826,0.878237338808812,-7.60301034602113e-32,4.44808049267095e-25
33.72,0.08359128,0.268319,-6.30563904358744e-35,-1.58402445850187e-25,0.21601549347695,0.305251679590455,-0.00207805748384545,-0.0475304906525053,-0.811054790460141,0.899746682919892,-3.45273435014617e-33,2.02263026141328e-25
33.73,0.08345881,0.2672017,-3.22666665301971e-36,-6.07341270783087e-26,0.203431507467254,0.299673965026975,-4.37424091729115e-05,-0.0445337510022356,-0.847487296088736,0.920632643870816,-1.71326571626673e-34,7.6301014226249e-26
33.74,0.08335621,0.2659992,-1.43595324668794e-37,-1.7343552767457e-26,0.191042703219416,0.292434438904049,0.00186668462302125,-0.0416094066131951,-0.881996876839584,0.94001673002478,-7.42117421800352e-36,2.14760864111727e-26
33.75,0.0837437,0.264873,-1.34085463883928e-38,-4.5159386759237e-27,0.182090186097519,0.284831021901201,0.00368758648399644,-0.0387610963941831,-0.910066432438781,0.959499656241349,-6.78722516917293e-37,5.51449986749744e-27
33.76,0.08411838,0.2635802,-1.03539887849729e-39,-7.91732677357075e-28,0.172881547981726,0.275206987310078,0.0054164019638137,-0.0360090265210823,-0.937436022811794,0.976706797037909,-5.14040807996913e-38,9.55412794224995e-28
33.77,0.08465818,0.2621816,-9.56328366874037e-41,-1.00675498176107e-28,0.164712062969844,0.264183961664076,0.00706352259351213,-0.0333671869044415,-0.962338497254186,0.992179935167758,-4.66801782087378e-39,1.20245795354555e-28
33.78,0.0852006,0.2604503,-7.559514053173e-42,-6.70954682215715e-30,0.156417629552882,0.250310332158082,0.00862769888904095,-0.0308640835828607,-0.986395199648402,1.00344314027761,-3.63229255131083e-40,7.95576513669647e-30
33.79,0.08562762,0.2581897,-3.87080725247479e-43,-1.66130881491468e-31,0.14722476851137,0.232465021701454,0.0100999465741547,-0.0285394333658462,-1.01042398095258,1.00787912524615,-1.83204072853299e-41,1.9643416314484e-31
33.8,0.08606582,0.2558004,-1.70130785481899e-44,-2.57671426000664e-33,0.138116721951733,0.21385885697884,0.011481113793672,-0.0264008447960578,-1.03309305002637,1.00912436817888,-7.94314312698508e-43,3.0443319513509e-33
33.81,0.08620909,0.2526689,-2.81447065842257e-46,-7.71715944002725e-36,0.127004367739322,0.190294884753035,0.0127511574710652,-0.0244978959485274,-1.05656119712085,0.998814646625292,-1.29640542209173e-44,9.1777081567158e-36
33.82,0.08599569,0.2491747,-1.24390755672978e-48,-6.36764616018587e-39,0.113650627686771,0.164934221571281,0.0138876637479329,-0.0228485537328146,-1.08051784611843,0.979271058174604,-5.65493643520853e-47,7.67080245096576e-39
33.83,0.08541961,0.2450046,-1.04577179739515e-51,-4.33406715259758e-43,0.0982327729917338,0.135815405984328,0.0148699914778502,-0.0214903996729714,-1.10421686608681,0.942713739645866,-4.69586861314472e-50,5.35622710950067e-43
33.84,0.08426745,0.2402644,-3.93007989525619e-56,-9.68593630717209e-49,0.0794874746061409,0.10410487394352,0.0156648662239116,-0.0204493509335362,-1.12819432618995,0.884856828591439,-1.74398677546261e-54,1.25174588903753e-48
33.85,0.08252947,0.2349197,-1.11247983394123e-62,-5.32954881340874e-57,0.0576688736788793,0.069906088802719,0.0162415549607004,-0.019750290045509,-1.15146527811066,0.796596328044107,-4.88341098416482e-61,7.45516745245718e-57
33.86,0.08019965,0.2290747,-3.72233239585061e-73,-2.46160446528003e-70,0.0330546815375663,0.0343111573310106,0.0165721017760761,-0.0194071784721989,-1.17323517630526,0.669507007969942,-1.61839337931333e-71,3.96687718671013e-70
33.87,0.07797532,0.2237342,-1.21617061079473e-86,-3.08762717866571e-85,0.0107934866065558,0.00471551451802199,0.0166800366421417,-0.0193600233270186,-1.18997295584453,0.532149503050157,-5.25077617248572e-85,6.08064789196559e-85
33.88,0.07359421,0.2162306,-7.71661112944738e-78,-7.1532901699581e-69,-0.0248527135736591,-0.0380372647020319,0.0164315095064051,-0.019740395974039,-1.21131586029802,0.281881690400955,-3.30354514461453e-76,2.58693570660253e-68
33.89,0.06954362,0.2094337,-1.84461247326281e-63,-2.09887503925702e-57,-0.0555376766602709,-0.0724790312104089,0.0158761327398024,-0.0204651862861431,-1.22548123101769,0.0539907692679964,-7.85494527383864e-62,4.53297829413646e-56
33.9,0.06499665,0.2025057,-3.35000733897238e-54,2.05123714672426e-52,-0.0871875170137488,-0.104950708010174,0.0150042575696649,-0.0215146933662448,-1.23678401024606,-0.153194512386277,-1.4207137949603e-52,2.03763899986997e-48
33.91,0.06037754,0.195783,1.08275214846549e-46,2.09884941650205e-45,-0.11664103801846,-0.133044767858845,0.0138378471894803,-0.0228451410448332,2.57896869244093,-0.307503366491708,-2.02875295336803e-46,2.12959718315665e-43
33.92,0.05555871,0.189183,4.39240888507638e-42,8.65911659910444e-42,-0.144791098393804,-0.157511483594045,0.0123899362055422,-0.0244202558807737,2.59868289088028,-0.415954540420099,-8.49608709980069e-42,8.63799926939647e-40
33.93,0.05095017,0.182994,8.33733387066312e-39,2.60967709399588e-39,-0.16875157945395,-0.176442354195668,0.0107024204110027,-0.0261846794227304,2.61422920029516,-0.479758544275617,-1.65534694670426e-38,2.3965082960987e-37
33.94,0.04677177,0.1773719,1.39395525798568e-36,8.64248417823113e-38,-0.187175733907856,-0.189030858700632,0.00883066307192418,-0.0280749880097367,2.62409638061822,-0.507419175617771,-2.81533531946003e-36,7.52387153795489e-36
33.95,0.0430732,0.1722771,3.72034598250938e-35,5.41729851480865e-37,-0.200016312148345,-0.195941661750125,0.00683049995044073,-0.0300344046272379,2.62798709035902,-0.509894873820267,-7.56551762519903e-35,4.69246476026881e-35
33.96,0.0400717,0.1678114,1.64725083462594e-34,7.01274986114729e-37,-0.206097300607792,-0.196823177567285,0.00476952694436281,-0.0320026364029108,2.62449140941284,-0.490686642509284,-3.3292140535464e-34,6.31011376553217e-35
33.97,0.03836017,0.1644632,5.78214213761037e-35,8.94654649987537e-38,-0.201759433922904,-0.188645299476809,0.00275193260513377,-0.0338890893976789,2.60973134903256,-0.441928539468029,-1.13926725790813e-34,8.71099916150186e-36
33.98,0.03658784,0.1608678,1.83423411691583e-35,1.56664878864544e-38,-0.197095626279995,-0.181739604211653,0.000780976342333819,-0.0357064854397954,2.59442352391193,-0.400648633016978,-3.52316656347659e-35,1.57256066979859e-36
33.99,0.03622764,0.1583125,3.52685222610937e-37,2.97400798436304e-40,-0.181966090698057,-0.166951770606866,-0.00103868456464675,-0.0373760031458641,2.56819288850116,-0.334587575098599,-6.49815938463261e-37,2.97460452149023e-38
34,0.03680848,0.156309,6.85231001356339e-40,1.09705702107611e-42,-0.160433065952215,-0.148366215554895,-0.0026430152241689,-0.038859665301413,2.53618873039101,-0.257877067254382,-1.20379854557188e-39,1.25907009341189e-40
