time,hip_flexion_r,hip_flexion_l,hip_flexion_r_rad,hip_flexion_l_rad
55.0,2.65665921,28.64136961,0.04636745031793146,0.4998862019751443
55.01,2.14266766,28.92502347,0.037396605443002405,0.5048368957681353
55.02,1.68000925,29.20728154,0.029321692876460543,0.5097632284299599
55.03,1.25703021,29.49465426,0.021939315961535748,0.5147788285743716
55.04,0.85540429,29.78249463,0.014929621296184404,0.5198025907510303
55.05,0.47023464,30.08058952,0.008207142724930228,0.5250053280649006
55.06,0.08978187,30.37886279,0.0015669892400975213,0.5302111786970907
55.07,-0.29367323,30.66610438,-0.005125564788466587,0.5352244901912543
55.08,-0.68174707,30.92746786,-0.01189873103732426,0.5397861434617247
55.09,-1.05555387,31.14231298,-0.0184228904636682,0.543535898187567
55.1,-1.42133898,31.29431234,-0.024807044987937833,0.5461887874804912
55.11,-1.76425127,31.36868301,-0.03079199349399146,0.5474868005389054
55.12,-2.06844774,31.3508378,-0.03610122346843561,0.5471753428686955
55.13,-2.333403,31.2334463,-0.04072556512591325,0.5451264746798407
55.14,-2.5416293,31.01584814,-0.04435979965015871,0.5413286703415592
55.15,-2.6867713,30.70059505,-0.04689300543308833,0.5358264659439732
55.16,-2.76083702,30.28901792,-0.048185696109948536,0.5286430898995644
55.17,-2.75386263,29.79442528,-0.04806397004113037,0.5200108198754334
55.18,-2.65485149,29.22354437,-0.04633589965197731,0.510047068359152
55.19,-2.45157925,28.58659743,-0.042788129786073194,0.49893024709564926
55.2,-2.13121375,27.89935365,-0.0371966970012753,0.48693558037079765
55.21,-1.67889892,27.17184625,-0.029302313962176876,0.4742381809081743
55.22,-1.08163679,26.42918116,-0.018878123296202476,0.4612762298480543
55.23,-0.34287252,25.67727599,-0.005984254388610108,0.44815300896878657
55.24,0.55553258,24.94343134,0.009695872623098801,0.43534500362814116
55.25,1.61188635,24.23828644,0.028132723975453702,0.423037903419495
55.26,2.82151947,23.56248959,0.04924480466062538,0.41124302331238877
55.27,4.18233767,22.91802198,0.07299556277168807,0.39999494159543003
55.28,5.67974404,22.29773711,0.09913023416852451,0.38916892831362504
55.29,7.28788489,21.66803654,0.12719758683684476,0.37817858006544
55.3,9.01139501,21.08524403,0.15727851312228733,0.368006931909978
55.31,10.79009281,20.46907583,0.18832264613026695,0.3572527680738911
55.32,12.58968619,19.8128011,0.21973147580836042,0.34579861323775435
55.33,14.39660382,19.14638315,0.25126813776419304,0.33416742581586334
55.34,16.15949607,18.43194316,0.28203641188458406,0.321698095682448
55.35,17.86998342,17.69796481,0.3118900479557967,0.30888775683659264
55.36,19.48737446,16.91717753,0.34011884689605204,0.2952604480429018
55.37,20.99490949,16.10145059,0.36643029675870353,0.2810233271426835
55.38,22.38413926,15.25707118,0.3906769303119271,0.26628612630213644
55.39,23.64713719,14.38882416,0.4127204026362999,0.25113235708250736
55.4,24.78276252,13.50584336,0.432540803713847,0.2357214348906138
55.41,25.78871838,12.61474641,0.45009804560057814,0.22016885915863454
55.42,26.67068435,11.72133723,0.46549125566762367,0.20457592740009187
55.43,27.43065992,10.83023674,0.47875533159884437,0.18902328988345707
55.44,28.07496301,9.94527288,0.4900005419001177,0.1735777567652989
55.45,28.60913724,9.06700243,0.49932364099292315,0.1582490456898267
55.46,29.03563009,8.19382507,0.5067673454616375,0.14300922580395486
55.47,29.36492969,7.32747346,0.5125147077071378,0.127888537729501
55.48,29.60030802,6.46607077,0.5166228345534836,0.11285422460346499
55.49,29.75127245,5.60814478,0.5192576609103801,0.09788059133953304
55.5,29.82813319,4.75736104,0.5205991338888993,0.08303161385410165
55.51,29.84800269,3.91677341,0.5209459220846244,0.06836059205906579
55.52,29.83037695,3.09093898,0.520638294888524,0.05394706217923516
55.53,29.79734739,2.287239,0.5200618203160389,0.039919851330022585
55.54,29.76988341,1.51204092,0.519582483439337,0.02639009247888418
55.55,29.76799071,0.77538341,0.5195494495925845,0.013532993469841126
55.56,29.80573983,0.08593371,0.5202082960263149,0.0014998261779539763
55.57,29.89015577,-0.55099876,0.5216816321204809,-0.009616742536406032
55.58,30.01931908,-1.12744433,0.523935957152755,-0.019677615691441483
55.59,30.18657462,-1.64050029,0.5268551170179561,-0.02863213144042181
55.6,30.38136582,-2.08440078,0.5302548648118669,-0.03637965654213798
55.61,30.58743945,-2.45795011,0.5338515281569035,-0.0428993222692568
55.62,30.79676385,-2.76117736,0.5375049281416651,-0.04819163616352477
55.63,30.99742189,-2.99208438,0.5410070716102635,-0.052221723928493176
55.64,31.17100495,-3.16705794,0.5440366675329504,-0.05527558865442902
55.65,31.30509028,-3.29702677,0.5463768980200736,-0.0575439726628938
55.66,31.39215134,-3.3830419,0.54789640016735,-0.05904521988792475
55.67,31.413751,-3.44106197,0.5482733853516613,-0.06005786114166234
55.68,31.35824575,-3.47423307,0.5473046359870186,-0.06063680605317063
55.69,31.21061783,-3.48276139,0.5447280427151479,-0.06078565331683431
55.7,30.95939425,-3.46174989,0.5403433640855004,-0.060418933461051524
55.71,30.59717782,-3.39797585,0.5340214947771809,-0.05930586648575296
55.72,30.12189985,-3.27829657,0.5257263293384861,-0.057217069003336764
55.73,29.53999536,-3.07984095,0.5155701800558476,-0.05375336501525005
55.74,28.85462117,-2.76821929,0.5036081438321585,-0.048314541027719746
55.75,28.09448151,-2.33865173,0.49034120399016823,-0.04081717274596145
55.76,27.27921515,-1.76440887,0.4761121217274188,-0.030794744132892602
55.77,26.44498862,-1.00300032,0.4615521220714316,-0.01750565798255673
55.78,25.59025378,-0.08460857,0.4466341848819247,-0.0014766981219040986
55.79,24.74156871,1.00403667,0.4318218360979061,0.017523745702259775
55.8,23.91568113,2.27014981,0.417407378575578,0.039621588698023694
55.81,23.12629192,3.69376402,0.4036299377813611,0.06446834394070168
55.82,22.36089136,5.2694927,0.3902711779127527,0.0919699975248058
55.83,21.64282592,6.98561662,0.3777385717399709,0.12192201030103757
55.84,20.95490588,8.82024011,0.36573210205151974,0.15394223073596683
55.85,20.28565271,10.73777037,0.35405143070561046,0.18740944727958975
55.86,19.62083659,12.69946878,0.3424482004912767,0.22164754346522741
55.87,18.94796487,14.66865714,0.33070437353371934,0.2560163639391748
55.88,18.25718369,16.60503442,0.31864796753190777,0.2898125230359869
55.89,17.50442656,18.44390355,0.30550987714554473,0.32190684386777063
55.9,16.72714043,20.1851122,0.29194367494696005,0.35229666777447616
55.91,15.91096931,21.79617029,0.2776988016432703,0.3804149358858673
55.92,15.03956329,23.24039725,0.2624898974725708,0.40562145148393575
55.93,14.13456109,24.5256581,0.24669462934477857,0.4280534850634167
55.94,13.1941183,25.63953544,0.23028080623263694,0.44749431210977303
55.95,12.22384399,26.57525687,0.21334632487562083,0.4638257319447427
55.96,11.23906766,27.34698773,0.1961587355214146,0.47729497639099006
55.97,10.25321892,27.966961,0.17895242908177708,0.4881155512268459
55.98,9.27202989,28.44249358,0.16182744992382767,0.4964151604483492
55.99,8.31067837,28.79264371,0.14504870063077555,0.5025264330931354
56.0,7.37624485,29.02530404,0.12873975906577526,0.506587121890412
56.01,6.47491533,29.15374943,0.11300859129635517,0.5088289168549202
56.02,5.6129063,29.19125263,0.0979636955409326,0.5094834711749541
56.03,4.7916204,29.14998283,0.0836295524857277,0.5087631772833144
56.04,4.01157504,29.04528871,0.07001519263882323,0.5069359201818364
56.05,3.27192124,28.89852064,0.057105798503935594,0.5043743341235389
56.06,2.56708677,28.73136262,0.04480411632088639,0.5014568763034244
56.07,1.89207697,28.56561607,0.033022972827657975,0.498564053282103
56.08,1.24282115,28.42044076,0.021691321080922324,0.49603026612999956
56.09,0.61610852,28.31326628,0.010753122223589335,0.4941597185798867
56.1,0.00279503,28.24040467,4.878247619201711e-05,0.4928880435870827
56.11,-0.5927985,28.21564819,-0.010346285625883606,0.4924559614998786
56.12,-1.16744303,28.21790563,-0.020375724702958935,0.49249536126054483
56.13,-1.7161051,28.23610034,-0.02995168430526654,0.49281291885649037
56.14,-2.23270032,28.25174872,-0.03896797179433101,0.49308603461009354
56.15,-2.70790824,28.25124949,-0.04726191462988481,0.4930773214028688
56.16,-3.13090045,28.22128905,-0.054644521404672096,0.49255441307952263
56.17,-3.49371715,28.15188084,-0.06097686740089261,0.491343011287107
56.18,-3.78318416,28.03408299,-0.06602901980129595,0.4892870509528366
56.19,-3.98835535,27.8632016,-0.06960993259703083,0.4863046080669521
56.2,-4.0972376,27.63519078,-0.07151028635651041,0.4823250685277799
56.21,-4.09630285,27.34670844,-0.0714939718913274,0.4772901018609222
56.22,-3.97104875,26.99983539,-0.06930787544470518,0.4712360250519873
56.23,-3.70760017,26.59119833,-0.06470983031400149,0.46410396290931766
56.24,-3.29145949,26.12777998,-0.05744680529651337,0.4560157868876582
56.25,-2.70711323,25.61072858,-0.04724803908779854,0.446991537555612
56.26,-1.94429434,25.05016975,-0.03393433786089008,0.4372079403209848
56.27,-1.00008141,24.46972165,-0.017454713392487345,0.4270772098390395
56.28,0.12465802,23.85997041,0.0021756928880169416,0.41643504308292134
56.29,1.42837366,23.24311453,0.02492982331576203,0.40566887696663434
56.3,2.90066673,22.62089532,0.050626184941557385,0.3948091030829763
56.31,4.52987553,21.99791131,0.07906124270402318,0.383935980921199
56.32,6.29714126,21.37428147,0.1099058484501843,0.37305158689951357
56.33,8.16192348,20.73678476,0.14245243802183355,0.3619251703393821
56.34,10.12736566,20.11966022,0.1767558753204086,0.3511543152215267
56.35,12.08153178,19.42130059,0.21086250824533123,0.33896564031501736
56.36,14.04269187,18.72322108,0.24509120897453954,0.3267818544248086
56.37,15.95830939,17.9941886,0.2785250419074279,0.31405783729482895
56.38,17.78590792,17.23315986,0.31042265366053623,0.30077538007952503
56.39,19.48576646,16.41217787,0.34009078200167997,0.2864465412544499
56.4,21.04544313,15.56004837,0.367312275159721,0.2715740758260769
56.41,22.44688175,14.66889951,0.3917719933433267,0.2560205940936829
56.42,23.67914425,13.73672481,0.4132790312171833,0.23975107637489249
56.43,24.74097109,12.7662977,0.4318114056612303,0.22281392815477932
56.44,25.63692277,11.76179339,0.447448712416005,0.2052820205948055
56.45,26.3816431,10.7266762,0.4604465341810437,0.18721581748531377
56.46,26.97724439,9.66653787,0.47084173772066923,0.1687129131002196
56.47,27.44658582,8.59047269,0.4790332909901877,0.14993203274315417
56.48,27.79207769,7.49955359,0.4850632616605599,0.13089190257526087
56.49,28.04878983,6.41165446,0.4895437337334006,0.11190448082717908
56.5,28.22167533,5.33069011,0.49256115493735725,0.0930380938229987
56.51,28.32810946,4.26724169,0.4944187809423529,0.07447741746886719
56.52,28.38175082,3.23086277,0.49535499928960053,0.05638919301660427
56.53,28.39547818,2.23113343,0.4955945869192071,0.038940624404814425
56.54,28.38060568,1.27736508,0.4953350128262042,0.02229422639600077
56.55,28.34699734,0.37681322,0.4947484366370745,0.006576631354041748
56.56,28.30839105,-0.4614371,0.49407462976459476,-0.008053596685854326
56.57,28.28121164,-1.22925917,0.49360025957134523,-0.0214546198768327
56.58,28.28211014,-1.92020462,0.49361594135467446,-0.03351389293100656
56.59,28.32744626,-2.52893953,0.49440720591875364,-0.04413832138233792
56.6,28.4316122,-3.05265918,0.49622524454018857,-0.05327895363223024
56.61,28.60269871,-3.49075313,0.4992112674454347,-0.06092513549279764
56.62,28.83285726,-3.83993188,0.5032282919445508,-0.0670194543582958
56.63,29.11937178,-4.10965983,0.5082289136733219,-0.07172709517045044
56.64,29.43635169,-4.29897576,0.5137612567654971,-0.07503128147542555
56.65,29.76048379,-4.42058794,0.5194184291219007,-0.07715381442695354
56.66,30.07384354,-4.47218074,0.524887588502627,-0.07805427865727647
56.67,30.34393789,-4.48478714,0.529601624201161,-0.07827430184409988
56.68,30.57106672,-4.44893453,0.5335657701108635,-0.07764855575416643
56.69,30.7333362,-4.38169714,0.5363979068123625,-0.07647504191821893
56.7,30.82673812,-4.29318246,0.5380280778440468,-0.07493016931586975
56.71,30.8403836,-4.18151012,0.5382662363980618,-0.0729811192994632
56.72,30.77811745,-4.05976777,0.5371794870680212,-0.07085631445284787
56.73,30.63644961,-3.9254453,0.5347069168158327,-0.06851194509193656
56.74,30.41778378,-3.76975858,0.5308904781207265,-0.06579469922630606
56.75,30.12062649,-3.58767914,0.5257041050139228,-0.0626168134981186
56.76,29.75849241,-3.35333426,0.5193836729842423,-0.058526723756927586
56.77,29.3434687,-3.05902156,0.5121401427709003,-0.053389998111493274
56.78,28.89450127,-2.66488621,0.504304182883183,-0.04651103855549304
56.79,28.38338443,-2.18587214,0.495383511162794,-0.03815066587061444
56.8,27.88229301,-1.54623344,0.48663781603030026,-0.02698686453243819
56.81,27.35072446,-0.78303937,0.4773601946327481,-0.01366661517924211
56.82,26.79849147,0.10852935,0.4677219107191152,0.0018941944925493078
56.83,26.27557616,1.20242384,0.4585953168505284,0.020986255012473493
56.84,25.73786787,2.44314365,0.44921053677475986,0.042640900791691964
56.85,25.21074252,3.84522349,0.44001046384653236,0.06711181037552726
56.86,24.68724045,5.41294682,0.43087362908402654,0.09447374424435685
56.87,24.16178056,7.12917147,0.4217026239163593,0.12442751509074415
56.88,23.64990997,8.9811661,0.41276879677673334,0.15675091911349828
56.89,23.06121839,10.87374022,0.40249419042696577,0.18978256884553257
56.9,22.46651585,12.81978566,0.3921146730339925,0.22374746916695434
56.91,21.82085147,14.74657067,0.3808457037401447,0.2573762115695262
56.92,21.13299588,16.62609718,0.3688403589163965,0.2901801375475443
56.93,20.36391503,18.37919649,0.3554173658698599,0.3207774926214851
56.94,19.53229545,19.98926772,0.34090286607480746,0.34887853677662
56.95,18.63281581,21.42290689,0.3252039848021542,0.3739002605786787
56.96,17.69509494,22.69072523,0.30883766815598845,0.3960278649288476
56.97,16.7100367,23.76383671,0.29164515854408796,0.41475719349579687
56.98,15.68689012,24.64453865,0.27378788199256837,0.43012834207749845
56.99,14.64491657,25.34857607,0.2556020128263746,0.4424161131137446
57.0,13.59674008,25.88572556,0.2373078819338772,0.451791140289653
57.01,12.54440714,26.27249672,0.21894120730368527,0.45854157048341077
57.02,11.50202373,26.52496079,0.20074818473101927,0.46294789974789624
57.03,10.4796124,26.66204255,0.18290374071282503,0.46534042780432483
57.04,9.47606013,26.7022951,0.1653884493854619,0.4660429673341485
57.05,8.51064955,26.65907463,0.14853885613087378,0.4652886278283891
57.06,7.5731283,26.54967437,0.1321760235109609,0.46337923308885126
57.07,6.66851024,26.38875452,0.11638745989095726,0.46057065187453583
57.08,5.80259808,26.19344997,0.10127444166590133,0.4571619444329099
57.09,4.95900459,25.98517687,0.08655095771701148,0.45352689309457456
57.1,4.15390781,25.77881054,0.07249936810880703,0.44992512117081734
57.11,3.37520073,25.59890387,0.05890836565421615,0.4467851574330185
57.12,2.62678183,25.45528532,0.04584599166506196,0.44427854086857843
57.13,1.89777336,25.36986414,0.033122393588635654,0.44278766002663966
57.14,1.18737136,25.34906564,0.020723539675882897,0.4424246577221636
57.15,0.50698612,25.37329883,0.008848577055911074,0.442847606675925
57.16,-0.14320504,25.44362936,-0.0024993994534501804,0.4440751059890976
57.17,-0.76098271,25.54737665,-0.013281653840249177,0.445885837789619
57.18,-1.32994734,25.66446543,-0.02321195996114048,0.4479294225177623
57.19,-1.84070084,25.7851661,-0.03212629020222534,0.45003604661862545
57.2,-2.28682402,25.89827807,-0.03991260856269266,0.4520102229185425
57.21,-2.65769818,25.99897371,-0.04638558376526091,0.4537676933789454
57.22,-2.95147937,26.07763674,-0.05151303281118795,0.45514062225204044
57.23,-3.15766913,26.13884243,-0.055111723007084855,0.45620886306349545
57.24,-3.27898569,26.16932873,-0.0572290964162781,0.4567409493752462
57.25,-3.31511501,26.16593182,-0.05785967200678474,0.45668166211135225
57.26,-3.26353412,26.12200141,-0.056959415645175725,0.45591493181510123
57.27,-3.12456015,26.02742016,-0.05453386229410791,0.4542641775919493
57.28,-2.8995608,25.87110952,-0.0506068828217608,0.4515360422680498
57.29,-2.57760027,25.6314432,-0.04498761151179482,0.44735307587791145
57.3,-2.16221913,25.30758595,-0.0377378429681073,0.44170070055895705
57.31,-1.63727229,24.89493001,-0.028575792212167432,0.4344984957280449
57.32,-0.99562232,24.39141276,-0.01737688759034459,0.4257104618749575
57.33,-0.24740923,23.79430193,-0.0043181056633239305,0.4152889118921413
57.34,0.63736626,23.12509963,0.011124139778122233,0.4036091283952225
57.35,1.65907091,22.39499759,0.028956249903558516,0.3908664439216951
57.36,2.82735099,21.61669077,0.049346583885021264,0.3772824273219683
57.37,4.1034535,20.81556304,0.07161877427748513,0.3633001107044401
57.38,5.50606909,19.99591478,0.096099034462788,0.3489945498591976
57.39,7.00551322,19.17399054,0.12226927148098987,0.33464926566924547
57.4,8.57204567,18.35752438,0.1496104205728233,0.3203992429461307
57.41,10.17109152,17.54109387,0.17751903554567466,0.3061498424328942
57.42,11.78833571,16.7657988,0.20574527146992344,0.29261839078691426
57.43,13.37558327,16.01350646,0.2334479674361697,0.2794884125163816
57.44,14.90457825,15.26664745,0.26013396408363454,0.2664532637436964
57.45,16.3518547,14.5413793,0.28539370332270964,0.25379494656634827
57.46,17.69482815,13.82099432,0.30883301179207706,0.24122185678343477
57.47,18.92076222,13.09841709,0.33022959772595173,0.22861050501999441
57.48,20.01578878,12.36535072,0.34934141659473894,0.21581608322785145
57.49,20.98002059,11.60845225,0.36617043643170333,0.2026057128230439
57.5,21.8076994,10.82273471,0.3806161568151919,0.1888923547593737
57.51,22.50644719,9.99932893,0.3928116063917258,0.17452121281842162
57.52,23.08863121,9.13438959,0.4029726343932223,0.1594251735053949
57.53,23.56400103,8.22800994,0.4112694029168351,0.1436058643398211
57.54,23.95256575,7.28508849,0.418051136637925,0.12714878044964198
57.55,24.26678259,6.31277118,0.42353525506113715,0.11017864201600762
57.56,24.52730549,5.32458272,0.42808223744298113,0.09293149975879533
57.57,24.73613338,4.3187107,0.4317269716934736,0.07537572115610906
57.58,24.92166854,3.32163906,0.43496517111368815,0.05797353815984948
57.59,25.09006301,2.3450096,0.437904209057339,0.04092813851087522
57.6,25.25544767,1.40536573,0.4407907159066303,0.024528259183193648
57.61,25.42798706,0.52014769,0.4438020963515129,0.009078289787142785
57.62,25.62520561,-0.2980181,0.44724420939502196,-0.005201397075537713
57.63,25.85680979,-1.03926592,0.4512864648974036,-0.018138612107767987
57.64,26.13475506,-1.69518206,0.4561375249992482,-0.02958650836774007
57.65,26.46295468,-2.26443792,0.4618656889720424,-0.03952189741101196
57.66,26.84196844,-2.74901217,0.46848072699440596,-0.047979313543894085
57.67,27.26347473,-3.15382994,0.47583739957277205,-0.05504471650097521
57.68,27.70427038,-3.48141629,0.4835307349937406,-0.060762176893065734
57.69,28.14797055,-3.74239597,0.49127476385189917,-0.06531713158986693
57.7,28.5657811,-3.94412328,0.49856693359896753,-0.06883793734055821
57.71,28.93478533,-4.09674255,0.505007272366254,-0.07150164610404842
57.72,29.23718154,-4.21184574,0.5102850818763063,-0.07351057574909704
57.73,29.46588154,-4.28167513,0.5142766498756173,-0.07472932851925623
57.74,29.61015882,-4.3222973,0.516794763447439,-0.0754383191350611
57.75,29.66935481,-4.3357222,0.5178279283769167,-0.0756726278418121
57.76,29.64654565,-4.31992239,0.5174298334353025,-0.07539686913612256
57.77,29.54852347,-4.26635926,0.5157190236543199,-0.07446201615994881
57.78,29.38157908,-4.17432595,0.5128052943810865,-0.07285573187894019
57.79,29.15422508,-4.03034809,0.5088372185135073,-0.07034284417196475
57.8,28.87389193,-3.81948245,0.50394448204352,-0.06666254447463969
57.81,28.55191629,-3.52464331,0.49832494701430413,-0.06151663071789118
57.82,28.17225772,-3.12911046,0.4916986549343908,-0.054613280185594325
57.83,27.76505779,-2.61118211,0.4845916754420003,-0.04557372518867275
57.84,27.33690755,-1.94511261,0.4771190440607964,-0.03394861936656038
57.85,26.85072965,-1.16267282,0.4686336389553647,-0.02029246883244738
57.86,26.35515505,-0.20309546,0.45998423049611076,-0.0035446844728524427
57.87,25.81399341,0.88677529,0.4505391780926185,0.015477148535827547
57.88,25.23466464,2.11773026,0.44042798360458957,0.03696136570611557
57.89,24.62572271,3.4880623,0.42979994197264076,0.06087817164968621
57.9,23.97861074,4.98781871,0.418505707467074,0.08705385898207622
57.91,23.29284727,6.59643352,0.4065368770256726,0.11512948381291922
57.92,22.58318217,8.29887155,0.3941508844441778,0.14484263274758521
57.93,21.7884404,10.01919703,0.3802800238545503,0.1748679765795371
57.94,20.98339521,11.77738969,0.366229334661707,0.2055542273809343
57.95,20.09399857,13.48269123,0.3507064349375323,0.2353173539932641
57.96,19.18945522,15.14856012,0.3349191752530128,0.26439225103030733
57.97,18.24320298,16.72115798,0.3184039581106412,0.29183926149712414
57.98,17.26781642,18.18193723,0.30138025115894,0.3173346690544375
57.99,16.27126158,19.51361685,0.28398708802425476,0.34057686300514445
58.0,15.26356391,20.70763274,0.26639944581807945,0.3614163716067749
58.01,14.24832017,21.75843735,0.24868009984481818,0.37975637184640987
58.02,13.24931924,22.6834794,0.2312442443858328,0.3959014013383078
58.03,12.22245553,23.42797924,0.21332209167708857,0.4088953748268788
58.04,11.23068311,24.07512818,0.19601239751761648,0.42019025458067005
58.05,10.25979041,24.6106706,0.17906712321903898,0.42953723309376834
58.06,9.31222249,25.04497552,0.16252894312876473,0.43711728390537896
58.07,8.39384048,25.39203429,0.14650015326318125,0.4431746021398007
58.08,7.51008779,25.66576341,0.13107575904932448,0.44795207654238733
58.09,6.66523445,25.87782556,0.11633028656985336,0.45165325927874544
58.1,5.87328702,26.04690765,0.10250819641364606,0.45460429845539885
58.11,5.11847297,26.17185107,0.08933420600083294,0.4567849725131009
58.12,4.41626507,26.26984024,0.07707836611231784,0.4584952061608974
58.13,3.76349306,26.33767166,0.06568534527295651,0.45967908777620053
58.14,3.16414309,26.41004518,0.05522471492472727,0.4609422439914585
58.15,2.60941752,26.4774709,0.04554292728322498,0.46211904480598626
58.16,2.09374205,26.55047365,0.03654269245995574,0.4633931831564966
58.17,1.60875779,26.63622531,0.028078120302607507,0.4648898319625473
58.18,1.14382307,26.73233042,0.019963478631769577,0.4665671825600386
58.19,0.69248567,26.83771057,0.012086154964378922,0.4684064131437841
58.2,0.2487144,26.95809243,0.004340885177122185,0.470507472960459
58.21,-0.19255489,27.08129289,-0.003360716821315504,0.47265772662743055
58.22,-0.63309489,27.19803669,-0.011049590308051322,0.47469529031872026
58.23,-1.07315704,27.29866136,-0.018730123738956488,0.4764515221189531
58.24,-1.50311372,27.37894053,-0.02623428344590014,0.47785265795622134
58.25,-1.92364145,27.43008245,-0.03357387693033788,0.4787452528460129
58.26,-2.321406,27.44677327,-0.04051617797555149,0.4790365626098706
58.27,-2.6948549,27.42677585,-0.04703409086850254,0.4786875417889664
58.28,-3.02864986,27.37766058,-0.052859911947065304,0.47783031861446046
58.29,-3.31441294,27.28955609,-0.05784741857370527,0.47629260517817
58.3,-3.53936526,27.16115826,-0.061773577217705156,0.47405164029225405
58.31,-3.69227672,26.99252036,-0.06444238565873676,0.4711083536936051
58.32,-3.76025341,26.7795431,-0.06562880271384426,0.4673911992747291
58.33,-3.73496301,26.51627949,-0.0651874019646979,0.4627963824795428
58.34,-3.60353081,26.19693223,-0.0628934773315582,0.45722272133532044
58.35,-3.35480339,25.81844558,-0.058552364912567406,0.45061688311797704
58.36,-2.97716588,25.37563426,-0.051961346984034394,0.44288836761887485
58.37,-2.46602375,24.87002792,-0.04304023386987752,0.4340638722669169
58.38,-1.81334794,24.2994569,-0.031648892037256585,0.42410552935145446
58.39,-1.01092465,23.67564213,-0.017643963632071293,0.41321790769238337
58.4,-0.0609223,22.99996243,-0.0010632947228877414,0.40142507223849583
58.41,1.03086299,22.28442894,0.017991953312453377,0.3889366569297099
58.42,2.27367267,21.54164456,0.0396830742041105,0.37597262386632524
58.43,3.65652413,20.77008611,0.06381838524712118,0.36250638854224115
58.44,5.155672,19.99032019,0.0899834515528811,0.3488969058433984
58.45,6.76230352,19.19190075,0.11802446144320221,0.3349618578034691
58.46,8.43613469,18.36534337,0.14723832648221113,0.3205357100658112
58.47,10.181489,17.56619976,0.17770050580558494,0.3065880228750377
58.48,11.92130574,16.73200292,0.20806603629989906,0.2920285414073054
58.49,13.65459591,15.91008676,0.2383176566588513,0.27768339823995686
58.5,15.30158836,15.05281546,0.2670630976668394,0.26272119147210476
58.51,16.96524282,14.27583072,0.2960993456093277,0.2491602495213527
58.52,18.49276434,13.46509283,0.32275962552839615,0.2350102039701811
58.53,19.91647324,12.66117431,0.3476080334233428,0.22097917887842122
58.54,21.21369755,11.85449707,0.3702488687697544,0.20690000503952072
58.55,22.3917803,11.05227463,0.39081029161820363,0.19289858212813804
58.56,23.44756199,10.24994597,0.40923715829097373,0.17889530532802395
58.57,24.38083476,9.44690202,0.4255258409466815,0.1648795443623032
58.58,25.19627207,8.64195109,0.43975790684978716,0.1508305003168128
58.59,25.89680221,7.83323152,0.45198446430224404,0.13671568109500004
58.6,26.49061926,7.02172615,0.4623485269792238,0.12255224049088524
58.61,26.99739738,6.21584713,0.4711934737502907,0.10848699821914
58.62,27.40012686,5.40273418,0.4782224291711354,0.09429550005103599
58.63,27.71159272,4.58784489,0.4836585339356911,0.08007299890129708
58.64,27.95331192,3.7853343,0.48787732984097776,0.0660665468236748
58.65,28.12207823,2.992551,0.4908228576169192,0.052229867983848835
58.66,28.22645586,2.21435022,0.4926445909258476,0.03864770213126079
58.67,28.27861099,1.45655925,0.4935548696661533,0.025421754662879215
58.68,28.29998428,0.72643971,0.49392790394863684,0.012678764756732776
58.69,28.31179521,0.03133768,0.4941340435648594,0.0005469456959363766
58.7,28.33742146,-0.62261924,0.49458130600229866,-0.01086675572426478
58.71,28.39745452,-1.23006444,0.4956290805593459,-0.02146867448970024
58.72,28.50855078,-1.78649991,0.4975680760829976,-0.031180305516082373
58.73,28.67255531,-2.28900357,0.5004304951196834,-0.039950648886404504
58.74,28.88771227,-2.73642076,0.5041856924802652,-0.04775955198192555
58.75,29.14315793,-3.1251649,0.5086440603071951,-0.05454441717275934
58.76,29.42047803,-3.45272914,0.513484209134155,-0.06026149167255225
58.77,29.69729475,-3.73222766,0.5183155723227263,-0.06513966110100347
58.78,29.96199624,-3.94732647,0.5229354848581612,-0.06889384355262518
58.79,30.18817232,-4.12450011,0.5268830021434152,-0.07198610691836829
58.8,30.3600079,-4.26693449,0.5298820987864894,-0.07447205581740506
58.81,30.47102404,-4.37283933,0.5318196959523444,-0.07632044396920284
58.82,30.5048572,-4.44921545,0.5324101959906984,-0.07765345873310113
58.83,30.44902914,-4.49356355,0.5314358125286974,-0.07842747909510485
58.84,30.28667758,-4.50769822,0.5286022432609483,-0.07867417562528771
58.85,30.01220843,-4.47128266,0.5238118528982981,-0.07803860420433016
58.86,29.6101669,-4.37484397,0.5167949044700425,-0.07635543153752003
58.87,29.08149781,-4.19493147,0.5075678881960203,-0.07321536604702573
58.88,28.43550152,-3.9076485,0.4962931259798522,-0.06820133233561763
58.89,27.68524085,-3.47335881,0.48319860704013357,-0.06062154733765215
58.9,26.86541134,-2.87048193,0.4688898827856218,-0.050099360797501394
58.91,25.98932734,-2.08429369,0.4535993324615798,-0.03637778746904201
58.92,25.05416545,-1.14592693,0.43727767844190674,-0.02000019791577058
58.93,24.13206931,0.00793269,0.42118406477897613,0.00013845155904002897
58.94,23.24073566,1.35923187,0.4056273578526574,0.023723071429539538
58.95,22.34562613,2.84756234,0.3900047493881784,0.04969933848879423
58.96,21.47877328,4.47566234,0.3748753130253819,0.07811504404051392
58.97,20.65648449,6.23523261,0.3605236662376417,0.10882533867221951
58.98,19.86651395,8.09274519,0.3467360793208842,0.1412450490904341
58.99,19.11400679,10.02251392,0.3336023517340524,0.17492586723096354
59.0,18.3888661,11.9834281,0.3209462591533689,0.20915027602100827
59.01,17.69966962,13.9544823,0.30891751138421364,0.24355166154627111
59.02,16.9963791,15.85841174,0.2966427762121505,0.27678149899992294
59.03,16.28629206,17.67731053,0.2842494193884099,0.30852727164596383
59.04,15.58499968,19.39411993,0.2720095583382626,0.33849124830515215
59.05,14.86694387,20.97280874,0.2594771202406878,0.3660445659040434
59.06,14.13225467,22.39951242,0.2466543747218447,0.39094524257036295
59.07,13.37230564,23.66028404,0.23339076200100756,0.41294985845506577
59.08,12.58455423,24.75178674,0.21964190620927976,0.43200017436447363
59.09,11.76545071,25.67177731,0.20534585287060453,0.44805703889827303
59.1,10.91547612,26.42771424,0.19051099771681565,0.4612506272641909
59.11,10.04229376,27.0350149,0.17527109056448123,0.47185002333072557
59.12,9.1516347,27.51154235,0.1597261574547635,0.48016699630935816
59.13,8.26276034,27.86807403,0.14421237323620612,0.486389648013025
59.14,7.37769214,28.12963746,0.12876501904150645,0.49095479106933476
59.15,6.51499795,28.31555414,0.1137081649881809,0.4941996492697114
59.16,5.68608448,28.44185804,0.09924089572254965,0.49640406818282107
59.17,4.90028055,28.521794,0.08552602986893862,0.4977992138755636
59.18,4.16531275,28.56726441,0.07269842186279944,0.49859282224229534
59.19,3.48741099,28.5875726,0.06086680414573504,0.4989472670229159
59.2,2.87117742,28.59415107,0.05011149938791609,0.49906208298415955
59.21,2.30027936,28.5710339,0.040147448547667955,0.49865861225391633
59.22,1.78413195,28.56094949,0.031138976817526844,0.49848260609629524
59.23,1.30846086,28.55727468,0.022836950140476573,0.49841846856241007
59.24,0.86261493,28.56843742,0.01505547070536041,0.49861329512895414
59.25,0.4344015,28.60433691,0.007581736450602147,0.49923985942924093
59.26,0.01216972,28.66871145,0.00021240168304580433,0.5003634071066977
59.27,-0.41383975,28.75203225,-0.007222866213130203,0.5018176294020934
59.28,-0.84821468,28.85840152,-0.014804138929750096,0.5036741233865363
59.29,-1.29345731,28.97533935,-0.022575088793488976,0.5057150735401736
59.3,-1.74449452,29.07886418,-0.03044717315699807,0.5075219226812411
59.31,-2.19351067,29.15935869,-0.03828398336912681,0.5089268169105206
59.32,-2.63204481,29.20199439,-0.045937847994528574,0.5096709502544131
59.33,-3.04615238,29.19777956,-0.05316538854846147,0.5095973875935013
59.34,-3.42478183,29.13660243,-0.059773719095976716,0.5085296452480806
59.35,-3.76026723,29.02733885,-0.0656290439183469,0.5066226360245644
59.36,-4.02852277,28.86442189,-0.07031098632806225,0.5037791986652245
59.37,-4.21710051,28.65649795,-0.07360228878703205,0.5001502413185054
59.38,-4.31076373,28.41109011,-0.07523702036405186,0.49586706650029794
59.39,-4.2887947,28.12976307,-0.07485358845708245,0.4909569833774081
59.4,-4.13653363,27.82123478,-0.07219613146297288,0.4855721488813603
59.41,-3.83595546,27.484828,-0.06695005273685364,0.4797007429443281
59.42,-3.37114831,27.12615567,-0.058837637582542485,0.4734407298500284
59.43,-2.73244611,26.7427755,-0.04769018125281116,0.46674948359667284
59.44,-1.91449331,26.33364459,-0.03341421176690448,0.4596088021454922
59.45,-0.91094499,25.9024904,-0.01589898938004682,0.45208374194622303
59.46,0.26093893,25.43531853,0.004554243475131008,0.4439300546420241
59.47,1.59732608,24.95986634,0.027878599323974344,0.43563184849070646
59.48,3.07598734,24.44128957,0.05368610683266228,0.42658097642984905
59.49,4.67844254,23.88133725,0.08165422618836651,0.4168079647916682
59.5,6.36541545,23.24805402,0.11109745785981649,0.4057550873305037
59.51,8.13065088,22.58335131,0.14190662818617436,0.39415383649407465
59.52,9.941619,21.86486298,0.17351398452882613,0.3816138494984191
59.53,11.7784506,21.11499509,0.2055727437535016,0.36852618586293645
59.54,13.56419927,20.26844961,0.2367399376581113,0.35375117996906064
59.55,15.30888213,19.39590465,0.2671903979682226,0.3385223975453784
59.56,16.97288447,18.478479,0.2962327175621127,0.32251029931062924
59.57,18.53327943,17.52655569,0.32346674724563795,0.30589610332464656
59.58,19.9745382,16.55064504,0.34862145815538165,0.28886324927686857
59.59,21.28535564,15.55459833,0.3714995383759448,0.27147895468371147
59.6,22.46230736,14.54458528,0.39204122102695527,0.25385090147310135
59.61,23.50787012,13.52625091,0.4102897337251945,0.2360776138303792
59.62,24.42570438,12.50140811,0.4263089635498002,0.21819073265502145
59.63,25.21920139,11.47553299,0.4401580989790305,0.2002858340967295
59.64,25.89601487,10.44900708,0.45197072262691135,0.18236957711019852
59.65,26.46778164,9.42113562,0.4619499353169045,0.16442983584591733
59.66,26.94146717,8.3920284,0.47021730743445883,0.1464685265008717
59.67,27.32824564,7.36432569,0.47696786521178497,0.12853173047970326
59.68,27.63497135,6.33699481,0.4823212387518023,0.1106014241162925
59.69,27.87482547,5.31841296,0.4865074828702759,0.09282381713273748
59.7,28.04946387,4.30934689,0.4895554979506907,0.0752122918410779
59.71,28.16707765,3.31557332,0.49160824565740696,0.05786767102527956
59.72,28.23478193,2.34495323,0.49278990826109914,0.040927154668775875
59.73,28.26270814,1.40490963,0.4932773125732025,0.0245202987364753
59.74,28.26425653,0.50717449,0.49330433707680743,0.008851864732623057
59.75,28.26139269,-0.33827922,0.49325435363955716,-0.005904086180078252
59.76,28.27354292,-1.12438878,0.4934664151579317,-0.01962428628348217
59.77,28.32081937,-1.84349563,0.49429154486908616,-0.03217506848962715
59.78,28.41475521,-2.49076547,0.49593103456271276,-0.043472058346484044
59.79,28.56772869,-3.06560826,0.49860092545694645,-0.053504957713334377
59.8,28.77581701,-3.56667968,0.5022327517758901,-0.06225030377997775
59.81,29.02576739,-3.99463896,0.506595208873501,-0.06971960228044206
59.82,29.29463742,-4.36095504,0.5112878761569369,-0.07611302397944102
59.83,29.56894768,-4.66127039,0.5160754933659387,-0.08135451563122018
59.84,29.82676784,-4.89882248,0.5205753040359572,-0.08550058174671406
59.85,30.0496478,-5.07794957,0.5244652931746705,-0.08862693924673028
59.86,30.22436317,-5.2173539,0.5275146516350107,-0.09106000379676699
59.87,30.33699454,-5.31713985,0.5294804398825426,-0.09280159717149743
59.88,30.38056546,-5.37967846,0.5302408958946656,-0.09389310182561807
59.89,30.34662154,-5.41301405,0.5296484627296321,-0.09447491762921296
59.9,30.23005587,-5.41395724,0.5276140079933389,-0.09449137940018486
59.91,30.01694027,-5.37785913,0.5238944390859757,-0.09386134852693775
59.92,29.69886451,-5.30151587,0.5183429698031924,-0.09252890727823168
59.93,29.27804067,-5.15390678,0.5109982082243065,-0.08995264265185904
59.94,28.7486022,-4.93360599,0.5017577637360854,-0.08610766852161444
59.95,28.1246032,-4.61316052,0.49086692665693327,-0.08051483999701373
59.96,27.39825585,-4.17238292,0.4781897738862977,-0.07282181960797517
59.97,26.62553141,-3.57370289,0.46470318819766826,-0.06237288191853674
59.98,25.77011658,-2.86542269,0.4497733829437807,-0.0500110604018528
59.99,24.92279189,-1.95062951,0.4349847772698404,-0.03404490743606366
60.0,24.03307971,-0.91247798,0.41945637033374394,-0.01592574510294697
60.01,23.13755488,0.26693722,0.4038265135168815,0.004658933385120458
60.02,22.24526109,1.57390695,0.38825304898628266,0.027469858397521765
60.03,21.35835014,3.00793141,0.3727735327367918,0.05249830677865549
60.04,20.47608995,4.5435188,0.3573751875620211,0.07929936268626174
60.05,19.59549207,6.15937546,0.34200585516993914,0.10750138164354028
60.06,18.71659601,7.83551545,0.32666622514013355,0.13675554319338512
60.07,17.84175017,9.54192723,0.31139728478475803,0.16653804714920226
60.08,16.94130439,11.22671533,0.2956815411880695,0.19594314669262172
60.09,16.0305588,12.86938941,0.2797860319945512,0.22461321792579048
60.1,15.10086527,14.43812819,0.2635598188615625,0.25199287474050946
60.11,14.13662469,15.88956132,0.2467306459592227,0.2773251617315363
60.12,13.16192621,17.2280478,0.22971894826903863,0.3006861578009655
60.13,12.17421822,18.43557189,0.21248019179528338,0.32176142896861387
60.14,11.18148426,19.51101884,0.19515371559692168,0.3405315191766447
60.15,10.18678027,20.44919238,0.17779285588869695,0.35690573640473544
60.16,9.20151946,21.26005812,0.16059681076333068,0.37105801335935573
60.17,8.231784,21.95088401,0.1436717341129889,0.3831151996978759
60.18,7.28932666,22.5388331,0.12722275047040124,0.3933768471524804
60.19,6.38040239,23.03422578,0.11135902930761533,0.402023080508759
60.2,5.51990863,23.45240042,0.09634058000274943,0.409321604825101
60.21,4.70127471,23.80655793,0.08205272273024158,0.41550281944526574
60.22,3.93444784,24.10374771,0.06866906905597905,0.42068975960954336
60.23,3.21582299,24.35462873,0.056126699336828685,0.4250684594393051
60.24,2.5587603,24.56976542,0.04465879200431786,0.42882330302164745
60.25,1.93442568,24.74544278,0.03376209725113022,0.43188945137485885
60.26,1.36926259,24.90186914,0.023898140519885182,0.4346196063937688
60.27,0.84897314,25.04290005,0.014817376553994772,0.4370810601203526
60.28,0.37211867,25.17815172,0.006494695999642247,0.4394416470806734
60.29,-0.07092527,25.31147641,-0.0012378794843659587,0.4417686018953742
60.3,-0.47943958,25.45882528,-0.008367799235378755,0.44434032482596725
60.31,-0.86348843,25.62453515,-0.01507071615637658,0.44723250766051903
60.32,-1.22315627,25.81640028,-0.021348104177912743,0.450581185898786
60.33,-1.57685737,26.02345234,-0.027521352940838455,0.45419492606882284
60.34,-1.90808906,26.26324393,-0.033302436518283636,0.4583800788329152
60.35,-2.23199644,26.50490685,-0.038955686770792065,0.4625978924668988
60.36,-2.54006403,26.74857965,-0.04433248053497602,0.46685078512445244
60.37,-2.83914739,26.96750615,-0.04955246990490353,0.4706717733693198
60.38,-3.11516759,27.14965838,-0.054369931196916785,0.47385092952266983
60.39,-3.39422694,27.26352193,-0.05924043566289202,0.475838223368179
60.4,-3.62650054,27.31603271,-0.06329437474835233,0.4767547093719694
60.41,-3.85075856,27.28308978,-0.06720841557135562,0.4761797467782154
60.42,-4.04819144,27.15065248,-0.07065426937905048,0.4738682798407639
60.43,-4.21089015,26.9223885,-0.0734938975572979,0.4698843218260574
60.44,-4.3269132,26.5957699,-0.07551888178800391,0.4641837518578031
60.45,-4.38173695,26.1745861,-0.07647573673379414,0.45683270779174173
60.46,-4.35779809,25.66341145,-0.07605792480762018,0.44791102709651215
60.47,-4.23636264,25.07127861,-0.07393847637647924,0.4375763594293273
60.48,-3.98957319,24.41753545,-0.06963118791479332,0.42616638882493524
60.49,-3.56817921,23.75017261,-0.062276475515710174,0.4145187099614751
60.5,-3.07240512,22.96360253,-0.053623585299131485,0.4007904722677999
60.51,-2.34540837,22.21354081,-0.0409350983603334,0.38769942566062815
60.52,-1.42913195,21.46391068,-0.024943057972946974,0.37461591171997505
60.53,-0.31761437,20.73363415,-0.005543416508147502,0.3618701818214359
60.54,0.9948568,20.02724222,0.017363526745854722,0.3495413168334186
60.55,2.4991623,19.36355216,0.043618610676714284,0.33795774007365986
60.56,4.1612617,18.71126201,0.07262771770213652,0.3265731292778321
60.57,5.95283941,18.06876094,0.10389664754697667,0.3153593701587456
60.58,7.82471322,17.40963975,0.13656700871332741,0.30385553522358244
60.59,9.74733699,16.74901835,0.17012312377693362,0.292325516684448
60.6,11.67809886,16.07243781,0.20382127548039633,0.2805169586065268
60.61,13.56111869,15.35825875,0.23668617139424022,0.26805218256072866
60.62,15.3511183,14.58887591,0.2679275581981546,0.25462391879438395
60.63,17.04110646,13.793051,0.2974234159098754,0.2407341538454964
60.64,18.59175458,12.94393546,0.3244873311437355,0.22591429194264678
60.65,19.99834368,12.05407493,0.3490369421613993,0.21038329581060503
60.66,21.2562644,11.12695423,0.37099180045445695,0.19420198703221042
60.67,22.37082844,10.17083026,0.39044461267678676,0.17751447569847092
60.68,23.35136175,9.19422779,0.407558147361765,0.16046954711386177
60.69,24.20360714,8.20687172,0.4224326354522081,0.1432369328028102
60.7,24.94333056,7.21805496,0.435343244685321,0.1259788246419076
60.71,25.58089551,6.23689849,0.44647085225813404,0.10885441376316263
60.72,26.12604822,5.27012355,0.45598556197380385,0.09198100793439201
60.73,26.59293953,4.32665601,0.46413435258225333,0.0755143929757007
60.74,26.98965205,3.41331691,0.47105829224013723,0.05957361849349896
60.75,27.32115297,2.53325337,0.47684407476752755,0.044213612093742145
60.76,27.59178342,1.69058198,0.48156746717618143,0.029506221825884926
60.77,27.80319109,0.88769205,0.48525722708165103,0.01549314901627813
60.78,27.95844762,0.1280511,0.48796696471537243,0.002234913305800511
60.79,28.06334646,-0.58397885,0.4897977948548952,-0.010192353694510088
60.8,28.12522837,-1.2455351,0.49087783793181794,-0.02173868844415682
60.81,28.15617963,-1.85171925,0.4914180393264588,-0.03231859773506001
60.82,28.17430105,-2.40075332,0.49173431777059556,-0.041901049962185036
60.83,28.19500332,-2.89149074,0.4920956405447324,-0.050466033703927306
60.84,28.23627752,-3.3224512,0.49281601123085905,-0.05798771267683663
60.85,28.30977207,-3.69542698,0.49409873311063063,-0.06449736806803065
60.86,28.41996793,-4.01356854,0.49602201368969734,-0.07004998577746173
60.87,28.56015963,-4.28124235,0.49846882043866547,-0.07472177508331947
60.88,28.71932821,-4.50405111,0.5012468362253895,-0.0786105215476053
60.89,28.88289441,-4.68330047,0.504101604960365,-0.08173901306169792
60.9,29.02980544,-4.82824734,0.5066656861413612,-0.08426881318365811
60.91,29.14346132,-4.94275532,0.5086493554616127,-0.08626735445446593
60.92,29.2104394,-5.02304362,0.5098183434842769,-0.0876686496402949
60.93,29.21698186,-5.08449465,0.5099325309524569,-0.08874117244253671
60.94,29.1530977,-5.11841139,0.508817542020586,-0.08933313122707957
60.95,29.01000612,-5.1242555,0.5063201228177052,-0.0894351301884283
60.96,28.78025756,-5.0923543,0.5023102539939894,-0.08887834921309108
60.97,28.45580086,-5.00901332,0.496647416298834,-0.08742377471025234
60.98,28.02730389,-4.84991041,0.4891687333375146,-0.08464690508124811
60.99,27.49403347,-4.60774189,0.47986140870502164,-0.08042026706256637
61.0,26.85999437,-4.25531575,0.46879533882364,-0.0742692705494719
61.01,26.13286016,-3.77041586,0.45610445275525213,-0.06580617092641357
61.02,25.33322224,-3.13525864,0.44214813822745314,-0.054720586169599586
61.03,24.47746567,-2.34105905,0.4272123684853798,-0.04085918840611056
61.04,23.6109747,-1.35812116,0.4120892481200804,-0.023703685883004713
61.05,22.7181939,-0.23285733,0.3965072836614914,-0.004064127095902968
61.06,21.82669692,1.03476239,0.38094772608890537,0.01806001068130565
61.07,20.94915784,2.44466015,0.36563177982798345,0.04266736870979845
61.08,20.09527534,3.98238954,0.35072871877782297,0.06950580956998242
61.09,19.26880859,5.63352296,0.3363041528320661,0.09832352413869681
61.1,18.46863042,7.37501737,0.32233840916298323,0.12871833549827288
61.11,17.69167375,9.17864387,0.30877795712615214,0.16019755639949437
61.12,16.93383977,11.01433735,0.2955512589916593,0.19223645168288706
61.13,16.18836244,12.84190168,0.28254022508418297,0.22413346653339122
61.14,15.43166853,14.61827653,0.2693334249248933,0.2551370564155116
61.15,14.65417104,16.30062474,0.25576353379840167,0.28449957184504465
61.16,13.87783294,17.8835832,0.24221387784472467,0.3121274088943436
61.17,13.08447044,19.3325608,0.22836709005787117,0.33741683880198897
61.18,12.27582495,20.63570079,0.2142535637759683,0.360160922241895
61.19,11.44831529,21.7802264,0.19981079561690945,0.3801366625097915
61.2,10.60094998,22.76167397,0.18502148099022703,0.397266154041989
61.21,9.73440307,23.58126615,0.16989738428774406,0.41157073610658707
61.22,8.85616643,24.25421187,0.15456926330809193,0.42331585460779086
61.23,7.97525268,24.79253114,0.1391944179445017,0.43271129829622323
61.24,7.09338952,25.2099991,0.12380300225046016,0.4399974887198072
61.25,6.23239156,25.51986811,0.10877575299550572,0.44540572319420246
61.26,5.38408772,25.73828258,0.09397005793019456,0.4492177748297008
61.27,4.56387521,25.88260199,0.07965464906464764,0.45173662370873646
61.28,3.77994889,25.96960153,0.06597255368760496,0.45325505212945694
61.29,3.0358129,26.01008334,0.05298493057951736,0.45396159300112376
61.3,2.33313702,26.00918421,0.040720922899168795,0.4539459002222203
61.31,1.69434502,26.00837937,0.029571899263769175,0.45393185311426854
61.32,1.0905952,25.9774443,0.019034477046446063,0.45339193428843355
61.33,0.54157812,25.95819842,0.009452321350760953,0.45305603031498987
61.34,0.03917444,25.9558755,0.0006837229606249674,0.4530154877127295
61.35,-0.42133723,25.98062705,-0.007353721924732628,0.45344748375520144
61.36,-0.84454188,26.04444065,-0.014740036476982847,0.4545612411827521
61.37,-1.23657563,26.15364999,-0.021582316193423167,0.4564673037396821
61.38,-1.60232408,26.31464648,-0.027965830879989023,0.4592772225743362
61.39,-1.94927915,26.51552692,-0.034021339207976425,0.4627832476551911
61.4,-2.27966084,26.7480774,-0.03978758748677965,0.46684201920828433
61.41,-2.58964456,27.01019644,-0.04519782402835985,0.4714168594884511
61.42,-2.87945573,27.28076513,-0.05025598315391686,0.47613917398175887
61.43,-3.14719674,27.54169437,-0.05492894532103192,0.48069324833448535
61.44,-3.38540266,27.77654839,-0.059086422922774134,0.48479222424502993
61.45,-3.59769051,27.97475969,-0.06279154486725398,0.4882516640446882
61.46,-3.78408019,28.10450479,-0.0660446584749926,0.4905161432280175
61.47,-3.92612933,28.17706142,-0.06852388366761898,0.4917824953156688
61.48,-4.03266103,28.15933629,-0.07038321259036583,0.49147313343682475
61.49,-4.09061816,28.05025235,-0.07139475533387221,0.48956925952277686
61.5,-4.08859073,27.84913962,-0.07135937000501849,0.48605918021660244
61.51,-4.01595626,27.54545759,-0.07009165935307746,0.4807589289139623
61.52,-3.85511288,27.14719195,-0.06728441279204106,0.47380788219839987
61.53,-3.58957806,26.65800723,-0.06264995590435056,0.46526999818395326
61.54,-3.20583743,26.08475375,-0.05595241843717324,0.45526483750943786
61.55,-2.66567692,25.46794085,-0.04652483904842149,0.4444994215356633
61.56,-2.01405285,24.75374095,-0.03515185354167548,0.43203428176324904
61.57,-1.20958717,24.00834375,-0.02111127870638038,0.4190246463881024
61.58,-0.22456201,23.2551466,-0.003919346449396431,0.40587887620396473
61.59,0.92846148,22.49763166,0.016204709803939482,0.39265774636791745
61.6,2.22178371,21.73241328,0.038777441006674865,0.37930216614014034
61.61,3.65678026,20.97038609,0.0638228555589343,0.36600228268491997
61.62,5.21611144,20.21332456,0.09103831877894265,0.3527890663462341
61.63,6.89217332,19.48116501,0.12029111705210875,0.3400104715488141
61.64,8.61215695,18.69675471,0.15031049447601266,0.3263199291272576
61.65,10.40226206,17.9489503,0.18155372260228794,0.31326828001182394
61.66,12.17732173,17.14229793,0.21253435826315192,0.29918954023630845
61.67,13.94770912,16.34970783,0.2434334472544409,0.2853562333725973
61.68,15.6474187,15.50927801,0.27309897575313086,0.270687965881654
61.69,17.27520811,14.65857902,0.30150926048672677,0.25584046756276374
61.7,18.7975342,13.77862084,0.3280788630462383,0.24048230004190682
61.71,20.20378661,12.88115414,0.35262259771484356,0.2248185511998986
61.72,21.48496742,11.9670679,0.3749834211627114,0.20886473666472352
61.73,22.63758253,11.03878017,0.395100349840448,0.19266305937035938
61.74,23.66286824,10.10025905,0.4129949612535958,0.17628277572685458
61.75,24.5645019,9.15379179,0.42873143726740287,0.15976380577752533
61.76,25.35368716,8.20214631,0.4425053184626104,0.1431544588398035
61.77,26.02833522,7.25075554,0.4542801484018026,0.12654955743021942
61.78,26.59275609,6.29647349,0.4641311509502736,0.10989419366503826
61.79,27.07323411,5.34641713,0.4725170743827367,0.09331258210352569
61.8,27.46634235,4.39947806,0.4793781074874568,0.07678537751625264
61.81,27.78598624,3.46260029,0.48495694580183935,0.06043377574101049
61.82,28.0352802,2.53515147,0.48930794620917434,0.04424674018827425
61.83,28.22228223,1.62314855,0.4925717473405876,0.028329286446471806
61.84,28.35145859,0.73046446,0.49482630013832907,0.012749009895802419
61.85,28.43033272,-0.13837433,0.4962029134014751,-0.002415087658741165
61.86,28.4723209,-0.97358144,0.49693574538939517,-0.01699220166430762
61.87,28.49328398,-1.76844562,0.49730162015675416,-0.030865198711472485
61.88,28.51439053,-2.51506467,0.49766999894799097,-0.043896159392084654
61.89,28.55534153,-3.20858223,0.49838472872997513,-0.05600032423448198
61.9,28.63103683,-3.84467947,0.49970586094325997,-0.06710231543533056
61.91,28.75389834,-4.41995286,0.5018501988167319,-0.07714273018993999
61.92,28.92244961,-4.93551477,0.5047919734366499,-0.08614098301731066
61.93,29.12862086,-5.39120605,0.5083903405721023,-0.09409429622593804
61.94,29.35955532,-5.78457843,0.5124209072554173,-0.10095993944334433
61.95,29.59228543,-6.12706434,0.516482813943446,-0.10693744621453331
61.96,29.80971154,-6.41606772,0.5202776154427493,-0.11198150674492563
61.97,29.99451378,-6.64815539,0.5235030229958101,-0.11603220073970771
61.98,30.12475781,-6.84621352,0.5257762101503763,-0.11948896721855067
61.99,30.18858192,-7.00891866,0.5268901510120314,-0.12232870762146898
62.0,30.17612627,-7.14089235,0.5266727589090554,-0.1246320830379753
62.01,30.07624904,-7.241046,0.5249295723977837,-0.1263800939883653
62.02,29.88066789,-7.30633709,0.5215160373754468,-0.12751963848108128
62.03,29.58377377,-7.32692641,0.5163342574516356,-0.12787898990582797
62.04,29.17961786,-7.28579177,0.5092804061307418,-0.12716105500120542
62.05,28.67118304,-7.15822665,0.500406544489957,-0.12493462364650375
62.06,28.05828774,-6.91309405,0.4897095035349587,-0.1206562526725295
62.07,27.3608026,-6.53448467,0.47753609135822506,-0.11404827241259514
62.08,26.6038201,-5.98420238,0.4643242543532471,-0.10444403463668087
62.09,25.79894129,-5.23859887,0.4502764690392132,-0.0914307984727544
62.1,24.96956226,-4.29831902,0.4358010742187164,-0.075019819200096
62.11,24.14283865,-3.15118181,0.4213720252202429,-0.054998497913454375
62.12,23.32623893,-1.81602815,0.4071196714353791,-0.03169567052640146
62.13,22.53273651,-0.30168369,0.39327044158383617,-0.005265373690065892
62.14,21.79682736,1.39901168,0.3804264039207834,0.024417360089857305
62.15,21.03947756,3.18822642,0.36720815632146286,0.055645048328071586
62.16,20.32298868,5.10587257,0.3547030663115363,0.08911428753376464
62.17,19.62996145,7.11261479,0.3426074593420602,0.12413854651154506
62.18,18.86966273,9.09320003,0.32933774337936184,0.15870628006594714
62.19,18.13312407,11.10669039,0.31648271869413475,0.1938483163051131
62.2,17.32887087,13.03761279,0.3024458523344343,0.22754926978562406
62.21,16.46106105,14.86522573,0.28729971369429497,0.2594471330406776
62.22,15.56995301,16.58938975,0.2717469444053016,0.28953947203409897
62.23,14.62159041,18.15900342,0.25519489453252764,0.31693439855991073
62.24,13.62770264,19.56611775,0.23784828055072352,0.34149317657040473
62.25,12.59695462,20.80447487,0.21985833384331113,0.36310658562991927
62.26,11.53750395,21.87333405,0.20136743138935123,0.381761697561086
62.27,10.46034213,22.77780106,0.18256741105357674,0.3975476248612545
62.28,9.37943486,23.53276353,0.1637020202833334,0.4107242056917434
62.29,8.30959485,24.16237487,0.14502978963926433,0.4217129965826369
62.3,7.2685024,24.67449021,0.12685929856910988,0.43065109541560703
62.31,6.26937512,25.08857441,0.1094212378866146,0.4378782280860938
62.32,5.32152162,25.43014448,0.09287807348506254,0.44383975043386126
62.33,4.43128807,25.70886936,0.07734056692584496,0.4487044172970874
62.34,3.60789193,25.93976268,0.06296959323463278,0.45273426595194827
62.35,2.85553674,26.13548308,0.04983851802466526,0.45615023134526855
62.36,2.17498021,26.30511469,0.0379605658302177,0.4591108614552275
62.37,1.55536664,26.44327068,0.027146268943681336,0.4615221383620799
62.38,1.01622445,26.5884667,0.01773646259176849,0.4640562869718714
62.39,0.53758105,26.72703497,0.009382559318828263,0.46647475952216383
62.4,0.09530507,26.84290212,0.0016633872653436723,0.46849702278456606
62.41,-0.2988666,26.97624505,-0.005216206194240885,0.47082429594732234
62.42,-0.66414281,27.11287098,-0.01159147873794712,0.47320886826942166
62.43,-1.00839305,27.26170815,-0.017599778876727805,0.4758065669352722
62.44,-1.34105453,27.42447409,-0.023405816997285073,0.47864736849837575
62.45,-1.67148937,27.59306386,-0.02917299291858573,0.4815898150700557
62.46,-2.00208745,27.76186536,-0.034943017915357345,0.4845359570273609
62.47,-2.33616573,27.92462779,-0.04077378386075686,0.48737669732940764
62.48,-2.66632021,28.07089087,-0.046536066576966635,0.48992946964951556
62.49,-2.98834851,28.19019607,-0.05215652069656669,0.49201173820426586
62.5,-3.29364149,28.27293538,-0.057484888380791896,0.4934558115845942
62.51,-3.56959866,28.30977016,-0.06230124959177761,0.4940986997748419
62.52,-3.81074704,28.29626358,-0.06651008280862805,0.49386296548315795
62.53,-4.00914939,28.22227787,-0.06997285705982223,0.4925716712442322
62.54,-4.15590982,28.08736023,-0.07253430977496489,0.4902169142072118
62.55,-4.23784989,27.88877312,-0.07396443378577951,0.48675091528569164
62.56,-4.25041013,27.63055079,-0.0741836513286202,0.48224408542502034
62.57,-4.1781454,27.30944221,-0.07292239385705548,0.4766396834476167
62.58,-4.01625474,26.93559428,-0.0700968688118288,0.4701148061673514
62.59,-3.74674057,26.5047604,-0.06539295916454908,0.46259533643220924
62.6,-3.35960296,26.02333714,-0.058636133211747356,0.45419291544952456
62.61,-2.84936631,25.4959407,-0.04973082370490143,0.4449881111082278
62.62,-2.1698824,24.94879769,-0.03787159226107661,0.43543866410445553
62.63,-1.39978647,24.33388389,-0.02443088272636883,0.42470639367850566
62.64,-0.45191129,23.71496257,-0.007887339937434925,0.4139041788337162
62.65,0.64309392,23.07821668,0.011224106303557012,0.4027908665546746
62.66,1.87987513,22.42538285,0.03281001054485643,0.39139676675276963
62.67,3.24843008,21.75595798,0.056695800416822796,0.3797130986765347
62.68,4.73641605,21.06749515,0.08266605481680436,0.36769715551543664
62.69,6.32529821,20.3554723,0.11039727993500371,0.3552700124335029
62.7,7.99289824,19.61427555,0.13950239106485993,0.3423336887409216
62.71,9.70558737,18.82500822,0.16939445544647713,0.32855837515399705
62.72,11.4530085,18.03275091,0.19989270758389696,0.31473087657150367
62.73,13.16909281,17.17062152,0.22984402903521203,0.2996838801377934
62.74,14.85043786,16.29075456,0.25918903601982074,0.28432730470628015
62.75,16.46211557,15.38200682,0.2873181185403231,0.26846666457322277
62.76,17.97025372,14.43216192,0.3136400948327592,0.25188874368494646
62.77,19.36951638,13.46800588,0.33806183534997314,0.23506104628395633
62.78,20.64591741,12.48704559,0.36033923589932004,0.2179400593921379
62.79,21.79350953,11.49441402,0.38036849686326196,0.20061537023639736
62.8,22.81531885,10.49601497,0.3982024338248263,0.18319001956511383
62.81,23.71239824,9.4946626,0.4138594228321085,0.16571312373596536
62.82,24.49407152,8.49183057,0.42750219524297206,0.1482104029680068
62.83,25.16690838,7.48960967,0.4392454137787522,0.13071834843070598
62.84,25.73977296,6.48819241,0.4492437868678067,0.11324032005740586
62.85,26.22438299,5.49161441,0.45770182747949517,0.09584675270446583
62.86,26.62973003,4.50188343,0.46477646794070837,0.07857268839447568
62.87,26.97034556,3.52746259,0.47072133042263387,0.0615658364364268
62.88,27.25401463,2.57110008,0.47567228968020414,0.04487416179428961
62.89,27.48648235,1.63742996,0.4797296167988084,0.02857854407279905
62.9,27.67496952,0.73218386,0.4830193385130747,0.01277901908696121
62.91,27.82616517,-0.13818428,0.48565820042026764,-0.00241177066049775
62.92,27.95466203,-0.9634542,0.4879008937057419,-0.016815447982167952
62.93,28.07495666,-1.73640697,0.4900004310717102,-0.030306018781078404
62.94,28.20286868,-2.45149784,0.49223291697358706,-0.04278670891352915
62.95,28.35244848,-3.10539454,0.49484357697806164,-0.054199359296454745
62.96,28.53637926,-3.69415377,0.498053774684823,-0.06447514636146132
62.97,28.7578519,-4.21848989,0.5019192014559071,-0.0736265380425934
62.98,29.01365738,-4.67759096,0.5063838493265517,-0.08163936331352238
62.99,29.28608317,-5.08458986,0.5111385763293983,-0.08874283417051754
63.0,29.57344709,-5.41865619,0.5161540228848358,-0.09457339154907143
63.01,29.84388308,-5.70329579,0.5208740213262263,-0.09954128975063109
63.02,30.09116836,-5.91765484,0.5251899636539423,-0.10328256095457825
63.03,30.29529201,-6.08178615,0.5287525934276309,-0.10614719271968974
63.04,30.44681482,-6.1824485,0.5313971653540047,-0.10790408215998464
63.05,30.53073702,-6.24798648,0.5328618840595218,-0.10904793569609084
63.06,30.54521769,-6.26630357,0.5331146194289167,-0.10936762922597497
63.07,30.48570992,-6.24332813,0.5320760129118971,-0.10896663215088057
63.08,30.35102082,-6.17462149,0.5297252446503492,-0.10776747506489812
63.09,30.13353285,-6.05978651,0.5259293634903706,-0.1057632265674363
63.1,29.82770185,-5.88403782,0.5205916055857038,-0.10269583327086945
63.11,29.4305359,-5.62989885,0.5136597520813926,-0.09826027148674236
63.12,28.94802445,-5.28582217,0.5052383386003206,-0.09225500054141145
63.13,28.38491433,-4.79901252,0.49541021295502025,-0.08375856931843022
63.14,27.75104351,-4.17517574,0.4843470801137039,-0.07287056351239071
63.15,27.08000581,-3.38492802,0.47263526284369395,-0.059078138892012466
63.16,26.37259111,-2.41340909,0.46028854715168604,-0.042121934818060154
63.17,25.65182939,-1.28077644,0.4477088820153486,-0.022353765859971602
63.18,24.93596362,0.03165624,0.43521466732652414,0.0005525056168015298
63.19,24.2174446,1.48993418,0.4226741446893212,0.02600425707900185
63.2,23.51352662,3.07580843,0.41038845827433357,0.05368298426409753
63.21,22.84733818,4.79196253,0.3987612765576089,0.08363552378069755
63.22,22.13806895,6.55617927,0.38638219321102396,0.1144269146124983
63.23,21.4544944,8.41033226,0.37445156663068535,0.1467879891236958
63.24,20.75716571,10.29620949,0.36228088502156647,0.1797027560755862
63.25,20.04187558,12.19040182,0.3497967171460482,0.21276264890010912
63.26,19.30818005,14.05690023,0.3369913144403834,0.2453391916378482
63.27,18.54756224,15.86552929,0.3237160293065747,0.27690572368209826
63.28,17.72882153,17.56910999,0.30942630819695865,0.30663881597052806
63.29,16.88223276,19.16249462,0.29465054675004965,0.33444862401469966
63.3,16.00091091,20.62073787,0.2792685786977821,0.35989977002218243
63.31,15.08426303,21.93179226,0.2632700551103562,0.3827819858004083
63.32,14.13588284,23.08943077,0.2467176982341668,0.4029865893477896
63.33,13.16043316,24.09009517,0.22969288963064172,0.42045147783528314
63.34,12.16106715,24.93699473,0.2122506623236231,0.43523266359097434
63.35,11.14645984,25.6382127,0.19454242414932035,0.4474712259416252
63.36,10.12165655,26.20507408,0.1766562325535501,0.45736482342502394
63.37,9.1114765,26.65046774,0.1590252646430891,0.4651384092595321
63.38,8.11512216,26.9909638,0.1416356008935541,0.47108118659660025
63.39,7.14464492,27.23609446,0.12469757773988686,0.47535952371118706
63.4,6.21345976,27.40130846,0.10844533075217666,0.4782430519815769
63.41,5.33366761,27.50042962,0.09309006100147683,0.47997304258197304
63.42,4.51491733,27.54557995,0.07880017286385137,0.48076106449883504
63.43,3.76409788,27.54778983,0.06569590137333842,0.480799634180909
63.44,3.08589776,27.51854317,0.053859076291917767,0.48028918366869766
63.45,2.48176342,27.4711757,0.043314942934554894,0.479462465358858
63.46,1.9499697,27.42115482,0.03403339157912607,0.47858943630811307
63.47,1.48417494,27.38639196,0.025903739378589287,0.47798270994370323
63.48,1.07395847,27.37903867,0.018744111331180747,0.4778543708223492
63.49,0.70894651,27.41160769,0.012373450820022905,0.47842280745549715
63.5,0.37584083,27.48938065,0.00655965994692828,0.47978020167651897
63.51,0.0635944,27.60787737,0.0011099316658302817,0.4818483595933328
63.52,-0.2376177,27.76616709,-0.00414721122601613,0.4846110363793927
63.53,-0.53797489,27.95001201,-0.009389433123554317,0.48781973554645824
63.54,-0.83484803,28.13794391,-0.014570846877288395,0.49109976597098703
63.55,-1.13958813,28.30849973,-0.019889564985145165,0.4940765265884258
63.56,-1.43699814,28.45461489,-0.02508034888803443,0.49662671721750407
63.57,-1.73755325,28.54591218,-0.03032602514122816,0.4982201555261522
63.58,-2.03280966,28.57917509,-0.03547922163334647,0.4988007028244468
63.59,-2.31266326,28.54240227,-0.04036358837690567,0.4981588960402035
63.6,-2.56690658,28.43331872,-0.044800971412107225,0.49625502893293966
63.61,-2.77956442,28.24783173,-0.04851255090028652,0.4930176702378259
63.62,-2.9365809,27.98879778,-0.05125300545617835,0.4884966749358795
63.63,-3.01536026,27.6652227,-0.05262796467079227,0.48284922441247546
63.64,-2.99551433,27.26838844,-0.052281587849171945,0.47592315999076024
63.65,-2.85720406,26.80175388,-0.049867618248349614,0.4677788505151652
63.66,-2.57662042,26.28089771,-0.04497050990311915,0.4586881954193379
63.67,-2.14453958,25.71055131,-0.037429276610336334,0.4487337728624413
63.68,-1.51976104,25.11862553,-0.026524833991533242,0.4384027190740057
63.69,-0.68861501,24.52257818,-0.012018599203153678,0.4279997303187187
63.7,0.32229132,23.91632301,0.005625044684598651,0.41741858149498073
63.71,1.54593074,23.32595915,0.026981581420792402,0.40711478835319787
63.72,2.96033513,22.73594675,0.05166759498095436,0.3968171293456041
63.73,4.56231244,22.18816463,0.07962737358269625,0.38725652776804936
63.74,6.31967118,21.64031474,0.11029906973439522,0.3776947433808607
63.75,8.19631217,21.09247726,0.14305263388778122,0.368133175589032
63.76,10.15668939,20.54154219,0.17726767095787443,0.35851754465282665
63.77,12.15233757,19.97509399,0.2120983024103069,0.3486311585208313
63.78,14.13482748,19.37620156,0.24669927872737293,0.3381785137520616
63.79,16.07711766,18.76930423,0.2805986373975262,0.32758615712199907
63.8,17.92974013,18.12592883,0.3129329992954561,0.3163571380656635
63.81,19.67482647,17.46391425,0.3433905016600333,0.3048028039484561
63.82,21.2861961,16.76850523,0.3715142071701762,0.29266562690138903
63.83,22.75561946,16.04643252,0.3971604829078941,0.2800630806730908
63.84,24.08266977,15.30485606,0.4203218801570055,0.26712012979080685
63.85,25.27111574,14.54785634,0.44106417531556324,0.2539079922401316
63.86,26.32634779,13.78222425,0.4594814489606327,0.2405451914107061
63.87,27.25520082,13.013265,0.47569299260125836,0.2271243206845399
63.88,28.06462222,12.24655494,0.4898200610673604,0.2137427057293766
63.89,28.76888028,11.48390887,0.5021116829980682,0.20043202078048147
63.9,29.36927526,10.72620212,0.5125905522115136,0.18720754322839592
63.91,29.88253209,9.9793839,0.5215485738033625,0.17417310637551256
63.92,30.297294,9.23532457,0.528787534744723,0.16118682123682954
63.93,30.63200078,8.49653005,0.5346292700844711,0.14829242436713844
63.94,30.89243866,7.76688541,0.5391747685873851,0.13555772302960972
63.95,31.07743012,7.037759,0.5424034786524564,0.12283206651186361
63.96,31.19105253,6.31025632,0.5443865638110074,0.1101347494287809
63.97,31.24258838,5.58536957,0.5452860340763214,0.0974830889371999
63.98,31.24213934,4.86341885,0.5452781968498482,0.08488267183605623
63.99,31.20682141,4.14763411,0.5446617826863592,0.07238987138752467
64.0,31.15611082,3.44253626,0.5437767159252304,0.060083592356291564
64.01,31.11340187,2.75350313,0.5430313041276608,0.04805769558246945
64.02,31.09217526,2.08899698,0.542660829894124,0.036459875365218136
64.03,31.10868847,1.45537212,0.5429490397786972,0.025401035335730016
64.04,31.17092964,0.85060746,0.5440353531254908,0.014845900819025966
64.05,31.26705217,0.29018943,0.5457130077593377,0.005064761007985609
64.06,31.39237711,-0.22766191,0.5479003405972022,-0.003973449910879004
64.07,31.53231989,-0.69770389,0.5503428028725962,-0.01217723008447234
64.08,31.67204638,-1.11680371,0.5527814901753512,-0.01949190183798792
64.09,31.79994589,-1.47952051,0.5550137577365385,-0.025822504250285688
64.1,31.90436411,-1.78302423,0.5568361994746103,-0.031119643456336655
64.11,31.96742373,-2.03687045,0.5579367974686668,-0.035550095789078535
64.12,31.99926537,-2.23558815,0.5584925389259016,-0.03901837393606887
64.13,31.97241434,-2.38924626,0.5580239000448498,-0.041700213877960496
64.14,31.88790039,-2.49452413,0.5565488533534839,-0.04353765933894706
64.15,31.72898138,-2.55750505,0.5537751933849742,-0.0446368837588822
64.16,31.4946238,-2.56620697,0.5496848819869681,-0.04478876091412735
64.17,31.17483776,-2.5138126,0.5441035626870537,-0.043874306648119206
64.18,30.76182904,-2.39540992,0.5368952006836064,-0.04180779003893397
64.19,30.25802889,-2.18789148,0.5281022292940651,-0.03818591000233167
64.2,29.67001023,-1.87610314,0.5178393676139,-0.03274417690000413
64.21,29.00669211,-1.4403204,0.5062622824317612,-0.025138333263641736
64.22,28.30805676,-0.84424303,0.4940687953034382,-0.014734820560513263
64.23,27.54764517,-0.13505968,0.48079710938761305,-0.002357236102689935
64.24,26.7837514,0.75763725,0.46746464796564074,0.01322326454825541
64.25,26.02917515,1.83364735,0.4542948079457889,0.032003183577968844
64.26,25.26742865,3.03332552,0.4409998234552459,0.052941517608769105
64.27,24.53118687,4.38281897,0.42814998030350215,0.07649462154536657
64.28,23.81286924,5.87609864,0.41561297258487984,0.10255726843996098
64.29,23.12006238,7.49710254,0.4035212117974764,0.13084912368262988
64.3,22.44933537,9.22753963,0.3918148170909195,0.16105094840175935
64.31,21.82079124,11.06303423,0.38084465252833616,0.19308637257433564
64.32,21.1728752,12.92678282,0.3695363843538529,0.22561492189923749
64.33,20.52315689,14.80581561,0.3581966606338597,0.25841023083767267
64.34,19.86345715,16.66207703,0.3466827280963091,0.29080810439441795
64.35,19.18371605,18.45764134,0.33481900784018115,0.3221466135352181
64.36,18.46882003,20.14967821,0.3223417184817779,0.35167822798185744
64.37,17.74470193,21.74248099,0.30970347346349236,0.37947788082777634
64.38,16.96600115,23.17205423,0.2961125809646444,0.4044286407641794
64.39,16.16020933,24.45382528,0.2820488606200069,0.4267997658434243
64.4,15.32034333,25.56982942,0.26739043364445214,0.446277712552312
64.41,14.44097722,26.5074874,0.25204259969449755,0.46264293156091113
64.42,13.52770905,27.27073061,0.23610306317433424,0.4759640385689017
64.43,12.58726434,27.86538838,0.219689206551871,0.4863427745779688
64.44,11.62907465,28.30313647,0.2029656416027072,0.49398292004278527
64.45,10.66083104,28.59397625,0.1860666026468113,0.49905903179956124
64.46,9.69119039,28.75155957,0.16914318074313334,0.5018093795797851
64.47,8.73233474,28.79337978,0.152407992599283,0.5025392799381605
64.48,7.79427875,28.73784171,0.13603582700572797,0.5015699577564575
64.49,6.88781687,28.60554697,0.12021508265591024,0.49926097896038757
64.5,6.02546603,28.42220252,0.10516422119057142,0.49606101464262947
64.51,5.20853212,28.21349907,0.0909060346898804,0.49241845227985814
64.52,4.44627325,27.99786597,0.07760210765584896,0.48865494470857596
64.53,3.74464886,27.81734384,0.06535645193805219,0.4855042391673627
64.54,3.10375685,27.68810727,0.054170776213827765,0.4832486355068786
64.55,2.52365842,27.62561029,0.044046148624677914,0.48215785743332557
64.56,2.00247093,27.64355376,0.03494971090397289,0.48247103006405834
64.57,1.53931694,27.73779722,0.026866148834724,0.48411588873952993
64.58,1.13038047,27.89930575,0.019728861001740986,0.486934744358086
64.59,0.7794312,28.10785163,0.013603640732770426,0.49057455660555493
64.6,0.47286002,28.33945881,0.008252964250046237,0.4946168644678141
64.61,0.22573516,28.57511242,0.003939821779516203,0.49872979585652477
64.62,0.01968497,28.78426695,0.00034356753965630816,0.502380231050486
64.63,-0.15124411,28.94178313,-0.002639707693748481,0.5051294070166501
64.64,-0.28764994,29.04083978,-0.005020438546164138,0.5068582717051456
64.65,-0.40016751,29.0546704,-0.006984240609007334,0.5070996615617379
64.66,-0.48682173,28.97780461,-0.008496642058754856,0.5057581004440913
64.67,-0.55445031,28.79942694,-0.009676983448203242,0.5026448227905554
64.68,-0.59690963,28.51209405,-0.01041803838036112,0.49762991781078475
64.69,-0.60596988,28.11480107,-0.010576169573914936,0.49069584721472476
64.7,-0.56915812,27.61884785,-0.009933683158460988,0.482039830589857
64.71,-0.48227544,27.00635064,-0.008417294329504362,0.47134973761607785
64.72,-0.29726268,26.31405645,-0.005188212509302298,0.4592669246081506
64.73,-0.00488517,25.54775728,-8.52623010196514e-05,0.4458924810363509
64.74,0.42622429,24.73162153,0.007439017212475142,0.4316482250556176
64.75,1.00506393,23.88172098,0.01754167477153381,0.4168146621436069
64.76,1.75852958,23.02373133,0.030692131164713025,0.4018399178030731
64.77,2.69665035,22.17342823,0.04706542738255747,0.3869993290681585
64.78,3.832994,21.34112438,0.06689836550918753,0.3724728865086335
64.79,5.13424432,20.53595059,0.08960946798581734,0.3584199528223721
64.8,6.60654679,19.73664239,0.11530599367256239,0.3444693929941828
64.81,8.22437131,18.96744162,0.14354235826605924,0.3310443069488071
64.82,9.94876023,18.21120263,0.17363862250496834,0.31784544664135067
64.83,11.75917412,17.48124832,0.2052363057093068,0.30510534054272725
64.84,13.56848657,16.70800881,0.23681476515913205,0.29160976518671966
64.85,15.36617575,15.92870509,0.26819036027760906,0.27800834939967967
64.86,17.11592056,15.14230633,0.29872916828179163,0.26428310180407905
64.87,18.7712495,14.32467832,0.32762010848833933,0.2500128009730499
64.88,20.31209924,13.47833871,0.35451300972983785,0.23524138818850515
64.89,21.72148652,12.60340909,0.3791114582015651,0.21997098559628234
64.9,22.99077623,11.70076795,0.40126474280274915,0.20421692573932723
64.91,24.11779332,10.77305349,0.4209349017494944,0.18802525389396602
64.92,25.10514991,9.82429883,0.4381675251362581,0.17146636128332668
64.93,25.96723864,8.85979614,0.45321381191909454,0.1546326136984845
64.94,26.69324843,7.88140865,0.4658850731563071,0.13755653063766138
64.95,27.31351236,6.89795457,0.47671072096616673,0.12039201889948967
64.96,27.83070444,5.91158889,0.4857374256274047,0.10317669015481688
64.97,28.25937971,4.9319851,0.4932192205107804,0.08607937865430179
64.98,28.60238578,3.95686545,0.49920580578660645,0.06906033016090707
64.99,28.88524789,3.00808282,0.5041426809352448,0.05250094938167593
65.0,29.10078487,2.07976484,0.50790451089605,0.03629874412521307
65.01,29.26122056,1.18405815,0.510704641924259,0.020665713252572895
65.02,29.36824334,0.32510414,0.5125725418098965,0.0056741376548645975
65.03,29.42809298,-0.48968407,0.5136171150840297,-0.00854659931606639
65.04,29.45139032,-1.25099395,0.5140237303739864,-0.021833963350029316
65.05,29.45171761,-1.95307827,0.5140294426620953,-0.03408764636065479
65.06,29.44668155,-2.5896336,0.5139415468337672,-0.04519763274027383
65.07,29.45359945,-3.15815549,0.5140622869660909,-0.05512021159043485
65.08,29.48622934,-3.65619506,0.5146317859811546,-0.06381264189215163
65.09,29.55113892,-4.08385336,0.5157646718682412,-0.07127668730063329
65.1,29.66130488,-4.43442292,0.5176874305938616,-0.07739528037990111
65.11,29.7892434,-4.72373414,0.5199203790079902,-0.08244471373186278
65.12,29.93467321,-4.93495236,0.52245860802304,-0.0861311671110645
65.13,30.0719038,-5.08884008,0.5248537336529944,-0.08881701450345164
65.14,30.18887737,-5.17542904,0.5268953075873064,-0.0903282769513293
65.15,30.27370987,-5.18946287,0.5283759140250045,-0.09057321349149447
65.16,30.31014472,-5.16108263,0.5290118221199748,-0.09007788486098828
65.17,30.29375988,-5.07862813,0.5287258527145623,-0.08863878235290261
65.18,30.21924076,-4.95467235,0.5274252487148736,-0.08647534586502487
65.19,30.07869838,-4.79237823,0.5249723214452845,-0.08364277911439809
65.2,29.86919911,-4.58985013,0.5213158694032599,-0.08010799694158977
65.21,29.59006709,-4.35771267,0.5164440966065174,-0.07605643394737312
65.22,29.22148973,-4.07179983,0.5100112081262088,-0.07106631351564538
65.23,28.76199718,-3.72667877,0.5019915502403242,-0.06504281470067248
65.24,28.21601192,-3.31487628,0.49246230978596683,-0.05785550538226146
65.25,27.58955423,-2.81584171,0.48152856047102893,-0.049145709054487334
65.26,26.89177729,-2.20658023,0.46935005542353797,-0.038512090222913756
65.27,26.13406076,-1.48257067,0.4561254071782516,-0.025875739584998322
65.28,25.33188323,-0.639274,0.442124768094236,-0.01115743612239423
65.29,24.49601477,0.33125858,0.4275361113536615,0.005781552896481038
65.3,23.6221136,1.40217357,0.4122836586001308,0.024472545480943186
65.31,22.76491018,2.64511713,0.397322636561775,0.04616600301940288
65.32,21.87875653,3.98723914,0.38185633769070954,0.06959045105738713
65.33,20.99356113,5.44438538,0.3664067634372013,0.09502245062844264
65.34,20.08167464,6.98410287,0.35049134178224695,0.1218955903794855
65.35,19.17573647,8.60316365,0.3346797378962549,0.15015353178039306
65.36,18.23252966,10.2403123,0.3182176735345223,0.17872716606747333
65.37,17.26263637,11.87181525,0.30128984223102206,0.20720226430097374
65.38,16.28613878,13.47819432,0.28424674414773243,0.23523886810759823
65.39,15.27388486,15.00488597,0.26657958037751317,0.2618846640628031
65.4,14.23993313,16.43412176,0.24853371838232174,0.28682953438564535
65.41,13.18835713,17.74655407,0.23018025484736981,0.3097357994047002
65.42,12.13281803,18.93517012,0.21175762216883215,0.3304810630192498
65.43,11.07569292,19.98856407,0.1933073083938249,0.3488662557673383
65.44,10.02734007,20.91101965,0.17501009943865867,0.3649661428417323
65.45,9.00018713,21.71031206,0.15708289871411893,0.3789164270824327
65.46,8.005888,22.39957122,0.1397291051459038,0.3909462688239631
65.47,7.05381169,22.9910684,0.12311223880616558,0.4012698421312247
65.48,6.15135612,23.49469601,0.10736141775670341,0.4100598021296746
65.49,5.30663407,23.92348781,0.09261823672000725,0.4175436308452276
65.5,4.52398634,24.28644696,0.07895845694824766,0.42387846306296756
65.51,3.8058827,24.59137031,0.0664251840596916,0.4292003794866786
65.52,3.15233389,24.8419885,0.05501860550270075,0.4335744920675674
65.53,2.55881591,25.04091227,0.0446597625819149,0.4370463668145473
65.54,2.01506967,25.18596521,0.035169600398575605,0.43957801820724507
65.55,1.51532857,25.28427924,0.02644747279603737,0.44129392173164955
65.56,1.04788851,25.34208138,0.018289104693317525,0.44230275938934827
65.57,0.59886159,25.37236426,0.01045210650922835,0.4428312953523346
65.58,0.1589525,25.38478234,0.0027742444792762866,0.4430480317351107
65.59,-0.2804775,25.3975308,-0.004895255852762396,0.4432705343366694
65.6,-0.72590237,25.42024009,-0.01266938640453011,0.4436668862179597
65.61,-1.17690043,25.46732379,-0.02054078747163705,0.4444886518069809
65.62,-1.63230862,25.53655457,-0.028489159827684966,0.4456969568617048
65.63,-2.08724073,25.62636453,-0.03642922302022998,0.4472644363647892
65.64,-2.52679846,25.72749968,-0.04410095266132224,0.44902957772178753
65.65,-2.94018528,25.83070178,-0.051315913754671386,0.4508307941617599
65.66,-3.31217693,25.92519788,-0.05780839283709775,0.4524800622370538
65.67,-3.62523442,26.00246231,-0.06327227678562697,0.45382858093523043
65.68,-3.87229646,26.05002777,-0.0675843228403209,0.4546587548224561
65.69,-4.03713031,26.07924328,-0.07046121624155936,0.45516866166460546
65.7,-4.10925606,26.06900285,-0.07172004805452965,0.4549899324442855
65.71,-4.07736642,26.0227064,-0.07116346883925397,0.45418190695980054
65.72,-3.93747824,25.93721443,-0.06872195951363148,0.4526897905992843
65.73,-3.6798617,25.81212063,-0.06422570268303582,0.450506491915453
65.74,-3.30377606,25.62690364,-0.057661769995565736,0.4472738456093196
65.75,-2.808536,25.38675212,-0.049018200360791464,0.4430824108816506
65.76,-2.18623719,25.08002914,-0.03815703719504885,0.4377290849891219
65.77,-1.44603181,24.70249215,-0.025238016173073065,0.431139821465553
65.78,-0.59708451,24.25959373,-0.010421090612157007,0.42340978578467225
65.79,0.36155724,23.74288379,0.006310364272423343,0.4143914960538899
65.8,1.42306269,23.16104609,0.024837129402787386,0.40423651247665887
65.81,2.58033828,22.51745727,0.045035398801247344,0.3930037685386338
65.82,3.82906298,21.8191125,0.06682975626722579,0.38081535298805125
65.83,5.16245297,21.07177537,0.09010180180586005,0.3677718594471464
65.84,6.57015629,20.2830646,0.1146708596311154,0.35400625966470667
65.85,8.04086781,19.46123636,0.14033961800212583,0.3396626509908365
65.86,9.54776571,18.59698359,0.1666399478485141,0.3245785945848552
65.87,11.09670438,17.74827598,0.193674027551476,0.30976585240362325
65.88,12.63338739,16.86524025,0.22049420563543293,0.2943539715023716
65.89,14.15447267,15.98972273,0.2470421519750528,0.2790733081194763
65.9,15.64497905,15.12821749,0.27305639582803454,0.2640372051582924
65.91,17.07519321,14.27991128,0.29801834192867954,0.2492314687286779
65.92,18.42999987,13.44661137,0.3216641788736269,0.23468764164260547
65.93,19.69622539,12.62930987,0.3437639832704042,0.22042303948611702
65.94,20.86650004,11.82863506,0.36418912906552847,0.20644862781383702
65.95,21.93361305,11.04045867,0.38281376458089567,0.1926923547218541
65.96,22.89078369,10.26153749,0.39951954375231696,0.1790976155173347
65.97,23.73978823,9.48676748,0.41433746833969687,0.16557532789712529
65.98,24.47917907,8.71081082,0.42724227295678346,0.15203232932734714
65.99,25.11557706,7.929279,0.4383495132353574,0.13839202585924346
66.0,25.65118592,7.13965116,0.4476976513452108,0.12461042018583246
66.01,26.09628078,6.34056054,0.45546602213591403,0.11066365784502963
66.02,26.45947275,5.53438055,0.46180491782921845,0.09659316265583466
66.03,26.74543147,4.7217434,0.46679583901800703,0.08240996876431163
66.04,26.96705464,3.90918134,0.47066389303321415,0.0682280854405239
66.05,27.13117463,3.10165118,0.4735283272270543,0.0541340253393673
66.06,27.25069426,2.30817365,0.4756143382913197,0.040285229900275214
66.07,27.33983453,1.53980615,0.47717012949893645,0.026874687159957684
66.08,27.41566447,0.80660339,0.47849361162352616,0.014077884913247905
66.09,27.49379734,0.1188665,0.47985728745905887,0.0020746117953218397
66.1,27.58918425,-0.51619552,0.48152210310186233,-0.00900931140804424
66.11,27.71189149,-1.09246983,0.48366374845589727,-0.019067195512202723
66.12,27.86684345,-1.60489905,0.4863681703403158,-0.028010772584629102
66.13,28.05107749,-2.04865888,0.4895836609325668,-0.03575584270621941
66.14,28.25567549,-2.43406735,0.49315456967556215,-0.0424824894727932
66.15,28.46920591,-2.74611134,0.49688137855772846,-0.04792868450935346
66.16,28.67306701,-3.00158054,0.5004394259694659,-0.05238746318678936
66.17,28.85093681,-3.20100322,0.5035438396193297,-0.0558680455559404
66.18,28.99145899,-3.34979654,0.5059964143324098,-0.05846497889491393
66.19,29.08352188,-3.4572466,0.5076032148818111,-0.06034033622337939
66.2,29.12332576,-3.52647658,0.5082979236428798,-0.061548627315469215
66.21,29.10850426,-3.554792,0.5080392396677955,-0.06204282462355427
66.22,29.0391383,-3.54719687,0.5068285752769889,-0.06191026459793727
66.23,28.91556369,-3.50641057,0.5046717914606209,-0.06119840937323111
66.24,28.74250388,-3.43019046,0.5016513279732452,-0.05986811749749885
66.25,28.52410403,-3.31125206,0.4978395315048834,-0.05779225081044483
66.26,28.26623977,-3.14240881,0.4933389511446647,-0.05484538017817691
66.27,27.97112904,-2.91422456,0.48818829724820073,-0.05086281371448304
66.28,27.65508011,-2.60288343,0.4826722028222956,-0.04542888589910335
66.29,27.30464065,-2.20380357,0.47655588041638464,-0.03846362836370533
66.3,26.94787624,-1.68864858,0.4703291668079497,-0.029472477630126868
66.31,26.56086688,-1.06387838,0.4635745792399136,-0.01856818057178339
66.32,26.17477649,-0.292255,0.4568360307241046,-0.005100812005416028
66.33,25.76750026,0.60363967,0.4497277195454949,0.01053549973715204
66.34,25.34660885,1.63339261,0.4423817786476335,0.028508079022243657
66.35,24.91211638,2.79699439,0.43479845447101084,0.048816761265310364
66.36,24.47108565,4.08922677,0.4271010161300367,0.07137047099719288
66.37,23.99086109,5.50369082,0.41871951640909566,0.09605752582078658
66.38,23.51165805,7.03457533,0.41035584557552957,0.12277650098806664
66.39,22.9868421,8.65002442,0.40119607928104767,0.15097140650691282
66.4,22.41818478,10.3189036,0.3912711367314806,0.18009884301589596
66.41,21.80830559,12.01354119,0.38062673682658454,0.20967584858945768
66.42,21.1458561,13.69566712,0.3690648120979273,0.23903448450112932
66.43,20.41227451,15.3180514,0.3562613980204122,0.2673504319197269
66.44,19.64853702,16.87679952,0.3429316641989949,0.2945557188229986
66.45,18.82237814,18.31994093,0.32851247159840624,0.319743287999372
66.46,17.95099388,19.64151013,0.31330394721135185,0.3428090218323195
66.47,17.02495104,20.80849189,0.29714145063883285,0.3631766958550377
66.48,16.06756231,21.8339604,0.2804318650788458,0.3810744977300581
66.49,15.08055335,22.70610057,0.2632053089801608,0.3962962152354612
66.5,14.074393,23.43524158,0.24564449806964228,0.40902212657127807
66.51,13.05786825,24.02683572,0.22790279425413004,0.4193473921497824
66.52,12.05140548,24.49956247,0.21033670511888763,0.4275980303995345
66.53,11.05525431,24.85897833,0.1929505873547939,0.4338710205404215
66.54,10.0802071,25.11898168,0.17593280317790932,0.4384089350641367
66.55,9.13327311,25.28905024,0.15940568725336224,0.4413771913902622
66.56,8.22089042,25.37966263,0.1434816052746595,0.44295867593886334
66.57,7.34389002,25.39734991,0.12817506075335222,0.4432673772105855
66.58,6.50727902,25.35125803,0.11357344424494994,0.4424629221461514
66.59,5.71135077,25.24988338,0.09968187567281338,0.44069360072559455
66.6,4.95501259,25.10340401,0.08648128417327186,0.4381370534328475
66.61,4.23782526,24.93047654,0.07396400391118475,0.4351188997142038
66.62,3.55867794,24.74890986,0.062110647071089216,0.4319499633362889
66.63,2.91480325,24.58402636,0.05087291376033141,0.4290722033790768
66.64,2.3002717,24.45870677,0.04014731485544725,0.4268849639163274
66.65,1.71717408,24.38782523,0.02997034152590451,0.4256478476644434
66.66,1.16441341,24.37311788,0.020322847858874667,0.42539115598270016
66.67,0.63456361,24.42855015,0.011075224307841214,0.42635863160605464
66.68,0.1326338,24.54692431,0.002314896509431655,0.42842465044733724
66.69,-0.33890298,24.70724777,-0.005914972845820493,0.43122282269252665
66.7,-0.77312775,24.8943782,-0.013493624776035591,0.4344888648266994
66.71,-1.17035458,25.0989304,-0.020426540836795376,0.4380589742088974
66.72,-1.52414217,25.30500419,-0.02660129913499114,0.4416556403464607
66.73,-1.83836864,25.49852386,-0.03208558563341033,0.4450331957553336
66.74,-2.09142793,25.68049932,-0.03650230344666949,0.44820926669016486
66.75,-2.30639862,25.82834735,-0.04025424978245354,0.45078970160625226
66.76,-2.47437017,25.93866228,-0.043185906379631815,0.4527150603488593
66.77,-2.59319641,26.00605926,-0.04525981550539681,0.4538913595557601
66.78,-2.6657451,26.02364986,-0.04652602901390549,0.4541983734431614
66.79,-2.68606701,25.98744882,-0.046880713253699455,0.45356654610251523
66.8,-2.65092203,25.89324306,-0.046267317637151896,0.45192234541617166
66.81,-2.55153019,25.73429404,-0.044532602779536495,0.44914816167435334
66.82,-2.37956497,25.51154299,-0.041531243491620094,0.4452604224395788
66.83,-2.12377368,25.21287451,-0.03706684328319645,0.44004767409165196
66.84,-1.76924851,24.84490894,-0.03087921178550382,0.4336254633611743
66.85,-1.28543697,24.41525395,-0.02243510745335957,0.426126569138051
66.86,-0.70598668,23.89659947,-0.0123217920412236,0.417074340781832
66.87,0.03715005,23.33524441,0.0006483906897805194,0.4072768467121016
66.88,0.91447802,22.70951475,0.015960652386118556,0.39635580391771696
66.89,1.95157933,22.03987485,0.034061484922364944,0.3846683828599914
66.9,3.13968511,21.32883813,0.05479784264534034,0.3722584509934104
66.91,4.47063561,20.58267898,0.07802731105140515,0.3592355170820281
66.92,5.92989869,19.80927423,0.10349625645019854,0.34573705774396446
66.93,7.49521601,19.01586566,0.13081619752269225,0.33188946588392454
66.94,9.13607229,18.20801528,0.1594545421607182,0.31778981688943725
66.95,10.81764292,17.39140639,0.18880348625905358,0.303537303057881
66.96,12.49843457,16.5629976,0.2181388345915817,0.28907884211991874
66.97,14.15875681,15.74731266,0.2471169243236692,0.27484245425798637
66.98,15.76327726,14.94197747,0.27512108909175026,0.26078670361031225
66.99,17.28482727,14.14618736,0.30167714650000294,0.24689754603600442
67.0,18.69597431,13.35288214,0.32630630857777504,0.23305175797374642
67.01,19.98236947,12.55734035,0.34875813960149427,0.21916693440103713
67.02,21.13235909,11.75142262,0.3688292448342527,0.20510101651233845
67.03,22.13932397,10.92756412,0.3864040974422023,0.19072197311679673
67.04,22.99972336,10.0786815,0.4014208996798531,0.17590617643484088
67.05,23.71766226,9.19926987,0.4139512973129994,0.16055754801101074
67.06,24.30313399,8.28536603,0.4241697066788466,0.14460691695639127
67.07,24.7667419,7.33927086,0.4322611911466362,0.1280944412026758
67.08,25.12469396,6.36647249,0.4385086331579325,0.11111590668814177
67.09,25.39225154,5.37604422,0.4431783938676006,0.09382967237181039
67.1,25.59837204,4.3874834,0.44677587524845763,0.07657603120659537
67.11,25.73537481,3.40134134,0.4491670246693101,0.059364605367195906
67.12,25.83760256,2.44721448,0.45095123549371574,0.04271195017848092
67.13,25.9116402,1.53919256,0.45224343608212203,0.026863977994200372
67.14,25.96951567,0.69152882,0.4532535535897612,0.012069454781431215
67.15,26.02595469,-0.08041202,0.4542386003153601,-0.0014034545071795307
67.16,26.09277671,-0.76529347,0.4554048645771936,-0.013356890795512449
67.17,26.1859991,-1.3549705,0.45703190221927187,-0.023648696492393827
67.18,26.31714317,-1.8490738,0.4593207980352378,-0.032272425922363124
67.19,26.49587879,-2.24866809,0.4624403230948312,-0.039246661955032174
67.2,26.72265217,-2.5590843,0.46639826523170747,-0.044664446871094325
67.21,26.99408681,-2.79210635,0.47113569340367295,-0.04873144887334118
67.22,27.29794926,-2.95566083,0.4764390936293496,-0.05158601305572839
67.23,27.61696074,-3.05853831,0.48200689430700966,-0.053381563807883003
67.24,27.92015342,-3.11511079,0.48729860484095516,-0.054368939849901654
67.25,28.18748978,-3.13640922,0.4919645045332521,-0.054740667578907186
67.26,28.40670963,-3.12908237,0.4957906127014802,-0.05461278992260744
67.27,28.56671846,-3.08824708,0.49858329361724407,-0.05390007966110072
67.28,28.65724823,-3.03575315,0.5001633361748172,-0.052983887745289296
67.29,28.67626366,-2.9620136,0.5004952180369997,-0.051696889808850316
67.3,28.62648527,-2.88110813,0.49962642123515794,-0.05028482297447681
67.31,28.50919181,-2.78996169,0.4975792641671017,-0.048694017495005355
67.32,28.33050146,-2.67602507,0.4944605292180606,-0.046705448337411734
67.33,28.09537567,-2.54302437,0.49035681002620785,-0.04438414821495451
67.34,27.80696049,-2.37617951,0.4853230155224758,-0.04147215606792553
67.35,27.47148016,-2.15843886,0.47946777918829864,-0.03767186480999293
67.36,27.0875873,-1.86960548,0.472767584806401,-0.03263077133932899
67.37,26.63967583,-1.5131364,0.4649500548974532,-0.026409212211773926
67.38,26.16448672,-1.04308901,0.4566564403583317,-0.01820533761586806
67.39,25.67309772,-0.43184764,0.44808008440024927,-0.007537163184967164
67.4,25.10638502,0.24820575,0.4381890818723824,0.004332007559881916
67.41,24.539622,1.10264322,0.42829720109483593,0.01924475466379219
67.42,23.92892933,2.06055206,0.4176386032855407,0.03596341785575175
67.43,23.29156542,3.14215263,0.4065145045226559,0.05484090899369915
67.44,22.64299008,4.34191717,0.39519472939241423,0.07578075046537437
67.45,21.96737644,5.65780579,0.38340304690303056,0.09874733947389887
67.46,21.24783878,7.0498942,0.37084474564393505,0.12304386570725162
67.47,20.51748899,8.52123859,0.3580977371171859,0.14872366974349915
67.48,19.76356471,10.03099312,0.34493927612045827,0.17507385718889865
67.49,18.98419498,11.55131242,0.33133670824157907,0.2016084346555141
67.5,18.16013749,13.03659538,0.31695419181535883,0.22753151263128132
67.51,17.31795663,14.48203794,0.3022553629110814,0.25275924445173703
67.52,16.44206898,15.84300048,0.2869682395410257,0.2765125217710421
67.53,15.52965429,17.09539686,0.2710435990569623,0.2983709621421001
67.54,14.60275657,18.24686811,0.25486618201373384,0.31846792669665486
67.55,13.64570956,19.26703752,0.23816256059286672,0.3362732418292828
67.56,12.68173618,20.17530811,0.22133805121028827,0.3521255541238143
67.57,11.67184793,20.91565879,0.20371217617058465,0.3650471111091932
67.58,10.67045182,21.55614473,0.18623451693442133,0.3762256995749241
67.59,9.67352396,22.09162672,0.16883484337256027,0.38557162338555545
67.6,8.68839442,22.52837855,0.15164108934090306,0.393194380833166
67.61,7.72683932,22.88551344,0.13485878690655972,0.39942756053741374
67.62,6.8199795,23.19610511,0.11903109719351661,0.4048484078081815
67.63,5.91353836,23.39953773,0.10321071482498576,0.4083989768331399
67.64,5.08184596,23.58303769,0.08869494408117205,0.4116016553124178
67.65,4.31265491,23.73164653,0.07527002768179973,0.41419536886798725
67.66,3.61050373,23.85144623,0.06301517774403637,0.4162862680758887
67.67,2.97922347,23.9488212,0.05199725870419051,0.41798578191141944
67.68,2.41986196,24.03138273,0.04223455864576332,0.4194267524454035
67.69,1.93025447,24.1110599,0.03368929590283811,0.42081738140057473
67.7,1.50083322,24.18506692,0.026194481212308413,0.42210904756916406
67.71,1.13312396,24.29082185,0.019776743935236527,0.42395481929788015
67.72,0.80623442,24.40606465,0.014071445171906822,0.4259661855970975
67.73,0.5094353,24.53967734,0.008891323310885069,0.428298166960044
67.74,0.23164064,24.68912422,0.004042891849426878,0.43090650707287687
67.75,-0.03866591,24.84757215,-0.0006748474377798006,0.43367194514434637
67.76,-0.31685548,24.99588133,-0.005530171378987043,0.4362604286462793
67.77,-0.59783498,25.12933452,-0.01043418878459445,0.43858962620906883
67.78,-0.89047671,25.23411266,-0.015541750501826714,0.44041834973618443
67.79,-1.17232247,25.3060935,-0.020460886996612446,0.4416746523925356
67.8,-1.45641098,25.34005938,-0.025419166863197284,0.44226746883187296
67.81,-1.71795136,25.34398574,-0.02998390762111441,0.44233599674149154
67.82,-1.95017609,25.30922534,-0.034036993764169264,0.44172931331218135
67.83,-2.14250888,25.26264376,-0.03739383420921608,0.44091631137040016
67.84,-2.27844939,25.19480835,-0.03976644369555637,0.4397323601164599
67.85,-2.34699545,25.11968186,-0.04096279813182595,0.43842115551049327
67.86,-2.32888665,25.03876506,-0.0406467399482408,0.43700889093031553
67.87,-2.21836945,24.95565616,-0.038717850928155724,0.4355583669876048
67.88,-1.99417481,24.86339851,-0.034804916294832344,0.4339481672349523
67.89,-1.64518894,24.75507427,-0.028713963820395438,0.4320575525872318
67.9,-1.1600028,24.62439921,-0.02024586819235328,0.4297768425399906
67.91,-0.54103153,24.45558662,-0.009442781555602478,0.4268305070256713
67.92,0.21575925,24.23187062,0.003765709304133576,0.42292592623627967
67.93,1.11346813,23.97303094,0.01943368498452425,0.4184083215854712
67.94,2.14745953,23.64835034,0.037480239351829946,0.4127415760981205
67.95,3.30490184,23.264077,0.05768141856321883,0.4060347410874849
67.96,4.57724669,22.81923468,0.0798880254165122,0.39827077795127463
67.97,5.9508371,22.31433478,0.10386170064483105,0.3894586123032845
67.98,7.40880656,21.75123247,0.12930806811535484,0.37963062296819877
67.99,8.93157349,21.13555742,0.15588536478434084,0.368885066223318
68.0,10.49726004,20.47311728,0.18321175013603166,0.3573233046829458
68.01,12.07865128,19.77188291,0.21081223403622754,0.34508445609829763
68.02,13.6393821,19.02229997,0.2380521255825785,0.33200176577851853
68.03,15.18045373,18.26716151,0.2649488995351543,0.3188221133430791
68.04,16.66844428,17.50210273,0.2909192338712156,0.30546931866078814
68.05,18.08668176,16.72574705,0.31567214747240285,0.29191935587822865
68.06,19.41718312,15.94071039,0.3388937769066652,0.27821788141236936
68.07,20.64978594,15.14719685,0.36040675448503223,0.26436845748021365
68.08,21.77602655,14.34289327,0.3800633612992016,0.25033071182363603
68.09,22.79737961,13.5263943,0.3978893350215208,0.23608011645799362
68.1,23.7015859,12.69424622,0.4136707118992635,0.22155639259784446
68.11,24.49849464,11.84528603,0.4275793932501829,0.20673924206398783
68.12,25.19208627,10.98030927,0.4396848508579572,0.19164254964875502
68.13,25.76871357,10.09057118,0.4497488957998423,0.1761136904978494
68.14,26.25438663,9.18516255,0.45822548978507827,0.16031132882837829
68.15,26.64784223,8.2646946,0.46509258546548804,0.14424613244179577
68.16,26.9539823,7.3332317,0.470435737659274,0.12798903797662106
68.17,27.17989924,6.39963342,0.4743787320983045,0.11169467409966513
68.18,27.3224284,5.45266917,0.4768663352204063,0.09516703003848642
68.19,27.39679471,4.51265835,0.4781642721824651,0.07876074622511466
68.2,27.41358186,3.58285364,0.4784572632219912,0.06253259263506361
68.21,27.38946108,2.66891221,0.478036276192842,0.046581305511178325
68.22,27.34739257,1.78196279,0.47730204218193384,0.031101117833524285
68.23,27.31363147,0.92839648,0.4767127998278388,0.016203575339925686
68.24,27.31067737,0.11648402,0.4766612410564056,0.002033029674958925
68.25,27.35694753,-0.6466611,0.4774688076938302,-0.011286365339568304
68.26,27.46163939,-1.3518898,0.4792960253508671,-0.023594928134127637
68.27,27.62321531,-1.99580817,0.4821160571468061,-0.034833423804702716
68.28,27.8304902,-2.56920743,0.4857336864340152,-0.04484112882020174
68.29,28.07139387,-3.06089274,0.4899382486556531,-0.05342265636339073
68.3,28.32104309,-3.47233558,0.49429544951968873,-0.06060368860514697
68.31,28.56288397,-3.80436756,0.4985163691416093,-0.06639873987806293
68.32,28.7862907,-4.05003711,0.5024155521512232,-0.07068648239745576
68.33,28.98353775,-4.20689294,0.5058581626135691,-0.07342413308190426
68.34,29.14498864,-4.27942076,0.5086760122243443,-0.07468998234019805
68.35,29.26173363,-4.27324298,0.5107135966850521,-0.0745821597387342
68.36,29.32042345,-4.19184976,0.511737927281455,-0.07316158006093411
68.37,29.31288074,-4.04020526,0.5116062821574319,-0.07051488424339356
68.38,29.22514162,-3.81321697,0.5100749456306295,-0.06655319121942184
68.39,29.04508339,-3.51821947,0.5069323366718163,-0.06140451355926987
68.4,28.75983956,-3.15153284,0.5019538926673173,-0.05500462454272765
68.41,28.37749948,-2.68949494,0.4952807994089788,-0.04694054191872734
68.42,27.87550896,-2.13963933,0.4865194120211803,-0.03734375111366549
68.43,27.26066656,-1.49152348,0.47578838776031634,-0.026031995596803793
68.44,26.58143595,-0.71407049,0.4639335772354868,-0.012462881141829243
68.45,25.75094386,0.09257627,0.44943875585321774,0.0016157607207152509
68.46,24.93245177,1.08722244,0.435153373981188,0.0189756112795665
68.47,23.99479692,2.10759006,0.4187882096013944,0.03678438582930484
68.48,23.05973308,3.26975702,0.402468266877053,0.05706802573919808
68.49,22.0843228,4.48966836,0.38544414593325316,0.07835949520461408
68.5,21.10189429,5.78744791,0.36829753376829116,0.10101002131716445
68.51,20.12247653,7.15564499,0.3512034691037835,0.12488956517933672
68.52,19.1659847,8.57998846,0.3345095374018576,0.14974904841011777
68.53,18.21491267,10.02953661,0.3179101990547314,0.17504843629381042
68.54,17.28774713,11.48925781,0.3017281076707002,0.2005253773949731
68.55,16.38959003,12.92909135,0.28605230907553625,0.22565521334861857
68.56,15.51177822,14.32478762,0.27073160277814534,0.25001470861792235
68.57,14.65421861,15.6575007,0.2557643640515268,0.2732749398483169
68.58,13.80693091,16.90144301,0.24097640397487688,0.29498582886268093
68.59,12.97037691,18.04530201,0.22637578230414823,0.3149499345912507
68.6,12.13791395,19.07727671,0.21184656275125038,0.33296129090353144
68.61,11.30363839,19.98837417,0.19728570736033088,0.3488629413870888
68.62,10.46340022,20.77731672,0.18262078479289903,0.3626325864936688
68.63,9.62021398,21.45359384,0.16790440869738793,0.37443584889357356
68.64,8.77887569,22.02421813,0.15322028541378904,0.38439512154592853
68.65,7.9409559,22.49534698,0.13859582621066957,0.39261787117956304
68.66,7.11210242,22.87605625,0.12412960396805661,0.3992625014339271
68.67,6.29856827,23.1754877,0.10993075447314318,0.40448856612044787
68.68,5.50886018,23.40439051,0.09614774817300747,0.40848367382201484
68.69,4.75039046,23.57162622,0.08290995428232799,0.41140248758842524
68.7,4.02974636,23.68503248,0.07033234200225671,0.413381800217798
68.71,3.35391461,23.75480879,0.05853685277524153,0.41459962656719024
68.72,2.72880407,23.7946374,0.04762661566332182,0.41529476694818296
68.73,2.15745327,23.81926751,0.0376546630194182,0.41572464346281135
68.74,1.6401277,23.84851304,0.028625628518161802,0.41623507425280215
68.75,1.17597184,23.90089886,0.020524580518735954,0.41714937929315926
68.76,0.76355034,23.99208945,0.01332646743772216,0.4187409553354955
68.77,0.39118634,24.12420936,0.006827489621825995,0.421046882772434
68.78,0.06128826,24.31050221,0.0010696819298183398,0.4242983063778579
68.79,-0.24413067,24.53206878,-0.004260883996599745,0.42816537253670844
68.8,-0.52274685,24.78841999,-0.009123653686928919,0.4326395451926799
68.81,-0.7801393,25.05948712,-0.013615999409203798,0.43737055910511136
68.82,-1.01854383,25.3176054,-0.017776943409373396,0.441875572950696
68.83,-1.23702794,25.55186277,-0.02159021049216286,0.44596413535425855
68.84,-1.43795174,25.74135077,-0.025096992347781445,0.4492713248472776
68.85,-1.61657339,25.88341001,-0.028214528255626377,0.4517507263181584
68.86,-1.76882887,25.97031205,-0.030871887685830754,0.45326745304285826
68.87,-1.88639225,26.00431303,-0.03292375574660401,0.45386088209276293
68.88,-1.95532257,25.98723738,-0.0341268167850573,0.4535628557783448
68.89,-1.97345514,25.9283267,-0.03444328983340565,0.452534670447756
68.9,-1.92648058,25.82318825,-0.03362342909673002,0.4506996583248126
68.91,-1.78928531,25.67521986,-0.03122891991706742,0.4481171227304375
68.92,-1.55636424,25.47823197,-0.027163680348299232,0.4446790354633811
68.93,-1.20701582,25.22795372,-0.021066400182659224,0.4403108559547516
68.94,-0.73454,24.93137504,-0.012820141487599147,0.435134581497533
68.95,-0.12023473,24.58233506,-0.0020984919137464015,0.4290426846254378
68.96,0.6400768,24.19064541,0.01117144762562924,0.4222064105869536
68.97,1.54762298,23.75794687,0.027011116580526354,0.41465439639538126
68.98,2.59916878,23.28787749,0.04536405302604414,0.4064501380015728
68.99,3.78648632,22.78318556,0.06608665336572361,0.3976416021148281
69.0,5.08915112,22.2313445,0.08882244317555706,0.3880101586701325
69.01,6.50378309,21.67398902,0.1135124287560307,0.3782824704400991
69.02,7.98419318,21.05674997,0.13935045910627628,0.3675096167457172
69.03,9.51678208,20.42033429,0.16609918149079442,0.35640206771839855
69.04,11.07120892,19.75477423,0.19322904783016548,0.34478585330162753
69.05,12.63002348,19.0739807,0.2204354943301922,0.3329037646768528
69.06,14.1461717,18.35543603,0.24689727271744352,0.32036279436269666
69.07,15.60231896,17.60368761,0.2723118367983375,0.3072423092870315
69.08,16.99663514,16.84904535,0.29664724495316735,0.29407131717534035
69.09,18.30111779,16.07543356,0.31941476223080817,0.28056924430759345
69.1,19.50987225,15.28750138,0.3405115074059743,0.2668172334841768
69.11,20.62053951,14.48920985,0.35989630798707817,0.25288441789489374
69.12,21.62963374,13.68417436,0.37750832476345514,0.23883389799898783
69.13,22.54573789,12.87292636,0.3934973584721392,0.22467494934876886
69.14,23.36060014,12.05837044,0.4077193876848483,0.21045826660315733
69.15,24.08225981,11.2427373,0.42031472500520406,0.1962227828217775
69.16,24.71692102,10.42911908,0.4313916527543952,0.1820224660285619
69.17,25.26757488,9.62056243,0.44100237565021116,0.16791049029716648
69.18,25.73994675,8.81989713,0.44924682007551375,0.15393624460569832
69.19,26.13906282,8.03155019,0.4562127095946339,0.14017699485467616
69.2,26.47057826,7.26190148,0.46199874554383163,0.12674409078144913
69.21,26.7374524,6.51257208,0.4666565779752599,0.11366582556945555
69.22,26.94352552,5.78714177,0.4702532324191173,0.10100467816619241
69.23,27.09574086,5.08941869,0.4729098912741599,0.0888271131530366
69.24,27.20363898,4.42246248,0.47479306872487187,0.07718653132191387
69.25,27.28006736,3.78830365,0.4761269955978373,0.06611837175781889
69.26,27.34172947,3.18641084,0.4772032024410642,0.05561336047923823
69.27,27.40558573,2.61282298,0.4783177044260737,0.045602363772769945
69.28,27.48631556,2.06562443,0.47972670576414905,0.036051947413131134
69.29,27.59385164,1.54156158,0.48160356442483704,0.02690532519324597
69.3,27.73660864,1.03289442,0.48409514410510657,0.01802740845447717
69.31,27.90738359,0.53866337,0.48707572926253523,0.009401449366388447
69.32,28.09845502,0.05447368,0.49041055482252915,0.0009507450716777846
69.33,28.29772946,-0.41861909,0.493888549915597,-0.0073062814322024695
69.34,28.49262653,-0.87646216,0.4972901454895869,-0.015297150461141343
69.35,28.67007186,-1.31684727,0.5003871507403748,-0.02298332060739875
69.36,28.82031626,-1.73623391,0.5030094102030581,-0.0303029983142749
69.37,28.93466265,-2.1251201,0.5050051311963276,-0.03709034274531115
69.38,29.0094122,-2.47378276,0.5063097569582118,-0.04317565414107268
69.39,29.03767893,-2.76980097,0.506803104465484,-0.04834214655143268
69.4,29.00757035,-2.99873435,0.506277610611384,-0.05233778780015202
69.41,28.90760208,-3.14857676,0.5045328351523612,-0.054953031213775295
69.42,28.72272645,-3.19816067,0.5013061467021624,-0.05581843369928784
69.43,28.4451765,-3.1250469,0.4964619862359168,-0.05454235768424198
69.44,28.06829397,-2.90866333,0.4898841451941705,-0.05076575194052236
69.45,27.59549507,-2.52836147,0.4816322476893631,-0.04412823233206384
69.46,27.0288652,-1.96914638,0.47174269081771564,-0.03436808778472742
69.47,26.39703903,-1.2083085,0.4607152438509502,-0.021088961704833903
69.48,25.6948552,-0.26202015,0.4484598240631861,-0.00457311432406942
69.49,24.94694676,0.86806181,0.4354063592817316,0.015150536695321438
69.5,24.16563695,2.16276927,0.4217699306191003,0.03774744472245422
69.51,23.35848768,3.60988046,0.4076825183025316,0.06300429963040746
69.52,22.53614923,5.18618027,0.39333000478428487,0.0905159213134685
69.53,21.70713204,6.87023962,0.37886092526315346,0.11990830176996407
69.54,20.89112441,8.6515235,0.3646189053982578,0.15099757038866363
69.55,20.02664999,10.4304348,0.3495309804699895,0.18204542967459625
69.56,19.18256148,12.24259845,0.3347988567922364,0.21367365195205437
69.57,18.31017334,14.00633475,0.3195728113938871,0.24445665752399687
69.58,17.40823914,15.6883191,0.3038310899675461,0.2738128223985135
69.59,16.51214517,17.28866263,0.28819129978377883,0.3017440861600022
69.6,15.59781541,18.76422071,0.2722332350228093,0.32749743296040806
69.61,14.66874058,20.09688093,0.25601782024190267,0.35075674160976006
69.62,13.72594239,21.27571017,0.2395628876445596,0.3713311931665425
69.63,12.7725228,22.29615918,0.2229225766460452,0.389141388239759
69.64,11.79318027,23.14140102,0.20582982499273386,0.40389364132337413
69.65,10.80250574,23.82693599,0.18853929262858654,0.41585848368743467
69.66,9.80677396,24.36347551,0.17116049460084268,0.4252228648785047
69.67,8.80226276,24.75178045,0.1536284667876834,0.4320000645832637
69.68,7.80889887,25.02731556,0.13629099623676466,0.4368090594576085
69.69,6.83060791,25.19825672,0.1192165979422685,0.43979254552678687
69.7,5.87851191,25.28603198,0.10259938794720058,0.441324512815581
69.71,4.95717583,25.30797483,0.08651903983378269,0.4417074877953522
69.72,4.08799586,25.28525312,0.07134898756489716,0.44131091914416887
69.73,3.26651426,25.23289474,0.05701142890034611,0.4403970930221585
69.74,2.50229805,25.16866363,0.04367333983873369,0.4392760486704479
69.75,1.80378919,25.1162306,0.03148206037738158,0.43836091966015095
69.76,1.16353768,25.07752836,0.020307563487016175,0.4376854381442538
69.77,0.5893434,25.08135951,0.010285982754897949,0.43775230432589163
69.78,0.07497889,25.13410042,0.0013086284999906514,0.4386728068558896
69.79,-0.38180144,25.24679762,-0.006663692216855579,0.4406397440536682
69.8,-0.78355985,25.42578758,-0.01367569926893289,0.44376370818368116
69.81,-1.14292527,25.65702964,-0.019947809065745174,0.44779964349977547
69.82,-1.4548873,25.94739648,-0.025392573630450496,0.45286750089638694
69.83,-1.72742448,26.27176511,-0.030149244755550936,0.45852880148007025
69.84,-1.96252962,26.61467191,-0.03425260353691316,0.4645136541675479
69.85,-2.15991054,26.95372868,-0.03769755047152868,0.4704313111552251
69.86,-2.31384401,27.26787565,-0.040384196352048596,0.47591421011688895
69.87,-2.43342311,27.53400297,-0.04247124536362015,0.4805590080803975
69.88,-2.52410604,27.72585574,-0.044053961067475694,0.4839074705959689
69.89,-2.56293695,27.84123216,-0.04473168829852128,0.48592116900413274
69.9,-2.57182175,27.8671959,-0.044886757311902475,0.48637432175326445
69.91,-2.54396957,27.79072491,-0.04440064506704436,0.48503965119550485
69.92,-2.47319021,27.61730142,-0.04316531219258998,0.48201284029470537
69.93,-2.35444563,27.34933437,-0.041092828302692175,0.4773359329853491
69.94,-2.18143592,26.99235397,-0.03807323922527162,0.47110544964026274
69.95,-1.94505748,26.55667608,-0.03394765716654376,0.463501435981621
69.96,-1.62966704,26.05177154,-0.02844305555923013,0.45468918935035363
69.97,-1.22288148,25.48763306,-0.021343308187661187,0.44484311543715743
69.98,-0.69940274,24.88714233,-0.012206880610469846,0.43436257507095316
69.99,-0.06287322,24.25208738,-0.001097344700330749,0.4232787752623652
70.0,0.70225419,23.60226425,0.012256647801425838,0.41193722208825007
70.01,1.59514581,22.94027108,0.02784054643389189,0.4003832616460355
70.02,2.62021671,22.27327166,0.045731408705273424,0.388741925658143
70.03,3.76952532,21.58991006,0.06579062807129286,0.37681501575644655
70.04,5.02767615,20.91146482,0.0877495025414923,0.36497391252396333
70.05,6.3683665,20.18809522,0.11114896339870746,0.352348731295129
70.06,7.78694659,19.45458649,0.13590785667244495,0.3395465888645069
70.07,9.24067065,18.68404653,0.16128012793490457,0.3260981295443215
70.08,10.70569658,17.87460406,0.18684965404049653,0.31197069333734606
70.09,12.15561854,17.02503991,0.21215556613946607,0.29714300171293906
70.1,13.55412303,16.12018894,0.23656407409389016,0.2813503730465746
70.11,14.89389688,15.17940916,0.2599475390085108,0.2649306683493868
70.12,16.15918223,14.20405799,0.2820309343432596,0.2479075790697078
70.13,17.34193446,13.20008071,0.3026738549920649,0.23038486991849078
70.14,18.43949746,12.17605233,0.32182994309013135,0.2125122030536271
70.15,19.45359602,11.1412916,0.33952930190186464,0.19445222134478707
70.16,20.38672934,10.10396094,0.3558155506959305,0.17634738589590124
70.17,21.24661055,9.07273914,0.3708233089864633,0.15834917016755876
70.18,22.03517875,8.05319392,0.38458642045298846,0.14055474920558883
70.19,22.75803835,7.04913509,0.3972027005026377,0.12303061673836681
70.2,23.41721991,6.06482619,0.4087075890930702,0.10585118557668319
70.21,24.01690036,5.105032,0.41917398740541145,0.08909961681967116
70.22,24.5573423,4.17178132,0.42860647867427704,0.07281131970719516
70.23,25.04008741,3.27029146,0.43703197029167934,0.057077353476852444
70.24,25.4639795,2.40315246,0.4444302829353394,0.04194292285440133
70.25,25.82696914,1.57311628,0.4507656473039683,0.027456058602725025
70.26,26.13109507,0.78601997,0.45607364612315815,0.013718636462927054
70.27,26.38001305,0.04704242,0.4604180844415715,0.0008210451171060309
70.28,26.58171939,-0.63834626,0.46393852419671866,-0.01114124400479178
70.29,26.74890649,-1.26393303,0.46685648955857967,-0.022059792898208266
70.3,26.89542354,-1.82847551,0.4694136944913888,-0.031912917941582505
70.31,27.03597422,-2.33104486,0.4718667666233058,-0.04068440781869027
70.32,27.18213643,-2.7697074,0.47441777842979715,-0.0483405134468516
70.33,27.34127528,-3.14598409,0.47719527533013456,-0.05490778058585761
70.34,27.51393784,-3.46391622,0.4802088054970568,-0.06045674305223626
70.35,27.69477702,-3.72633072,0.48336504460466345,-0.06503674008221091
70.36,27.87207056,-3.93992929,0.4864594006201798,-0.0687647384062625
70.37,28.0353569,-4.11037684,0.48930928487671066,-0.07173960935572016
70.38,28.17141738,-4.22526189,0.49168398823455456,-0.07374473173953847
70.39,28.2753203,-4.3021658,0.49349743629099085,-0.07508695817669586
70.4,28.33526727,-4.34008876,0.49454370829408506,-0.07574883869079797
70.41,28.34970956,-4.33738535,0.49479577380611295,-0.07570165528526664
70.42,28.31741239,-4.27804413,0.49423208185053663,-0.07466595561411632
70.43,28.23608345,-4.17307182,0.4928126240703797,-0.07283384318119215
70.44,28.10758774,-4.00574532,0.49056995085619187,-0.06991344483035386
70.45,27.93083687,-3.76267272,0.4874850662189274,-0.06567102763897069
70.46,27.70334874,-3.42561878,0.4835146493412225,-0.05978832662915128
70.47,27.42387408,-2.97581785,0.47863689634833084,-0.05193781942211874
70.48,27.09134324,-2.39491065,0.4728331383259084,-0.041799076133577535
70.49,26.71123903,-1.66717901,0.46619906836071645,-0.029097762944639467
70.5,26.28804311,-0.77395769,0.4588129061757099,-0.013508109961629593
70.51,25.82286027,0.27457089,0.45069393399393193,0.004792166060631173
70.52,25.31970612,1.48134157,0.4419122374313585,0.02585428774316206
70.53,24.77970649,2.83930705,0.43248746592830734,0.04955525649758726
70.54,24.20268613,4.32965927,0.42241656079526435,0.07556680975099414
70.55,23.60065328,5.94581939,0.41190910535759917,0.1037741250844208
70.56,22.94521122,7.64775801,0.400469483354545,0.13347855767026942
70.57,22.2453631,9.40984156,0.38825482939665257,0.16423271731299954
70.58,21.49310531,11.19779095,0.3751254541373765,0.19543832102752373
70.59,20.69620152,12.97801091,0.36121685918025503,0.22650902073924548
70.6,19.81068037,14.68643475,0.3457615995167085,0.2563266417668103
70.61,18.89634869,16.3263263,0.3298035012454173,0.2849481486899435
70.62,17.93040567,17.85269744,0.31294461515975985,0.31158835069036284
70.63,16.92106295,19.24624087,0.2953282614147246,0.33591027181339794
70.64,15.88005633,20.49507353,0.2771592683606672,0.3577065135368368
70.65,14.81567946,21.59232379,0.2585823874970955,0.37685714329220066
70.66,13.74368631,22.54261253,0.23987257747077007,0.393442810649829
70.67,12.65783884,23.3328435,0.22092096394481972,0.4072349429275575
70.68,11.59040887,23.99477472,0.20229079643385542,0.41878782213830046
70.69,10.54877606,24.53900297,0.1841108743025549,0.4282863969831673
70.7,9.54222697,24.97779334,0.16654327859910217,0.4359447336657115
70.71,8.57625429,25.32333241,0.1496838748487886,0.4419755281314906
70.72,7.66151103,25.59268186,0.13371859315136206,0.44667656287242646
70.73,6.80172472,25.79799673,0.11871249117828941,0.4502599833572306
70.74,6.00207825,25.95179795,0.10475602742483935,0.45294432103981475
70.75,5.26595321,26.06686128,0.09190822177046439,0.4549525549966235
70.76,4.59313673,26.15152092,0.08016535893278581,0.4564301444581766
70.77,3.98098385,26.21197005,0.06948127565122006,0.4574851808066427
70.78,3.42521711,26.25277303,0.059781316165144795,0.4581973271522681
70.79,2.92137945,26.28168539,0.050987690102601055,0.45870194302878997
70.8,2.46230068,26.31037143,0.042975254040095286,0.4592026088761488
70.81,2.0381111,26.33724904,0.035571749216443405,0.45967171166571574
70.82,1.64257527,26.36758406,0.02866834667333484,0.46020115764337405
70.83,1.26918969,26.40949512,0.02215153892286615,0.46093264363337494
70.84,0.90617306,26.45426235,0.015815703489872126,0.4617139791938726
70.85,0.55271759,26.5138841,0.009646741779188084,0.46275457503717343
70.86,0.20545865,26.58238448,0.0035859299192026474,0.4639501322070408
70.87,-0.13912002,26.64742019,-0.002428102404440362,0.4650852194779129
70.88,-0.4728116,26.72442564,-0.00825211916162242,0.4664292181223928
70.89,-0.79489759,26.79630143,-0.013873580161667953,0.4676836873103648
70.9,-1.10208694,26.86183631,-0.019235045746229196,0.46882748674126423
70.91,-1.38579279,26.91938807,-0.02418664693589835,0.4698319544435818
70.92,-1.64005185,26.96364181,-0.028624304685924164,0.4706043279129033
70.93,-1.86659972,26.99180886,-0.03257831093080425,0.47109593567597713
70.94,-2.05689665,27.00155087,-0.03589961891574142,0.47126596582623936
70.95,-2.20992668,26.99036601,-0.03857049679366712,0.47107075319286473
70.96,-2.32134365,26.95467128,-0.04051508976276287,0.4704477626287544
70.97,-2.38910407,26.88707216,-0.04169773219429709,0.4692679354133036
70.98,-2.4061504,26.78876813,-0.04199524677817857,0.4675522064218244
70.99,-2.36627995,26.65133569,-0.04129937615142679,0.4651535578447748
71.0,-2.25952051,26.46754492,-0.03943607241584146,0.4619458037734992
71.01,-2.06306006,26.23775219,-0.03600719071339177,0.4579351640378528
71.02,-1.80746719,25.9326954,-0.03154625358726992,0.45261091864678793
71.03,-1.4328875,25.57001962,-0.02500860468567025,0.4462810321685493
71.04,-0.92901163,25.14046194,-0.016214311732819328,0.43878383632532114
71.05,-0.29605402,24.64514242,-0.005167117412765142,0.4301388798519232
71.06,0.48980733,24.09011374,0.008548750608902396,0.4204518019429252
71.07,1.43615872,23.48429299,0.02506569824522734,0.4098782351785238
71.08,2.546621,22.83530441,0.04444692125043052,0.39855124764968114
71.09,3.82015177,22.15069199,0.06667422631238913,0.38660250682063485
71.1,5.24817419,21.43698171,0.09159791933368647,0.37414591252930424
71.11,6.8199462,20.70246721,0.11903051599887571,0.3613262161006643
71.12,8.49430346,19.92263716,0.14825356304054643,0.34771561412217233
71.13,10.2894521,19.17961523,0.17958481737124485,0.3347474350291495
71.14,12.10645486,18.37307311,0.21129749805106915,0.3206706194791343
71.15,13.95800365,17.58068663,0.2436131206978862,0.3068408664548461
71.16,15.8054061,16.79254585,0.2758563760597961,0.2930852148746098
71.17,17.58674436,15.97811845,0.30694659378854294,0.27887077522615294
71.18,19.30165372,15.16882466,0.3368774084938117,0.2647459339747094
71.19,20.90579955,14.34665426,0.36487503490944895,0.25039635348227063
71.2,22.38270575,13.50630361,0.3906519108425668,0.23572946776849613
71.21,23.72172784,12.6469591,0.4140222550700026,0.22073107666005878
71.22,24.91715598,11.76430508,0.43488641208399437,0.2053258578550949
71.23,25.96696346,10.85697935,0.45320900912205886,0.18949003647853382
71.24,26.87544589,9.92370633,0.4690650187220778,0.17320134945950294
71.25,27.6431485,8.96573865,0.4824639569427317,0.1564816593158115
71.26,28.28003412,7.98717004,0.4935797079703372,0.13940241511464718
71.27,28.80312281,6.99850322,0.5027093278907812,0.12214692390042507
71.28,29.20237385,6.00221063,0.5096775730807928,0.10475833789170315
71.29,29.50705004,5.01725654,0.5149951757487246,0.08756764604021858
71.3,29.71691632,4.05027222,0.5186580333236368,0.07069058584106012
71.31,29.83918668,3.11235321,0.5207920536832357,0.05432081099951451
71.32,29.87961433,2.21136652,0.5214976492845795,0.038595626742369035
71.33,29.84571403,1.35364423,0.5209059774321657,0.023625548714123402
71.34,29.75215112,0.54481863,0.5192729965949185,0.009508878919704753
71.35,29.61948307,-0.20967361,0.5169575023102181,-0.003659494849042508
71.36,29.46702292,-0.9085292,0.5142965707146336,-0.015856825890510066
71.37,29.32338004,-1.55118091,0.5117895295115865,-0.027073214173581835
71.38,29.20421065,-2.13638862,0.5097096312884933,-0.03728701552113798
71.39,29.12033279,-2.66551578,0.5082456864619664,-0.046522026624864814
71.4,29.07620596,-3.13518596,0.5074755279899986,-0.05471931766429924
71.41,29.06313306,-3.55047327,0.5072473628422147,-0.06196744856554961
71.42,29.07002037,-3.90314611,0.5073675690783203,-0.06812275080590877
71.43,29.07772122,-4.20030628,0.5075019742660225,-0.07330917417819485
71.44,29.0671881,-4.44401066,0.5073181366415147,-0.07756261801072627
71.45,29.02637422,-4.62827301,0.5066058000550009,-0.08077860270568844
71.46,28.94169947,-4.76628367,0.5051279468741978,-0.08318734312553888
71.47,28.80631686,-4.84264006,0.5027650745797544,-0.08452001353597575
71.48,28.61175896,-4.87352018,0.49936939863898855,-0.0850589733033867
71.49,28.3561728,-4.8499671,0.4949085786244595,-0.08464789450840107
71.5,28.03914597,-4.76848347,0.4893754166237992,-0.08322573687842424
71.51,27.66197316,-4.61975672,0.4827925092403002,-0.08062996540513377
71.52,27.22767408,-4.38956597,0.47521256035591797,-0.07661237890999863
71.53,26.74434007,-4.06361625,0.46677679049455073,-0.07092348310004502
71.54,26.20847053,-3.62274273,0.4574241026604033,-0.06322878859118795
71.55,25.65745892,-3.05384615,0.4478071358491884,-0.05329967016685263
71.56,25.07825715,-2.34616266,0.43769815792930944,-0.040948263204348266
71.57,24.48926785,-1.49178581,0.4274183553852928,-0.026036574119030553
71.58,23.8956073,-0.49218032,0.4170570241485924,-0.008590167097519297
71.59,23.29950808,0.65029464,0.40665313009102233,0.01134978257607122
71.6,22.71046098,1.93577703,0.3963723187466981,0.03378568275797705
71.61,22.11485018,3.35242484,0.3859769492262607,0.0585108513836441
71.62,21.54440589,4.90404348,0.3760208181665593,0.08559170538696069
71.63,20.90950076,6.50209355,0.36493963321025663,0.11348294072018654
71.64,20.27038843,8.17113903,0.3537850187616641,0.14261327971171572
71.65,19.55881503,9.83193933,0.3413657200620535,0.1715997131648253
71.66,18.82338279,11.48399586,0.3285300060487364,0.20043353904239777
71.67,17.99976764,13.05014375,0.3141552099119294,0.22776797629605974
71.68,17.14302722,14.54048881,0.2992022687480103,0.2537794045838922
71.69,16.22388755,15.90354926,0.28316025522081617,0.2775692973401077
71.7,15.25517089,17.12709607,0.26625295998489373,0.2989242177268812
71.71,14.24393107,18.19888107,0.2486034955986189,0.3176303948503686
71.72,13.1960977,19.10920207,0.23031535327985092,0.3335184935504159
71.73,12.12205173,19.85903294,0.2115697147855747,0.3466055110650095
71.74,11.03916195,20.46241092,0.19266972268837765,0.35713644345004203
71.75,9.95949755,20.92979792,0.17382602409180858,0.36529388548106073
71.76,8.89385996,21.27797612,0.15522713951329117,0.3713707414547281
71.77,7.85647983,21.52552067,0.13712144065002438,0.3756912088975958
71.78,6.85199913,21.6849329,0.11958994516228698,0.3784734771790423
71.79,5.88795147,21.77405606,0.10276413934914012,0.38002896976082395
71.8,4.97315684,21.81137746,0.08679796107607683,0.38068035107227777
71.81,4.11156168,21.81271546,0.07176028871482949,0.38070370357766947
71.82,3.30948281,21.79460003,0.057761371572653916,0.38038752967875494
71.83,2.56989084,21.77021404,0.04485305657484279,0.3799619138618965
71.84,1.89595965,21.75414894,0.03309073837745931,0.3796815249722344
71.85,1.2885209,21.75888896,0.0224889321857606,0.37976425392784474
71.86,0.74887126,21.79818699,0.013070269160558512,0.3804501339408923
71.87,0.27172632,21.88925152,0.004742518948327719,0.3820395098211734
71.88,-0.14586255,22.03195939,-0.0025457817528548553,0.3845302320211815
71.89,-0.51004897,22.23362455,-0.008902033872905783,0.3880499530497426
71.9,-0.8293578,22.49286937,-0.014475024287096629,0.39257462872748267
71.91,-1.11423164,22.79769488,-0.019447010747896152,0.3978948375210536
71.92,-1.3677629,23.15544136,-0.02387196599162595,0.4041386914844736
71.93,-1.60651881,23.52819851,-0.028039042729721207,0.41064453106232396
71.94,-1.83218487,23.90345672,-0.03197765848672428,0.41719402237196435
71.95,-2.04671991,24.26477565,-0.035722001295622016,0.4235002273502472
71.96,-2.25223953,24.59145355,-0.03930899534206961,0.42920183229874803
71.97,-2.44930205,24.86526861,-0.04274838514834678,0.4339808066372938
71.98,-2.62927258,25.08502857,-0.045889463453406006,0.43781634150334486
71.99,-2.7971054,25.23864434,-0.048818698755313,0.4404974424728312
72.0,-2.93589561,25.32068752,-0.05124104488934736,0.44192936609263755
72.01,-3.04164958,25.34161928,-0.05308679986290267,0.4422946942228748
72.02,-3.10235008,25.3079638,-0.054146223445509484,0.4417072952855357
72.03,-3.10127811,25.22472726,-0.05412751403952688,0.4402545436045678
72.04,-3.03130716,25.10330806,-0.052906290581278555,0.43813537878943026
72.05,-2.87483183,24.94741133,-0.050175280874633896,0.43541446755783764
72.06,-2.61063356,24.75676276,-0.045564151185060936,0.43208702229711876
72.07,-2.2324923,24.52828566,-0.038964341160421,0.42809934463671045
72.08,-1.7129731,24.27474234,-0.029897020593094077,0.4236741789062728
72.09,-1.05631679,23.9849468,-0.01843620592959751,0.4186162925756779
72.1,-0.24688456,23.65841874,-0.004308948444337492,0.41291730282852823
72.11,0.71024459,23.30096721,0.012396106589977193,0.406678596713737
72.12,1.81449996,22.91070381,0.031668998579305406,0.3998672154337094
72.13,3.05725417,22.48544715,0.05335915133682645,0.3924450865506753
72.14,4.42644812,22.02348352,0.07725609386271307,0.3843823001827104
72.15,5.90592365,21.5217162,0.10307781306390121,0.37562480836980244
72.16,7.47384283,20.97782455,0.13044316516007082,0.36613210830319787
72.17,9.10686635,20.39094534,0.15894480234657832,0.35588913377719456
72.18,10.77969237,19.76459767,0.18814112420861082,0.3449573046734997
72.19,12.45319994,19.09115596,0.21734934136216028,0.3332035295137388
72.2,14.10566918,18.38440119,0.24619037038808866,0.3208683317730636
72.21,15.69695478,17.63002315,0.27396354344766216,0.3077019511703221
72.22,17.22613174,16.86575113,0.30065271624529977,0.2943628880404542
72.23,18.65607215,16.070971,0.3256098845071174,0.2804913579425256
72.24,19.97423332,15.25170759,0.34861613699555816,0.2661925139969094
72.25,21.16743121,14.40714765,0.36944136880390727,0.2514521623134636
72.26,22.23165721,13.53625195,0.38801561648923644,0.23625216490700285
72.27,23.16573724,12.63864803,0.40431838848986384,0.22058602112419506
72.28,23.97306565,11.7140397,0.41840892738925456,0.20444856147432883
72.29,24.65769812,10.76181076,0.43035801815681585,0.18782903123855327
72.3,25.22743001,9.78197497,0.440301715490926,0.17072767057417354
72.31,25.69132228,8.77695067,0.44839816297697654,0.15318668747662229
72.32,26.06171119,7.75260175,0.4548626689693495,0.1353084261333743
72.33,26.34931905,6.71624946,0.45988237308096436,0.1172206664622912
72.34,26.56757331,5.67962824,0.46369162852446816,0.09912821307725071
72.35,26.72377483,4.65107044,0.4664178593450879,0.08117649292018136
72.36,26.83641318,3.64934485,0.4683837694166017,0.06369308317319859
72.37,26.91272304,2.68474894,0.4697156277253376,0.04685770859242769
72.38,26.96534126,1.7700089,0.4706339889108763,0.030892483094603063
72.39,27.01424196,0.92091515,0.4714874671324063,0.016073001498997458
72.4,27.07540741,0.1478469,0.4725550056233703,0.0025804151938668045
72.41,27.16583083,-0.54131276,0.47413319202328397,-0.009447689945057859
72.42,27.29835728,-1.14816812,0.47644621492176364,-0.020039314060433355
72.43,27.47701601,-1.66771851,0.4795643979976952,-0.02910717899595398
72.44,27.70548308,-2.11006469,0.48355190060157954,-0.036827576270573474
72.45,27.97271619,-2.47856729,0.4882159982414237,-0.043259159942733126
72.46,28.25966449,-2.77461218,0.49322419085942415,-0.04842611800693756
72.47,28.54801642,-3.01177825,0.4982568814424044,-0.052565446802452905
72.48,28.81861842,-3.19573716,0.5029797773048861,-0.05577613547033283
72.49,29.05198633,-3.34095786,0.5070528157028839,-0.05831071482738376
72.5,29.23826483,-3.43873075,0.5103039888535601,-0.060017173677073994
72.51,29.36662484,-3.50663756,0.512544293655953,-0.06120237109610021
72.52,29.43739857,-3.52859899,0.5137795282683705,-0.06158567035804646
72.53,29.44501595,-3.51148147,0.513912476629746,-0.06128691327427049
72.54,29.38924548,-3.45563209,0.5129390983028613,-0.060312157708073015
72.55,29.27216979,-3.35481501,0.5108957420383171,-0.05855256771982649
72.56,29.09443341,-3.19874112,0.5077936570067413,-0.055828564462931045
72.57,28.85572295,-2.97321471,0.5036273735207911,-0.05189238605822838
72.58,28.55587519,-2.66243518,0.4983940428540613,-0.04646826001192789
72.59,28.18686415,-2.24807278,0.4919535852298529,-0.03923627183546213
72.6,27.75911536,-1.71509098,0.484487960472931,-0.02993398457225622
72.61,27.2785452,-1.04585841,0.4761004288940951,-0.018253672764172786
72.62,26.75171133,-0.23173781,0.4669054432515713,-0.004044587785861041
72.63,26.19555347,0.7383296,0.4571986574337256,0.012886282484932727
72.64,25.59314857,1.8458453,0.44668470849857844,0.03221607796746249
72.65,24.97528711,3.09785963,0.4359009917003992,0.0540678503081133
72.66,24.32169416,4.4727855,0.4244936427550765,0.07806483371046083
72.67,23.67083753,5.9816345,0.41313405160314204,0.10439921667588475
72.68,22.98533101,7.56704954,0.4011697057852537,0.13206992913452237
72.69,22.24983706,9.195585,0.38833291472925513,0.16049323489700276
72.7,21.52113102,10.86934423,0.3756145950520856,0.18970584434614782
72.71,20.7562541,12.5262966,0.3622649744255724,0.21862511875137114
72.72,19.95688285,14.13777516,0.3483133141672896,0.24675072544866813
72.73,19.12999989,15.66986104,0.33388148398665307,0.27349066847798287
72.74,18.27129913,17.09637782,0.31889432843527543,0.2983880831239305
72.75,17.38154723,18.39605141,0.3033652282544001,0.3210716664706453
72.76,16.46442142,19.55645848,0.2873583632148802,0.34132459050556563
72.77,15.52355064,20.56977337,0.27093707026807295,0.3590102716955498
72.78,14.56873695,21.44002462,0.2542724276344565,0.3741990213276461
72.79,13.62201903,22.19975567,0.23774908284282423,0.38745882957977973
72.8,12.64198273,22.78515169,0.22064422261876132,0.39767591755685033
72.81,11.70976985,23.31223979,0.20437403853326253,0.40687534034993145
72.82,10.75978068,23.6965867,0.1877935996584744,0.4135834593992978
72.83,9.85399611,24.02268894,0.17198467659821334,0.4192750171854265
72.84,8.98183695,24.28239753,0.1567626276547853,0.4238077871766386
72.85,8.15099787,24.48992814,0.14226175015454473,0.4274298796198108
72.86,7.3691477,24.65824049,0.12861589043076735,0.4303674842990799
72.87,6.63690815,24.7950003,0.11583589936994569,0.4327543932679818
72.88,5.95493592,24.90674852,0.10393323854927763,0.43470476764022475
72.89,5.32360508,24.9988886,0.09291443672189613,0.43631291540927575
72.9,4.73917892,25.07646362,0.08271427599510894,0.43766685492557617
72.91,4.1962903,25.14654927,0.07323908210450061,0.4388900802764766
72.92,3.68785363,25.21875452,0.06436518817512474,0.44015029962620217
72.93,3.20317331,25.30209315,0.055905920771505004,0.4416048331138035
72.94,2.73690267,25.39609186,0.047767962898123836,0.44324542009593076
72.95,2.27872146,25.5304226,0.03977119221285226,0.44558993379557127
72.96,1.82272974,25.67622079,0.03181263533702019,0.4481345922545195
72.97,1.36367001,25.8658795,0.023800531585204,0.4514447611991046
72.98,0.90106192,26.07158397,0.015726497268341744,0.4550349814866745
72.99,0.43517273,26.28642469,0.007595196953392304,0.45878465941802976
73.0,-0.0258104,26.50695571,-0.00045047646125674444,0.4626336518198112
73.01,-0.47549367,26.72084379,-0.008298930113891385,0.46636670304658023
73.02,-0.9009809,26.92277703,-0.01572508320258178,0.46989110295380015
73.03,-1.29027208,27.10808465,-0.022519496042555678,0.47312533105183463
73.04,-1.63193517,27.27256091,-0.02848264189559339,0.4759959833302009
73.05,-1.90888815,27.42113845,-0.03331638326980339,0.4785891505977145
73.06,-2.11085932,27.54420114,-0.03684144518040859,0.48073699972457556
73.07,-2.24058116,27.6353204,-0.039105518400153874,0.4823273308235564
73.08,-2.28500471,27.69737507,-0.0398808556130782,0.4834103891312949
73.09,-2.2482947,27.71827558,-0.039240145070138156,0.48377517184614094
73.1,-2.09937892,27.69928576,-0.036641074400962634,0.4834437369627798
73.11,-1.85441001,27.62264227,-0.032365560356440976,0.4821060557120605
73.12,-1.50023612,27.47654354,-0.026184059851344754,0.4795561518405783
73.13,-1.02953284,27.25850432,-0.017968737815407976,0.475750649553098
73.14,-0.43264482,26.95487991,-0.007551076600698213,0.4704514039091728
73.15,0.29804105,26.56560307,0.0052017976286010455,0.46365724134941366
73.16,1.16602649,26.08979499,0.020351001415972736,0.4553528237458211
73.17,2.17628462,25.53066356,0.03798333207951364,0.4455941393409369
73.18,3.33125193,24.89788728,0.058141314391915666,0.4345501098264153
73.19,4.62688466,24.20094813,0.08075437142701838,0.4223862269728647
73.2,6.05825627,23.44701644,0.10573651884109057,0.40922763664723943
73.21,7.61236924,22.64738125,0.1328609071155384,0.395271369766929
73.22,9.25345248,21.78583193,0.16150321295283473,0.3802344974646108
73.23,10.98606774,20.91961715,0.19174305391013233,0.3651161975241725
73.24,12.76469218,20.04641381,0.2227859065445727,0.349875924201761
73.25,14.53956001,19.13794559,0.25376319396579966,0.3340201626130288
73.26,16.272059,18.20585977,0.28400100562877595,0.3177521961428776
73.27,17.95034029,17.28226794,0.3132925399138938,0.30163247776485785
73.28,19.51227701,16.33586967,0.3405534783856945,0.28511471191817955
73.29,20.96574098,15.39043653,0.3659212102213026,0.2686137907677111
73.3,22.27947763,14.43433821,0.388850240267923,0.2519267271109247
73.31,23.45024626,13.4691807,0.4092840076404862,0.23508155076107462
73.32,24.44470515,12.46525545,0.42664058954671435,0.2175597497046674
73.33,25.29784297,11.45755605,0.4415306534790011,0.19997207730429606
73.34,25.96838067,10.37913884,0.453233744102751,0.18115014627962492
73.35,26.51265653,9.29635786,0.46273314989887476,0.16225205310065408
73.36,26.93098474,8.19647305,0.47003435451734904,0.1430554417734818
73.37,27.24578251,7.08404603,0.4755286120817849,0.12363992758633299
73.38,27.46798809,5.97173669,0.4794068310690885,0.10422646730264794
73.39,27.61986867,4.87401891,0.48205764725992717,0.08506767778396518
73.4,27.7172997,3.80390362,0.48375813952703656,0.06639064259753122
73.41,27.77478509,2.77541009,0.4847614488543296,0.048440044163572143
73.42,27.80397268,1.80182884,0.4852708684005518,0.031447845815390105
73.43,27.81802053,0.89564432,0.485516049635878,0.0156319423107857
73.44,27.82018881,0.06197772,0.4855538932609832,0.00108171527687914
73.45,27.82320728,-0.69112044,0.48560657550085584,-0.012062327205831919
73.46,27.83617077,-1.36055941,0.4858328310839052,-0.023746241373491465
73.47,27.86938747,-1.94684872,0.48641257186555237,-0.03397892020223718
73.48,27.92606835,-2.45315707,0.4874018398444802,-0.04281566794007701
73.49,28.01804024,-2.88504756,0.48900705214426227,-0.050353578998628655
73.5,28.13579056,-3.24575961,0.4910621829235392,-0.05664919192274707
73.51,28.2703107,-3.5455983,0.4934100022767829,-0.06188236428811367
73.52,28.40976534,-3.79239088,0.4958439449019663,-0.06618970737860518
73.53,28.53746572,-3.99274513,0.4980727369890142,-0.06968654871146902
73.54,28.63673464,-4.1567827,0.49980530648791305,-0.0725495444049397
73.55,28.69385874,-4.27891245,0.5008023101151515,-0.07468111065707723
73.56,28.69731413,-4.35731697,0.500862618047592,-0.07604952767952299
73.57,28.63851068,-4.40470391,0.4998363042335602,-0.07687658580496799
73.58,28.51658119,-4.41812031,0.4977082331777827,-0.07711074615873255
73.59,28.33384828,-4.38746044,0.49451894224653226,-0.07657563047899912
73.6,28.09018238,-4.32117664,0.490266170016697,-0.0754187599282657
73.61,27.794335,-4.20939544,0.48510265915229817,-0.07346780994643541
73.62,27.44991493,-4.0536816,0.4790913949208488,-0.07075009074751178
73.63,27.07169331,-3.83235453,0.472490182349622,-0.0668872046522198
73.64,26.65997446,-3.53926553,0.4653043328245973,-0.06177183660084215
73.65,26.22233119,-3.16061626,0.45766601681390273,-0.055163160129069154
73.66,25.76026759,-2.67743203,0.44960148564028474,-0.04673000442185559
73.67,25.26642709,-2.08883249,0.44098234293558963,-0.03645700447313153
73.68,24.76232309,-1.37299576,0.4321840683631161,-0.02396329662792186
73.69,24.24853424,-0.52220729,0.4232167612705809,-0.00911423658841686
73.7,23.70312841,0.44803084,0.41369763377750846,0.007819613308475911
73.71,23.13826225,1.55060049,0.4038388594524113,0.027063083933537412
73.72,22.56228076,2.78365594,0.39378608602136855,0.048583961395697726
73.73,21.95031935,4.13094135,0.38310534452172157,0.07209852776427945
73.74,21.34473344,5.6012803,0.3725358764885355,0.09776078356209573
73.75,20.66607152,7.11820201,0.36069099147662914,0.12423606189657833
73.76,19.95937423,8.68612511,0.348356796951208,0.15160148240965465
73.77,19.21827174,10.27076377,0.3354221184059796,0.17925864448104561
73.78,18.44307944,11.83804446,0.321892460434872,0.20661285282447417
73.79,17.60429162,13.33771858,0.3072528512502465,0.23278710392542273
73.8,16.73612695,14.75730607,0.2921005193092564,0.2575635796460448
73.81,15.83802292,16.07346428,0.27642564696032645,0.28053487388769976
73.82,14.91694444,17.26888224,0.2603497948150617,0.30139885322717364
73.83,13.97849632,18.33239366,0.24397078526191088,0.3199606291387339
73.84,13.0330578,19.26177822,0.22746977021272863,0.3361814497279327
73.85,12.09034758,20.05957132,0.2110163729815285,0.35010556607262505
73.86,11.16130996,20.73531061,0.1948016076376366,0.36189944156821385
73.87,10.25541125,21.30286064,0.17899069245856733,0.3718050582615064
73.88,9.37839598,21.76851726,0.1636838884068003,0.37993229946421453
73.89,8.53532528,22.14257254,0.1489695288647069,0.38646079568468383
73.9,7.73011935,22.43475463,0.13491603422962392,0.39156033517054223
73.91,6.96409758,22.65499172,0.1215464322011692,0.3954041975260533
73.92,6.23910745,22.81397741,0.10889296738820749,0.3981790212801083
73.93,5.55432437,22.91859011,0.09694124798025976,0.4000048573345094
73.94,4.91251561,22.98083325,0.08573957195011767,0.4010912050642892
73.95,4.30852787,23.00517835,0.07519799724543821,0.4015161072160165
73.96,3.74467963,23.00510461,0.06535698897586302,0.401514820210226
73.97,3.21921722,22.99296425,0.05618593982589865,0.4013029309558486
73.98,2.72853956,22.98361325,0.04762199909291737,0.40113972521749464
73.99,2.26867322,22.99055313,0.039595817340821675,0.40126084897318787
74.0,1.83779178,23.0129084,0.032075517527087274,0.40165102203986025
74.01,1.43025804,23.0886231,0.02496271195112076,0.40297249284701997
74.02,1.04193836,23.19199774,0.018185254984829986,0.40477672067808385
74.03,0.66673282,23.33595312,0.0116366829401067,0.4072892160350434
74.04,0.29954287,23.51287149,0.005228009332373347,0.41037702409880494
74.05,-0.06204026,23.7200351,-0.0010828068057933372,0.4139927111836224
74.06,-0.42587348,23.9350206,-0.007432894422926221,0.4177449160026687
74.07,-0.78323666,24.16557829,-0.013670058539323371,0.42176890680896106
74.08,-1.14256853,24.38841858,-0.019941582778171606,0.42565820357556006
74.09,-1.49647289,24.59945123,-0.026118379097334925,0.4293414181472689
74.1,-1.83844027,24.7903651,-0.03208683581275353,0.43267349376649333
74.11,-2.1634179,24.96874922,-0.03775876545158143,0.43578688399376597
74.12,-2.4674513,25.10780345,-0.04306514931761436,0.43821383814609144
74.13,-2.75657121,25.19988522,-0.04811124368018404,0.43982096821365557
74.14,-2.9550388,25.28915377,-0.051575156584182213,0.4413789983296368
74.15,-3.1124169,25.32674264,-0.0543219225997151,0.4420350478732409
74.16,-3.20399239,25.30505215,-0.055920216414342236,0.44165647740637004
74.17,-3.20705966,25.23380094,-0.05597375037488989,0.4404129091958401
74.18,-3.11227132,25.0968377,-0.05431938174939005,0.43802244970364085
74.19,-2.90097124,24.88428451,-0.05063149964366263,0.4343126967025238
74.2,-2.56819827,24.59154019,-0.04482351565552231,0.4292033444520119
74.21,-2.10110386,24.21174225,-0.036671180283361984,0.4225746199067201
74.22,-1.48817463,23.7433747,-0.02597354713814838,0.4144000640497209
74.23,-0.73006035,23.18753984,-0.012741956845762185,0.40469891564535915
74.24,0.16870978,22.54967128,0.002944541141315279,0.3935660090784041
74.25,1.2054031,21.83852919,0.02103825290874646,0.3811542381583903
74.26,2.37092402,21.05802271,0.04138043046361989,0.367531830249239
74.27,3.65497683,20.21782307,0.06379137976760506,0.352867580157168
74.28,5.04327904,19.32595077,0.0880218243448188,0.33730147201483335
74.29,6.51931042,18.39240178,0.11378343178857439,0.32100796841066576
74.3,8.06464338,17.43245064,0.14075457998016422,0.3042536603593927
74.31,9.65155863,16.4555401,0.16845147604277316,0.28720335493895693
74.32,11.25453503,15.47571838,0.19642869205453878,0.27010223984240295
74.33,12.83695048,14.49302141,0.2240470517914665,0.252950942166531
74.34,14.39674317,13.5489614,0.2512705698805057,0.23647398665562044
74.35,15.90009408,12.63671703,0.2775089930728587,0.22055231881633905
74.36,17.32519386,11.7589145,0.3023816764033055,0.20523177448550275
74.37,18.63714032,10.90072845,0.3252794617401896,0.1902536023183181
74.38,19.87567638,10.10570103,0.34689599389186765,0.17637775619568227
74.39,20.97743427,9.32046373,0.3661252966321931,0.1626727799012118
74.4,21.95955883,8.55796068,0.3832666038688937,0.14936459112221284
74.41,22.82369617,7.81196186,0.39834864564131944,0.13634445549722032
74.42,23.57172938,7.0789872,0.4114042880700816,0.12355163434653434
74.43,24.21083275,6.35740779,0.4225587461371732,0.11095769782743624
74.44,24.75052341,5.64842307,0.4319781250964344,0.09858358011710613
74.45,25.19957165,4.95407672,0.4398154953847201,0.0864649501604012
74.46,25.56708706,4.27759968,0.446229849341037,0.07465819849825583
74.47,25.86795384,3.62984445,0.4514809652619104,0.06335273698774269
74.48,26.10242572,3.00023359,0.4555732715712515,0.052363954474429625
74.49,26.28977658,2.40904729,0.45884316093469446,0.04204580704674667
74.5,26.43585794,1.8514967,0.4613927616424856,0.032314713504809696
74.51,26.56052704,1.33331483,0.46356864791298363,0.023270733749168465
74.52,26.67855676,0.85326174,0.46562865514219065,0.0148922267442958
74.53,26.80938099,0.40851004,0.467911968697077,0.0071298452254537365
74.54,26.96517399,-0.00562767,0.47063106949863653,-9.822137071570929e-05
74.55,27.16765427,-0.39096785,0.47416501705499653,-0.0068236762519433124
74.56,27.40982823,-0.7564949,0.47839175001958956,-0.013203326779545251
74.57,27.69315099,-1.1029519,0.4833366650274273,-0.019250142146127247
74.58,27.99985533,-1.435562,0.4886896655905834,-0.02505528351651484
74.59,28.31287606,-1.75045216,0.49415290795607963,-0.030551153590646585
74.6,28.61094048,-2.04258689,0.49935511346812683,-0.035649866488571234
74.61,28.8755377,-2.30543258,0.5039732061487506,-0.04023738920374757
74.62,29.08783777,-2.53262932,0.507678541372465,-0.04420272036654507
74.63,29.23957888,-2.71618008,0.510326923352596,-0.04740628547308298
74.64,29.32194236,-2.84873674,0.5117644372619965,-0.049719835635529654
74.65,29.33248226,-2.92285927,0.5119483932198274,-0.05101351783393792
74.66,29.27201575,-2.92868156,0.5108930535331374,-0.05111513596444386
74.67,29.13523909,-2.84902705,0.5085058504762565,-0.049724902500881116
74.68,28.92365377,-2.68608873,0.5048129899933708,-0.04688109233921298
74.69,28.62579517,-2.42320415,0.4996143767179899,-0.042292890865490554
74.7,28.2556899,-2.04436652,0.4931548211775073,-0.035680926891538504
74.71,27.81090221,-1.54111501,0.4853918115146674,-0.026897531076405336
74.72,27.31900082,-0.89841906,0.47680651266403073,-0.01568037065967249
74.73,26.78224885,-0.10828343,0.4674384235209649,-0.0018899023788528035
74.74,26.21546762,0.80567037,0.45754622491896163,0.014061600642260946
74.75,25.64966588,1.87481495,0.44767112164244877,0.032721693743112866
74.76,25.06943671,3.05710991,0.43754421220983486,0.05335663352484752
74.77,24.48952448,4.35008755,0.42742283442375223,0.07592335049751345
74.78,23.90208688,5.74224108,0.4171701141537388,0.10022101328927512
74.79,23.30312346,7.21539638,0.4067162303757331,0.12593242366747992
74.8,22.67570602,8.73156696,0.39576573026329914,0.15239459231035202
74.81,22.00396936,10.2593293,0.38404171383994945,0.17905907533132506
74.82,21.29045487,11.77357467,0.37158853672876135,0.20548764272090486
74.83,20.49678573,13.22486972,0.35773639706428945,0.23081751976130058
74.84,19.65404482,14.60949246,0.3430277934435363,0.25498374547228597
74.85,18.75072192,15.89735932,0.3272618346298728,0.27746126250660685
74.86,17.79584394,17.07496152,0.31059606992408023,0.2980142981753356
74.87,16.80051489,18.13554169,0.29322430086083295,0.3165249141231968
74.88,15.78147968,19.07725135,0.27543878125258114,0.33296084828803313
74.89,14.7702829,19.91964218,0.25779006805601634,0.347663341860141
74.9,13.72268699,20.61203842,0.23950607019609016,0.35974793597656984
74.91,12.71285553,21.21763022,0.22188118632886877,0.3703175068096488
74.92,11.73790197,21.73509638,0.20486503665282865,0.37934899506930064
74.93,10.80584148,22.17337666,0.188597512274577,0.3869984290018632
74.94,9.91803605,22.53619793,0.17310238440399295,0.3933308547596306
74.95,9.07820391,22.83343141,0.15844454839692296,0.39851855763279126
74.96,8.2802455,23.06713331,0.14451754684844412,0.4025974252559578
74.97,7.5252602,23.24606154,0.131340567559287,0.40572031199422354
74.98,6.80971362,23.37552578,0.11885192378690199,0.4079798892458157
74.99,6.13566753,23.46892819,0.10708760020620796,0.4096100688296133
75.0,5.49003306,23.52331359,0.09581915294033941,0.4105592731246275
