time,hip_flexion_r,hip_adduction_r,hip_rotation_r,knee_angle_r,ankle_angle_r,subtalar_angle_r,hip_flexion_l,hip_adduction_l,hip_rotation_l,knee_angle_l,ankle_angle_l,subtalar_angle_l
50,8.77469367,-7.82146134,-7.33942492,-57.93122971,-3.19144952,2.06122402,26.90839048,-1.36117528,-4.88835689,-26.07093005,-4.12755187,-5.8229395
50.005,9.93329891,-8.35002548,-7.03893927,-59.78095471,-4.52559762,1.26587365,26.69774339,-1.01595648,-4.98836239,-26.42936878,-3.53767223,-5.94239793
50.01,11.08572718,-8.84001775,-6.74365222,-61.54148009,-5.79729487,0.44022424,26.44956486,-0.68407635,-5.07748139,-26.71994363,-2.93909228,-6.05176916
50.015,12.22385954,-9.28942581,-6.45806436,-63.20635243,-6.99045295,-0.41007835,26.15796163,-0.36452107,-5.14938015,-26.93912839,-2.33992218,-6.15660015
50.02,13.33952464,-9.70044697,-6.18526164,-64.77074681,-8.09301955,-1.27052518,25.82009997,-0.05602884,-5.20656548,-27.08812444,-1.75517033,-6.25818258
50.025,14.42121534,-10.08969622,-5.91460713,-66.23674522,-9.07115909,-2.09929939,25.41636436,0.25326912,-5.27247905,-27.15232718,-1.23755656,-6.34793743
50.03,15.48850541,-10.41239455,-5.68163137,-67.58641526,-9.98796111,-2.98330333,24.99901388,0.5273908,-5.28872618,-27.17091919,-0.68929852,-6.4519166
50.035,16.52156998,-10.6849285,-5.47429243,-68.82190201,-10.79687362,-3.85751099,24.5431206,0.78119915,-5.27858862,-27.1282127,-0.17300871,-6.5517949
50.04,17.51806586,-10.91748783,-5.28445718,-69.9422733,-11.49097083,-4.70433619,24.03825645,1.02178086,-5.25313738,-27.00876365,0.28978792,-6.64747193
50.045,18.48220855,-11.09723447,-5.13502929,-70.94540334,-12.10952825,-5.56539315,23.51354761,1.22890867,-5.20041294,-26.8545678,0.73107812,-6.74938899
50.05,19.40242702,-11.22634352,-5.01926276,-71.81914167,-12.63121031,-6.3984827,22.95122198,1.40955881,-5.11752208,-26.63458075,1.13451528,-6.85224921
50.055,20.27926967,-11.34810248,-4.91597111,-72.58580609,-12.99412528,-7.12641523,22.33523152,1.59309357,-5.05231876,-26.34067494,1.43730111,-6.93592147
50.06,21.11703429,-11.41856652,-4.84984508,-73.23823299,-13.28287775,-7.82868405,21.71144524,1.74333655,-4.94972327,-26.03712378,1.72816279,-7.03442352
50.065,21.90926763,-11.43358727,-4.835802,-73.7412472,-13.53615831,-8.54652254,21.05475475,1.84994222,-4.83297581,-25.6502657,1.9664216,-7.12425639
50.07,22.65795561,-11.42884174,-4.8452776,-74.14032543,-13.66699074,-9.14877117,20.37736932,1.9434176,-4.70590433,-25.24203559,2.15953775,-7.20734002
50.075,23.36172166,-11.39241368,-4.88549561,-74.42097743,-13.72033955,-9.68210123,19.67997123,2.01324124,-4.5688681,-24.79733232,2.31333732,-7.28717319
50.08,24.0404898,-11.32492378,-4.93690215,-74.59898311,-13.62885384,-10.0558434,18.98040211,2.06146837,-4.42155445,-24.33154831,2.4599693,-7.35768749
50.085,24.63780411,-11.24282697,-5.05867678,-74.63252747,-13.61462374,-10.49488786,18.23434859,2.08154123,-4.27646673,-23.80842907,2.50786652,-7.42007446
50.09,25.26398611,-11.12774876,-5.17072666,-74.57564986,-13.4190667,-10.69683519,17.5407125,2.07230608,-4.15720751,-23.28285493,2.59077772,-7.45299033
50.095,25.7460284,-11.00997737,-5.33651657,-74.39546876,-13.28514987,-10.94194135,16.74541218,2.06397245,-3.97618237,-22.71957211,2.58258913,-7.5010514
50.1,26.28415767,-10.85192475,-5.48002108,-74.12514541,-13.05210716,-11.04521965,16.02620568,2.01808017,-3.84617616,-22.15281011,2.59162518,-7.51086354
50.105,26.68400893,-10.72157185,-5.70101747,-73.73506777,-12.81561217,-11.01564316,15.21987646,1.9750566,-3.68019699,-21.55129895,2.56976377,-7.52874927
50.11,27.08809036,-10.56883084,-5.91562309,-73.25386424,-12.54309379,-10.89863515,14.44532902,1.90917974,-3.54803854,-20.94385671,2.54260408,-7.52314489
50.115,27.47005844,-10.40021828,-6.12861286,-72.68244694,-12.26928402,-10.70416226,13.6807908,1.83050157,-3.41344834,-20.3295528,2.50846959,-7.49266905
50.12,27.79184849,-10.25582393,-6.37931442,-72.01660503,-11.98708663,-10.39528895,12.89740175,1.75230301,-3.29553743,-19.70440721,2.48235418,-7.4535518
50.125,28.09067087,-10.10294896,-6.62610017,-71.26838549,-11.71241915,-10.01743354,12.12190456,1.66576206,-3.18850105,-19.07415321,2.45220382,-7.39502865
50.13,28.35238773,-9.95684865,-6.88854288,-70.43490172,-11.45680895,-9.56703267,11.34915787,1.57480457,-3.0958199,-18.44377058,2.43102346,-7.32166733
50.135,28.58309351,-9.81719208,-7.15170652,-69.52743335,-11.21784094,-9.05289837,10.57668004,1.48608991,-3.0097418,-17.81108298,2.41916378,-7.23185633
50.14,28.78042312,-9.6773437,-7.40028659,-68.54881692,-10.9875833,-8.47431389,9.79867332,1.40284138,-2.91531866,-17.17714251,2.41403374,-7.11828372
50.145,28.94866888,-9.55072378,-7.66734892,-67.49589118,-10.80150734,-7.8578864,9.03286156,1.31857228,-2.84462374,-16.55151709,2.42708227,-6.99637444
50.15,29.08648424,-9.43540108,-7.93536941,-66.37765503,-10.63907455,-7.20292419,8.26814251,1.24122263,-2.78311104,-15.9290928,2.45635239,-6.85972279
50.155,29.19501458,-9.32963683,-8.20348346,-65.19460382,-10.50604283,-6.51865326,7.50826326,1.17011278,-2.73186175,-15.31486235,2.50106911,-6.70884856
50.16,29.28032285,-9.23437553,-8.47164575,-63.95128024,-10.40652562,-5.82209496,6.75797401,1.10781165,-2.68834475,-14.71055047,2.56453799,-6.54820589
50.165,29.33813925,-9.14997816,-8.73947838,-62.64908598,-10.33153165,-5.1120893,6.01285469,1.05453392,-2.65305961,-14.11666985,2.64552653,-6.37566805
50.17,29.37117182,-9.07557738,-9.00471627,-61.2906713,-10.28017207,-4.39785908,5.27517668,1.01137347,-2.62589268,-13.53531582,2.74358818,-6.19229494
50.175,29.38138965,-9.00908955,-9.26957284,-59.87750793,-10.24948152,-3.68658689,4.54538989,0.97784832,-2.60138713,-12.96522591,2.86092909,-6.00036558
50.18,29.36486199,-8.95683045,-9.53661104,-58.41109018,-10.23305887,-2.97586279,3.82630153,0.95520863,-2.58657038,-12.41484734,2.99830876,-5.80239645
50.185,29.33590021,-8.9061191,-9.79229167,-56.89310454,-10.2332689,-2.29066217,3.12422064,0.94463617,-2.57393169,-11.88141959,3.14623007,-5.600699
50.19,29.28293961,-8.86412706,-10.04790607,-55.32358907,-10.23531716,-1.61469135,2.4304011,0.94511779,-2.56650633,-11.36387614,3.31032184,-5.39188746
50.195,29.20765014,-8.82709948,-10.30059665,-53.70380877,-10.23476117,-0.95044144,1.74740739,0.95503236,-2.56514226,-10.86344369,3.48904985,-5.1772561
50.2,29.11377709,-8.79304046,-10.54966265,-52.03286154,-10.23086985,-0.30072161,1.07998298,0.97471463,-2.56504783,-10.38369881,3.6804797,-4.96142489
50.205,29.00219334,-8.77146663,-10.81174583,-50.31222504,-10.21920324,0.33398951,0.43428907,1.00565597,-2.57596823,-9.92912544,3.88726736,-4.75479787
50.21,28.87284043,-8.7348629,-11.03396597,-48.54315229,-10.18026372,0.95285052,-0.20691019,1.0474134,-2.56925236,-9.48519023,4.09696006,-4.53115626
50.215,28.72529817,-8.71677304,-11.28818875,-46.72302089,-10.1340736,1.56640536,-0.81954223,1.09843487,-2.58475479,-9.07312655,4.32307412,-4.32558387
50.22,28.55890463,-8.68480932,-11.5088837,-44.8537592,-10.05300129,2.17243169,-1.42380886,1.15851023,-2.58393352,-8.67499382,4.55167927,-4.10901746
50.225,28.37059051,-8.64678209,-11.71536209,-42.93414839,-9.93014096,2.77049566,-2.01594473,1.22587614,-2.59080778,-8.29704772,4.78633748,-3.88831882
50.23,28.16934341,-8.61904735,-11.93637994,-40.9651613,-9.79839879,3.37256795,-2.5777574,1.30484433,-2.59975306,-7.94794081,5.03119509,-3.68499219
50.235,27.94732983,-8.58392165,-12.13817733,-38.94827809,-9.62481394,3.97963584,-3.12743005,1.39195896,-2.606791,-7.61779887,5.27872979,-3.4795824
50.24,27.70771757,-8.54556513,-12.32908252,-36.88509705,-9.41579332,4.59236473,-3.65854679,1.48812838,-2.61467768,-7.31048384,5.53125581,-3.27852275
50.245,27.44825044,-8.5072583,-12.50913354,-34.77982604,-9.16661828,5.2141437,-4.17470793,1.59533599,-2.62554813,-7.02596984,5.78991418,-3.07976411
50.25,27.16992744,-8.46727493,-12.67714032,-32.63447025,-8.87712096,5.84277215,-4.67589729,1.71275575,-2.643359,-6.76364853,6.05403356,-2.88492893
50.255,26.87687382,-8.43475088,-12.82832084,-30.45579573,-8.57724104,6.49846906,-5.15870447,1.84590396,-2.63275645,-6.52260141,6.32704519,-2.6895412
50.26,26.57179736,-8.39741127,-12.96333252,-28.24571349,-8.24876454,7.15862544,-5.62150476,1.9848094,-2.6326945,-6.30667921,6.60074771,-2.50437815
50.265,26.24385023,-8.37118504,-13.087671,-26.01822235,-7.88133179,7.82965666,-6.08392766,2.14126694,-2.63312945,-6.10634196,6.88755272,-2.31280182
50.27,25.91375815,-8.34843402,-13.18773205,-23.77580785,-7.51968208,8.50326291,-6.5199013,2.30868643,-2.62043276,-5.9337445,7.17766066,-2.13043247
50.275,25.56966867,-8.33699468,-13.27258275,-21.53311315,-7.13992011,9.18535697,-6.95026473,2.49023955,-2.60365898,-5.7810243,7.4786716,-1.94355802
50.28,25.22623848,-8.33096098,-13.33564811,-19.30259934,-6.76211192,9.85172794,-7.36460885,2.68163224,-2.58238922,-5.65261281,7.78761783,-1.76244432
50.285,24.8776904,-8.34120852,-13.38037206,-17.0966309,-6.38847416,10.50816149,-7.77115211,2.8872459,-2.55073329,-5.54595365,8.10750311,-1.57640692
50.29,24.53106964,-8.36485487,-13.40712896,-14.93097251,-6.02718548,11.14521307,-8.16537512,3.10258351,-2.51032941,-5.46620195,8.43760581,-1.3881024
50.295,24.19269086,-8.40238893,-13.41404548,-12.82566743,-5.6769195,11.75318821,-8.54933639,3.32697651,-2.46335904,-5.4107798,8.78017975,-1.19826929
50.3,23.8681549,-8.45550205,-13.40495892,-10.80088623,-5.34029111,12.32826533,-8.92379401,3.55895528,-2.40837594,-5.37975934,9.1366479,-1.00423561
50.305,23.56502223,-8.52437882,-13.38064944,-8.87589663,-5.01943628,12.8614934,-9.28700077,3.79640603,-2.34611948,-5.37463639,9.50501739,-0.80612142
50.31,23.28841238,-8.60423562,-13.3416976,-7.06586121,-4.71302524,13.34814032,-9.63214676,4.03195158,-2.27533676,-5.40635358,9.88666664,-0.60684655
50.315,23.04082199,-8.69085127,-13.29515759,-5.3841095,-4.42129315,13.78231239,-9.96464284,4.25988846,-2.20055436,-5.46925818,10.27697447,-0.40178345
50.32,22.82217724,-8.77845368,-13.24894482,-3.83858762,-4.14672464,14.16368857,-10.285884,4.47359816,-2.12393438,-5.56357516,10.67757452,-0.18838645
50.325,22.68371124,-8.89342136,-13.14852551,-2.45777957,-3.94167831,14.39795375,-10.56041136,4.71106255,-2.03293434,-5.69927681,11.05262035,-0.08613196
50.33,22.47966826,-8.93789143,-13.17645717,-1.19197961,-3.65884387,14.76124944,-10.89164562,4.83456289,-1.97478988,-5.85470854,11.49868571,0.26328795
50.335,22.3516103,-8.99592388,-13.14037993,-0.10108749,-3.436724,14.96638706,-11.17092817,4.96800355,-1.90317285,-6.07270544,11.91897454,0.49577993
50.34,22.25283617,-9.03703681,-13.12923216,0.83155495,-3.2469688,15.12491903,-11.44168692,5.06738689,-1.84405546,-6.32343629,12.34026849,0.74704922
50.345,22.20222711,-9.0777763,-13.11682751,1.5871599,-3.08073128,15.19342563,-11.6795497,5.15242744,-1.77747884,-6.63889275,12.73374314,0.89855952
50.35,22.14195506,-9.05077315,-13.1505797,2.20922565,-2.93140705,15.26287158,-11.92807914,5.14083738,-1.73930709,-6.98078967,13.16803595,1.25653696
50.355,22.1213583,-9.01656196,-13.18571761,2.65529479,-2.81351978,15.25544135,-12.15620197,5.11260012,-1.71341131,-7.38269164,13.57373869,1.53521445
50.36,22.12616962,-8.95510837,-13.23626553,2.94051084,-2.73259089,15.19336236,-12.36286489,5.03684494,-1.70062041,-7.84290686,13.96545663,1.82342673
50.365,22.16069535,-8.8764037,-13.28951283,3.07174334,-2.65373926,15.08821074,-12.5521007,4.93390819,-1.6636932,-8.34673243,14.33216033,1.98281692
50.37,22.20650658,-8.75413843,-13.38018869,3.04141027,-2.67908881,14.90494842,-12.72202576,4.7559801,-1.73136287,-8.93673793,14.70140202,2.40980294
50.375,22.2796453,-8.60918134,-13.46262069,2.85949294,-2.70533946,14.67952449,-12.8733425,4.54479387,-1.7753277,-9.57675907,15.03558368,2.71208969
50.38,22.37482257,-8.44027671,-13.55361686,2.53199614,-2.77989729,14.39679003,-13.00015568,4.29146006,-1.84158106,-10.28367696,15.33390588,3.01374505
50.385,22.49263162,-8.24433491,-13.63695827,2.06284298,-2.90044223,14.05255108,-13.10464653,3.9946246,-1.9429978,-11.05413729,15.59313135,3.33116774
50.39,22.6295254,-8.03457428,-13.72115592,1.46120939,-3.0775733,13.65493557,-13.18125351,3.66443898,-2.05644416,-11.89858495,15.81133756,3.63685093
50.395,22.78318489,-7.78651826,-13.83753181,0.72352479,-3.21863571,13.29214321,-13.24328412,3.27928255,-2.16276609,-12.7915074,15.92338589,3.80855512
50.4,22.96575391,-7.56321393,-13.84508895,-0.11505154,-3.59243802,12.67532961,-13.24631465,2.9023248,-2.36476847,-13.8055351,16.09560566,4.25361793
50.405,23.16951417,-7.29899528,-13.83459399,-1.0726232,-3.90833229,12.08233611,-13.2286971,2.47818424,-2.57616192,-14.872026,16.14129497,4.57641371
50.41,23.38600848,-7.03865531,-13.85051311,-2.12850335,-4.31094442,11.45453559,-13.17267353,2.0325948,-2.7829371,-16.0217206,16.14455053,4.86183509
50.415,23.62463517,-6.76197036,-13.79493669,-3.27283002,-4.73275658,10.76098279,-13.07577384,1.56453357,-3.02055882,-17.25031226,16.06152189,5.15291013
50.42,23.8795269,-6.48191738,-13.72633507,-4.49537958,-5.20330753,10.02568542,-12.93634694,1.08000965,-3.27362441,-18.55959623,15.9115858,5.4227176
50.425,24.1468544,-6.19572605,-13.64649951,-5.78242272,-5.71078764,9.26230694,-12.75216714,0.5766931,-3.54052333,-19.94927111,15.68361239,5.66884133
50.43,24.43127018,-5.90650194,-13.48701995,-7.12224344,-6.23278043,8.45162559,-12.51392859,0.06545333,-3.81542194,-21.42408752,15.37657249,5.90647309
50.435,24.72521774,-5.61145383,-13.31775163,-8.50471281,-6.75416034,7.63139076,-12.22522795,-0.45900682,-4.09791341,-22.97874343,14.97788324,6.11301904
50.44,25.0254897,-5.31317811,-13.12534025,-9.9163025,-7.26581583,6.80811182,-11.88199501,-0.99425417,-4.3781209,-24.61452089,14.49304382,6.29036339
50.445,25.32747256,-5.00824245,-12.91277255,-11.34063238,-7.76271099,5.98947999,-11.48006302,-1.54284371,-4.64961702,-26.33024736,13.92078775,6.43599405
50.45,25.63237793,-4.69827195,-12.68919871,-12.76850381,-8.23198843,5.17616118,-11.0184037,-2.10205419,-4.91204189,-28.11848983,13.26138357,6.54515613
50.455,25.93255072,-4.38237692,-12.45534007,-14.18960681,-8.64319156,4.38888458,-10.4971329,-2.67338401,-5.15551414,-29.97864932,12.51450823,6.61567448
50.46,26.2183906,-4.05665385,-12.21957038,-15.58446412,-8.98299061,3.64345812,-9.91713195,-3.25498171,-5.36833056,-31.90738544,11.68092473,6.64867605
50.465,26.49365831,-3.72336739,-11.99520096,-16.9492999,-9.26932238,2.93915576,-9.27378441,-3.85274243,-5.55577604,-33.89932008,10.76789531,6.63549861
50.47,26.76485533,-3.3812071,-11.76943712,-18.28830334,-9.46094596,2.2573651,-8.57047774,-4.45766881,-5.70299581,-35.93634398,9.78612993,6.58329916
50.475,27.0219363,-3.03101996,-11.56273611,-19.58030381,-9.58099715,1.62112951,-7.80311959,-5.07543567,-5.81409739,-38.01707904,8.74112765,6.48254891
50.48,27.25456841,-2.67211095,-11.37293393,-20.82032428,-9.59541405,1.03812739,-6.9836618,-5.70095326,-5.88411327,-40.13352004,7.64277809,6.34902518
50.485,27.47442195,-2.30818897,-11.20081988,-22.01033063,-9.52207173,0.49322167,-6.10551363,-6.32969073,-5.91042978,-42.26954934,6.50577412,6.17101034
50.49,27.66574417,-1.93655169,-11.05540659,-23.14074748,-9.36352824,0.00653746,-5.18294619,-6.96413428,-5.89318382,-44.41494283,5.34301451,5.9580137
50.495,27.87225589,-1.57576266,-10.90048225,-24.23457196,-9.07639399,-0.49360555,-4.19072625,-7.56959888,-5.83176679,-46.55594475,4.17236534,5.70173123
50.5,28.00697371,-1.19247526,-10.8089447,-25.23110491,-8.77182352,-0.87737885,-3.17880077,-8.20049864,-5.71587565,-48.68819762,3.00221777,5.41383699
50.505,28.12593836,-0.82264781,-10.72248427,-26.17773273,-8.3588965,-1.24820237,-2.12987967,-8.80241912,-5.56553393,-50.78876501,1.85580062,5.10447061
50.51,28.23374478,-0.45975451,-10.64508954,-27.06273317,-7.86696913,-1.59666275,-1.03149846,-9.37359511,-5.36674835,-52.85370588,0.74440593,4.75301714
50.515,28.32687023,-0.11251179,-10.57604749,-27.89233536,-7.28845675,-1.9222985,0.10050755,-9.90688783,-5.13622906,-54.86920512,-0.31550309,4.37880166
50.52,28.31511926,0.25709089,-10.56069851,-28.60812728,-6.73243938,-2.16814234,1.21112197,-10.45443113,-4.86283407,-56.83173784,-1.30095296,4.01596254
50.525,28.35302074,0.5739593,-10.51591176,-29.30409124,-6.05038198,-2.43152379,2.39267855,-10.90787852,-4.56568824,-58.72443325,-2.22967387,3.58757979
50.53,28.2640028,0.92117095,-10.51975084,-29.87233715,-5.42696051,-2.62793864,3.52779621,-11.37710678,-4.23286433,-60.5470516,-3.0521609,3.19870628
50.535,28.17126059,1.23256168,-10.53729287,-30.40002603,-4.7501272,-2.82048226,4.68613967,-11.78608917,-3.89299696,-62.28678202,-3.80046553,2.77808718
50.54,28.08968222,1.50307912,-10.51771275,-30.87860828,-4.00714147,-2.99491265,5.88173753,-12.10735556,-3.53944868,-63.93717707,-4.458484,2.31957771
50.545,27.91082976,1.7852567,-10.53602652,-31.24913617,-3.32967347,-3.13353221,7.03686983,-12.42051448,-3.1695926,-65.49672838,-5.0091,1.88993209
50.55,27.70423407,2.03898399,-10.53124721,-31.54533028,-2.63260388,-3.25559273,8.19562493,-12.66274433,-2.79383232,-66.95326631,-5.47027535,1.44736615
50.555,27.41689041,2.29402612,-10.56488672,-31.76663101,-2.01192616,-3.363262,9.30181681,-12.89432151,-2.4338331,-68.30938499,-5.81763914,1.03133855
50.56,27.10572301,2.52062242,-10.57798307,-31.91388494,-1.39432701,-3.45095554,10.40870248,-13.0579669,-2.0754516,-69.55436157,-6.08399235,0.60036547
50.565,26.78373981,2.70844976,-10.56774811,-32.00640257,-0.76246713,-3.51552036,11.51124271,-13.14721134,-1.74032832,-70.68267139,-6.27756862,0.16447511
50.57,26.35788497,2.91200744,-10.58332106,-32.00806139,-0.25707427,-3.57975976,12.53340675,-13.24174733,-1.43060187,-71.69906877,-6.35070413,-0.22234169
50.575,25.92614358,3.07996694,-10.58479782,-31.9515367,0.24165931,-3.61429166,13.55628254,-13.2707777,-1.14047789,-72.59729939,-6.3721857,-0.62527513
50.58,25.45217228,3.22883682,-10.57342429,-31.83577378,0.6945579,-3.63605028,14.53499901,-13.26053395,-0.8899466,-73.37360505,-6.31986852,-0.9991676
50.585,24.95490501,3.34755448,-10.55207757,-31.66048994,1.12922651,-3.62856556,15.488709,-13.20186203,-0.67295335,-74.02539636,-6.22127703,-1.3608823
50.59,24.36033641,3.46529517,-10.49064362,-31.42100343,1.47525608,-3.71212381,16.32361216,-13.12557723,-0.5246871,-74.54419426,-5.99965912,-1.63043416
50.595,23.79418261,3.58082933,-10.49014485,-31.11257744,1.73287132,-3.61626869,17.21654771,-13.04988698,-0.36237016,-74.96722684,-5.81705752,-1.96093849
50.6,23.18353191,3.66032497,-10.44906289,-30.76155445,1.9910298,-3.56096581,18.03116404,-12.9235166,-0.26794648,-75.25243756,-5.57255468,-2.22680511
50.605,22.53932206,3.71930047,-10.38245136,-30.36337659,2.19378293,-3.56261131,18.78796072,-12.77018394,-0.22722242,-75.41123583,-5.28632201,-2.44236481
50.61,21.86893223,3.79011136,-10.33692891,-29.91218093,2.3492966,-3.41239846,19.51768911,-12.6345641,-0.20578188,-75.46960175,-5.00839307,-2.63834718
50.615,21.19174807,3.82537657,-10.26203862,-29.43147168,2.46939547,-3.34594013,20.20828689,-12.4560919,-0.22819414,-75.40553062,-4.69893011,-2.80342718
50.62,20.48631638,3.85984545,-10.18984973,-28.90032281,2.54673413,-3.22666773,20.85094496,-12.28807433,-0.29511659,-75.22610012,-4.39681986,-2.92466893
50.625,19.70738542,3.88559949,-10.10252975,-28.32738482,2.63166506,-3.01962143,21.38360432,-12.12939268,-0.43315231,-74.92410729,-4.11108518,-2.95151937
50.63,18.99185368,3.88732309,-10.01807662,-27.73672284,2.63356141,-2.88971764,21.96484527,-11.93664079,-0.55957162,-74.53383713,-3.82352277,-3.02411332
50.635,18.18494626,3.89587835,-9.91098268,-27.10467376,2.6772186,-2.67921254,22.41020025,-11.78212523,-0.77482409,-74.02104403,-3.58313615,-2.97629803
50.64,17.40538455,3.88966173,-9.80906045,-26.45175243,2.67185072,-2.48000364,22.86228993,-11.61480075,-0.99350392,-73.42049228,-3.36050659,-2.94224579
50.645,16.62038585,3.87553507,-9.70268359,-25.77831542,2.65257981,-2.26519013,23.27679458,-11.45140697,-1.24148086,-72.72514435,-3.17426749,-2.87933112
50.65,15.83449854,3.85940944,-9.59240621,-25.08657677,2.62721251,-2.03829856,23.66032783,-11.30031171,-1.51365498,-71.94090789,-3.02767461,-2.79479437
50.655,15.04110346,3.83710358,-9.4831913,-24.3770816,2.59944479,-1.79506389,24.00716365,-11.15620888,-1.80812189,-71.07361908,-2.92063828,-2.69063094
50.66,14.24894632,3.81288977,-9.37503811,-23.65560508,2.57076938,-1.53903273,24.32452095,-11.02218768,-2.11828429,-70.1262054,-2.85381616,-2.57413546
50.665,13.45966332,3.78883424,-9.26951902,-22.92265722,2.54410332,-1.27229322,24.61659905,-10.89957107,-2.43924587,-69.10432112,-2.82572507,-2.4496395
50.67,12.67107791,3.76370145,-9.16672769,-22.18220732,2.52185088,-0.99105728,24.87714609,-10.78562284,-2.77114804,-68.01000423,-2.83419342,-2.31871748
50.675,11.89120463,3.74090252,-9.06840614,-21.43737993,2.50804266,-0.70437438,25.11928334,-10.6838912,-3.10769145,-66.85096269,-2.87730208,-2.18682626
50.68,11.11942558,3.72134473,-8.97775424,-20.68875389,2.49857849,-0.40891544,25.34183196,-10.5929456,-3.44409763,-65.62988837,-2.95036399,-2.05677711
50.685,10.35702119,3.70610486,-8.89278264,-19.93906789,2.50168935,-0.10869225,25.54686531,-10.51170325,-3.7772895,-64.34995334,-3.04798538,-1.93105228
50.69,9.60446878,3.69674634,-8.81833571,-19.19114506,2.51260835,0.19731982,25.73635961,-10.44121454,-4.10361278,-63.01611001,-3.16391247,-1.81229963
50.695,8.86404937,3.69331144,-8.75168626,-18.44500888,2.53471634,0.50760254,25.91169167,-10.37917856,-4.42070955,-61.62890836,-3.29435709,-1.70014556
50.7,8.13529004,3.6974963,-8.68989751,-17.7035686,2.56863485,0.82229876,26.07490928,-10.32407228,-4.72212599,-60.19388096,-3.43310725,-1.59561312
50.705,7.42728286,3.71072741,-8.65049505,-16.97049439,2.60800563,1.13196677,26.23318403,-10.28140442,-5.01313985,-58.71149648,-3.57258417,-1.49891443
50.71,6.73351116,3.73371958,-8.61096932,-16.24476083,2.65956562,1.44384746,26.38309824,-10.24141894,-5.27839734,-57.18508865,-3.70640028,-1.40993682
50.715,6.05598526,3.76434061,-8.57739888,-15.52896575,2.72093065,1.75624208,26.52539268,-10.20604357,-5.52411836,-55.61527837,-3.83227946,-1.32557539
50.72,5.39496938,3.80604095,-8.56899133,-14.82587803,2.78997061,2.06911989,26.65637844,-10.18185286,-5.7545582,-54.00129411,-3.94016122,-1.24783434
50.725,4.75090192,3.85947935,-8.57882845,-14.13707615,2.86832199,2.38138799,26.77980394,-10.16356855,-5.96117126,-52.34627861,-4.02099359,-1.17627
50.73,4.12900436,3.92078248,-8.57647233,-13.46263905,2.95810728,2.68840816,26.89762201,-10.14412836,-6.14184969,-50.64895573,-4.08780133,-1.0974982
50.735,3.52393684,3.99443258,-8.59711518,-12.80551565,3.05349266,2.9942794,27.00495655,-10.13204271,-6.29953577,-48.91033098,-4.11876308,-1.02030055
50.74,2.94059297,4.07804633,-8.61184985,-12.16551647,3.15675141,3.29438987,27.10648163,-10.12030707,-6.42732793,-47.1316875,-4.12195484,-0.934927
50.745,2.45702522,4.18410215,-8.64834631,-11.54842422,3.179881,3.46891021,27.28292051,-10.11435607,-6.51051911,-45.32216031,-4.07163568,-0.86522513
50.75,1.82778254,4.27765267,-8.67285123,-10.948004,3.39033681,3.88204101,27.26229784,-10.11350919,-6.62187825,-43.44563871,-4.01738306,-0.74197463
50.755,1.37590266,4.40550716,-8.72021718,-10.37222263,3.4369958,4.04260136,27.40538843,-10.11272786,-6.65131328,-41.55262032,-3.90321823,-0.67296239
50.76,0.77872417,4.52189906,-8.7598238,-9.81400791,3.66419814,4.46390043,27.34875844,-10.12317984,-6.71698993,-39.59523609,-3.77509053,-0.49838717
50.765,0.28051165,4.66069518,-8.80776849,-9.28049924,3.80756008,4.74978868,27.36590456,-10.13359071,-6.72384303,-37.61124658,-3.60861043,-0.35911433
50.77,-0.12598121,4.81758942,-8.84912654,-8.77847024,3.89948177,4.89025336,27.44022013,-10.14554321,-6.68704771,-35.59800614,-3.41217393,-0.27493845
50.775,-0.67745893,4.96989242,-8.88287261,-8.29517903,4.15509175,5.30372721,27.31577853,-10.18525592,-6.70395593,-33.53383673,-3.19354501,-0.0133465
50.78,-1.14633085,5.14346631,-8.93478603,-7.83728497,4.34647463,5.58514614,27.25054589,-10.22187314,-6.65305895,-31.4528228,-2.9504989,0.16915068
50.785,-1.58863925,5.32653603,-8.95213919,-7.41285384,4.54720682,5.84361479,27.16558691,-10.27326254,-6.59810916,-29.34333478,-2.71386478,0.37194031
50.79,-2.03995586,5.51808724,-8.96950671,-7.01015008,4.77466394,6.12027079,27.03962407,-10.33486985,-6.53256615,-27.21853469,-2.46162857,0.59584913
50.795,-2.4772306,5.7196918,-8.974383,-6.63967368,5.01600325,6.38450181,26.89179505,-10.4105674,-6.4566503,-25.0862171,-2.21946893,0.8219261
50.8,-2.91054288,5.93164649,-8.96761471,-6.2982914,5.2773484,6.6476733,26.71646814,-10.50180664,-6.37217412,-22.95621863,-1.98733496,1.053431
50.805,-3.33951811,6.15245717,-8.94784321,-5.98839745,5.55893548,6.90919382,26.51767712,-10.60851647,-6.27980572,-20.84192856,-1.77328478,1.28574435
50.81,-3.76846807,6.37822396,-8.91731873,-5.71037918,5.86154201,7.17488457,26.29492298,-10.72804125,-6.18366872,-18.75550218,-1.57932971,1.51753739
50.815,-4.19057853,6.61063439,-8.87292204,-5.4601022,6.18071583,7.42870465,26.06151808,-10.86246893,-6.08607244,-16.71162822,-1.41480216,1.73561788
50.82,-4.57355493,6.83466712,-8.7815753,-5.26841606,6.52818365,7.6484922,25.8290278,-11.00762654,-6.01558892,-14.71585001,-1.31603634,1.93418341
50.825,-5.03058493,7.05651382,-8.74497869,-5.07643322,6.89816827,7.95889969,25.53454955,-11.15132599,-5.93530269,-12.79950609,-1.17694931,2.15068848
50.83,-5.44436723,7.27752953,-8.66557994,-4.93951486,7.28938882,8.2232792,25.26785043,-11.30733543,-5.86051818,-10.97716486,-1.10364724,2.34111849
50.835,-5.84910644,7.49010027,-8.57590641,-4.8408734,7.70677418,8.48291274,25.00860841,-11.46528396,-5.79761231,-9.26462003,-1.05732066,2.50990466
50.84,-6.25168323,7.68831997,-8.48730563,-4.7831495,8.13927759,8.75454539,24.75396522,-11.61685741,-5.7380974,-7.67510439,-1.02946445,2.66447547
50.845,-6.64054543,7.8635604,-8.39720986,-4.76855966,8.59439898,9.02094427,24.5169349,-11.75426812,-5.69097815,-6.2187006,-1.0236129,2.79250193
50.85,-7.02792535,8.01306767,-8.31701971,-4.79709105,9.05332057,9.31214163,24.28923565,-11.87184479,-5.64342271,-4.90414419,-1.03495498,2.90355703
50.855,-7.39084207,8.12917309,-8.23596816,-4.87301088,9.54043217,9.57973771,24.09221048,-11.96321913,-5.61349891,-3.73745883,-1.06718658,2.97449478
50.86,-7.74163531,8.20850637,-8.16790749,-4.99972995,10.03311441,9.86053681,23.91370991,-12.0234223,-5.58633771,-2.72313227,-1.11780589,3.01749224
50.865,-8.07627533,8.24912504,-8.11331176,-5.1770217,10.52945033,10.14882832,23.75973257,-12.04962006,-5.56287623,-1.86482106,-1.1873934,3.02895265
50.87,-8.395375,8.24518183,-8.07649064,-5.40775416,11.02756851,10.44908609,23.62743535,-12.03571776,-5.54216223,-1.16494902,-1.27695089,3.00519643
50.875,-8.69380155,8.19189711,-8.05934048,-5.68988541,11.52722603,10.75387671,23.5226327,-11.97820289,-5.52860577,-0.62235774,-1.38598091,2.94124016
50.88,-8.96220902,8.0909053,-8.05358474,-6.04032086,12.01892716,11.05177851,23.44853885,-11.87874661,-5.51107742,-0.24095377,-1.51447386,2.84279645
50.885,-9.21372097,7.94745542,-8.05558126,-6.42700065,12.50712192,11.3414899,23.40410621,-11.73976463,-5.48813134,-0.00868635,-1.663567,2.71370494
50.89,-9.4371645,7.75267287,-8.12704755,-6.90740331,12.97643036,11.68633334,23.38754076,-11.55805795,-5.47567944,0.04711243,-1.85338528,2.5272714
50.895,-9.63319127,7.51103203,-8.2067132,-7.43571139,13.43066615,12.00268572,23.4021288,-11.3326568,-5.44714672,-0.03709971,-2.05718437,2.31416574
50.9,-9.79376436,7.22193228,-8.29139649,-8.03416051,13.85914535,12.2992223,23.44879558,-11.0723391,-5.42487088,-0.2688496,-2.28502687,2.07220581
50.905,-9.92460111,6.88713006,-8.40292737,-8.69876945,14.25686888,12.6003805,23.52723611,-10.77320476,-5.39368952,-0.64633597,-2.53918331,1.79489285
50.91,-10.02229356,6.50782838,-8.54085737,-9.43300938,14.62032277,12.90097742,23.63662787,-10.44082698,-5.35843179,-1.16251181,-2.82049112,1.4827019
50.915,-10.08253674,6.08983728,-8.69469904,-10.24343503,14.94269872,13.20082351,23.77533791,-10.08284442,-5.32189748,-1.80613129,-3.13098862,1.13965463
50.92,-10.11132669,5.63669961,-8.90399092,-11.11486656,15.1908267,13.51563801,23.95263965,-9.69320758,-5.25223879,-2.57983903,-3.45126244,0.73790763
50.925,-10.09009982,5.14668654,-9.05043195,-12.08847714,15.43133234,13.76293798,24.1366247,-9.30336123,-5.23976805,-3.44932048,-3.81297158,0.38423096
50.93,-10.03059222,4.62507273,-9.23676083,-13.13189007,15.60443068,14.02196285,24.35270505,-8.89081051,-5.20374511,-4.4246243,-4.18344907,-0.01700572
50.935,-9.92891298,4.07896877,-9.42088939,-14.25609772,15.71223617,14.25873437,24.58542899,-8.47419019,-5.17523138,-5.48360468,-4.56414337,-0.42254944
50.94,-9.78126898,3.50629951,-9.5993057,-15.46568428,15.75808782,14.46756973,24.83087433,-8.05351407,-5.16212783,-6.61538469,-4.94882347,-0.82431111
50.945,-9.58371807,2.91195114,-9.77040284,-16.7590316,15.73542404,14.65505041,25.08724698,-7.63480587,-5.15606902,-7.80593142,-5.33132627,-1.23089344
50.95,-9.33608458,2.29771931,-9.92446516,-18.13638382,15.63971576,14.80853326,25.34705773,-7.22064712,-5.16348921,-9.03998448,-5.69968239,-1.62710762
50.955,-9.03853345,1.66591135,-10.05987344,-19.59722713,15.46965075,14.92058382,25.60182608,-6.81515528,-5.19620037,-10.30026459,-6.04307852,-2.00103868
50.96,-8.68232653,1.02057758,-10.16441435,-21.14383199,15.22295463,14.99667756,25.85078377,-6.41984737,-5.23804074,-11.57156996,-6.35727747,-2.36248564
50.965,-8.27153732,0.3583745,-10.24654891,-22.76976065,14.90497586,15.02352265,26.08505119,-6.03731884,-5.3254583,-12.8401233,-6.6381154,-2.69494929
50.97,-7.79978523,-0.31276506,-10.28963637,-24.47337233,14.50584932,15.00246718,26.30493438,-5.66662609,-5.41321574,-14.09355422,-6.86350213,-3.00828948
50.975,-7.27230738,-1.00367224,-10.31213242,-26.25799022,14.03428901,14.93003149,26.49084245,-5.30734942,-5.55801248,-15.309429,-7.04477199,-3.27959518
50.98,-6.67057171,-1.69527464,-10.29616409,-28.10868704,13.48624984,14.79728801,26.67321886,-4.96106323,-5.69827913,-16.49642917,-7.15170994,-3.55140151
50.985,-6.00814673,-2.40302095,-10.24073591,-30.02478385,12.87050912,14.60915595,26.82387277,-4.6218306,-5.87844337,-17.63245445,-7.21414432,-3.78415659
50.99,-5.28563816,-3.11551076,-10.1593082,-31.99467914,12.18559294,14.36110782,26.947317,-4.29101187,-6.07716519,-18.71412099,-7.20251949,-3.99681117
50.995,-4.50023807,-3.83697408,-10.046364,-34.01463476,11.4385831,14.0520031,27.04292523,-3.95973956,-6.29013482,-19.73171211,-7.12197947,-4.18943664
51,-3.64738754,-4.55879114,-9.90360068,-36.07696385,10.63507833,13.67397059,27.11507994,-3.63512384,-6.51821913,-20.68205848,-6.97563378,-4.36635664
51.005,-2.72335729,-5.26951677,-9.7295864,-38.16970593,9.78282509,13.21821534,27.17263123,-3.31842056,-6.75112382,-21.56707046,-6.75697931,-4.53099321
51.01,-1.74042445,-5.96860672,-9.54757344,-40.27213764,8.88598031,12.6970315,27.22149679,-3.00516377,-6.97165333,-22.39792846,-6.43646112,-4.69360072
51.015,-0.75252425,-6.69432193,-9.33708027,-42.3820161,7.97218624,12.14325888,27.17129612,-2.66459677,-7.22846449,-23.10920447,-6.14976429,-4.81667905
51.02,0.33072465,-7.3614605,-9.11901134,-44.47899159,7.01483395,11.47866359,27.17156395,-2.35539414,-7.44518327,-23.79334259,-5.70881065,-4.96403277
51.025,1.41719118,-8.03326353,-8.8887044,-46.55336565,6.05766605,10.77352082,27.09470471,-2.02560201,-7.67017143,-24.37431117,-5.27485023,-5.09419688
51.03,2.53312663,-8.68115747,-8.65305472,-48.59324752,5.09541454,10.00433111,26.9853005,-1.6945202,-7.8809397,-24.87671113,-4.80572762,-5.21987527
51.035,3.66650181,-9.30103435,-8.41212046,-50.58856087,4.1442006,9.17838345,26.83435205,-1.36040491,-8.07079487,-25.29441724,-4.31713205,-5.34236529
51.04,4.81006291,-9.88821946,-8.18554503,-52.52589236,3.20660214,8.30372816,26.65218491,-1.02844041,-8.24510863,-25.6443382,-3.79779712,-5.47306194
51.045,5.95863636,-10.44074568,-7.96350088,-54.39859454,2.29599243,7.3795422,26.42813788,-0.69733432,-8.39590112,-25.91351731,-3.27724238,-5.60305884
51.05,7.09931892,-10.95862967,-7.75938064,-56.19789564,1.42364173,6.41814351,26.16168887,-0.36913119,-8.53056817,-26.11129571,-2.76213854,-5.73961107
51.055,8.24920429,-11.42089662,-7.55432346,-57.91583409,0.58037657,5.40906287,25.86234239,-0.05026674,-8.61333459,-26.22326966,-2.24498789,-5.87176215
51.06,9.3768638,-11.84604829,-7.37873936,-59.54632557,-0.21168032,4.38358195,25.51960895,0.26207376,-8.68165589,-26.27003469,-1.74909214,-6.01182414
51.065,10.48593251,-12.22498156,-7.22562073,-61.08381347,-0.95414515,3.3399801,25.13699414,0.56287234,-8.72264223,-26.2488519,-1.27833324,-6.15616807
51.07,11.55707421,-12.58291911,-7.09839845,-62.5303853,-1.6154099,2.32122258,24.69666842,0.86669655,-8.76168531,-26.15841602,-0.87742033,-6.28965556
51.075,12.62201631,-12.86597284,-6.99553604,-63.86973901,-2.25442008,1.26581766,24.24121984,1.13665545,-8.74756673,-26.00927529,-0.47039352,-6.43773133
51.08,13.65878594,-13.09553766,-6.9250946,-65.10224568,-2.84069554,0.22353267,23.75635298,1.38318969,-8.70329487,-25.80757705,-0.09504865,-6.58627296
51.085,14.65404781,-13.29366915,-6.88423377,-66.23118047,-3.34957678,-0.76517348,23.22524934,1.62256287,-8.64607696,-25.54538976,0.22757875,-6.72651722
51.09,15.61127441,-13.45480915,-6.87357719,-67.2428289,-3.78907542,-1.70873164,22.64609919,1.84714929,-8.57296071,-25.20062457,0.49823727,-6.85362189
51.095,16.54016748,-13.56014216,-6.89718715,-68.15357628,-4.20233885,-2.64045066,22.06323069,2.03416671,-8.47719001,-24.85392184,0.73282569,-6.98377112
51.1,17.42828497,-13.62797124,-6.95043022,-68.95803572,-4.54996886,-3.49299318,21.45285198,2.20175402,-8.36073014,-24.47319188,0.9331309,-7.10481104
51.105,18.27453614,-13.63370721,-7.05568953,-69.62594243,-4.88641449,-4.32597396,20.82013493,2.32278867,-8.22032995,-24.03496821,1.11480363,-7.23826223
51.11,19.07593899,-13.64323019,-7.1725187,-70.19940747,-5.11417886,-5.01206068,20.1451528,2.44914971,-8.10432706,-23.55250857,1.2040306,-7.31293818
51.115,19.8368803,-13.60934708,-7.32009374,-70.66370383,-5.31489273,-5.63882443,19.45816195,2.54428644,-7.96538781,-23.05469339,1.28263738,-7.39288822
51.12,20.55625707,-13.5510292,-7.49485632,-71.01882611,-5.46672714,-6.16385018,18.75185235,2.61795103,-7.82680185,-22.52885198,1.3270277,-7.45272146
51.125,21.23357449,-13.46773256,-7.6926357,-71.26778987,-5.57836191,-6.5889294,18.02904649,2.67027921,-7.68529042,-21.98098433,1.34297555,-7.49466282
51.13,21.89443116,-13.36924697,-7.88117708,-71.42834172,-5.59968653,-6.85651464,17.30226348,2.71126309,-7.56485434,-21.41582336,1.35708096,-7.50657044
51.135,22.46652347,-13.24843189,-8.14644534,-71.45945049,-5.67890293,-7.10520908,16.54140369,2.72220531,-7.41218834,-20.8302563,1.31502345,-7.51954399
51.14,23.06376176,-13.10336029,-8.35935032,-71.41717835,-5.66699247,-7.17842943,15.80565774,2.71826872,-7.31571973,-20.23531758,1.26265861,-7.48225829
51.145,23.57986707,-12.95646619,-8.62111474,-71.26787322,-5.66262949,-7.16935958,15.03446552,2.70500401,-7.18951794,-19.62709486,1.19424931,-7.43938217
51.15,24.02352853,-12.82275834,-8.92104544,-71.02124766,-5.61209839,-7.03690682,14.2301345,2.69139074,-7.06046424,-19.005565,1.14153437,-7.39999139
51.155,24.46775639,-12.66840304,-9.19431911,-70.69574354,-5.54913162,-6.78697145,13.4436155,2.66307522,-6.95912042,-18.38016995,1.06826957,-7.32295786
51.16,24.87941432,-12.50559764,-9.46318361,-70.28746397,-5.47519544,-6.42968071,12.65340577,2.62926624,-6.85626596,-17.75170388,0.99357938,-7.22485389
51.165,25.25165527,-12.35497213,-9.75254221,-69.79478447,-5.38485956,-5.97337522,11.85841425,2.59256647,-6.779025,-17.11807221,0.92708292,-7.11887172
51.17,25.59504903,-12.19989871,-10.0298228,-69.22879998,-5.29445051,-5.42206029,11.06035002,2.55662127,-6.6972451,-16.48415673,0.86470741,-6.9937105
51.175,25.90691937,-12.04778625,-10.30381744,-68.58706097,-5.20534779,-4.78552089,10.26149042,2.52203275,-6.62318707,-15.85089039,0.81109685,-6.85712278
51.18,26.19340268,-11.89892013,-10.5748999,-67.87572126,-5.1201018,-4.08331526,9.4651396,2.48875214,-6.5589801,-15.21723421,0.76212616,-6.70985488
51.185,26.44904528,-11.76319156,-10.85711559,-67.09522046,-5.05282284,-3.31236512,8.67204446,2.45861471,-6.51632917,-14.5888831,0.73164496,-6.55950555
51.19,26.6776023,-11.62314326,-11.11373574,-66.25279521,-4.98094136,-2.48298784,7.87371431,2.436647,-6.45027861,-13.96126789,0.7115245,-6.39399622
51.195,26.88335791,-11.48772605,-11.36405949,-65.3466154,-4.929657,-1.61834428,7.08192711,2.41958811,-6.39195734,-13.34018378,0.69999945,-6.22141208
51.2,27.06801891,-11.36556717,-11.62380966,-64.37966176,-4.90576757,-0.72610764,6.30210497,2.40805122,-6.35258515,-12.72579966,0.70859824,-6.05285211
51.205,27.22218484,-11.25273042,-11.87221266,-63.35263339,-4.88443196,0.19980558,5.51966924,2.40970426,-6.3037042,-12.11937824,0.73491221,-5.87687164
51.21,27.35651885,-11.13448475,-12.10493731,-62.2722913,-4.88188055,1.14075933,4.74226376,2.41398798,-6.24494864,-11.51841502,0.77283524,-5.69365202
51.215,27.47622828,-11.03102484,-12.34488864,-61.13434419,-4.91292406,2.07249825,3.98331223,2.42725743,-6.20448297,-10.93056922,0.82579929,-5.51736714
51.22,27.57327507,-10.92174359,-12.55867957,-59.94536741,-4.9451814,3.00660081,3.22499489,2.44898517,-6.13536007,-10.35005915,0.89531101,-5.33056372
51.225,27.65346692,-10.82455204,-12.77895944,-58.7022473,-5.00209195,3.92614815,2.48303479,2.47832153,-6.07985432,-9.78319058,0.98065368,-5.14945888
51.23,27.71505082,-10.73359448,-12.99680398,-57.40663216,-5.07189173,4.83174206,1.75324784,2.51569512,-6.02056683,-9.22996371,1.0822197,-4.969338
51.235,27.76108348,-10.64393209,-13.20692909,-56.06119441,-5.15330959,5.71206715,1.03708066,2.55872678,-5.95702027,-8.68901798,1.19800266,-4.78925126
51.24,27.79277773,-10.55942501,-13.41280707,-54.66464731,-5.24500272,6.5630709,0.33763797,2.60997898,-5.89071752,-8.16332557,1.32821315,-4.6115545
51.245,27.8116805,-10.47507234,-13.61119299,-53.21790835,-5.34986428,7.38684661,-0.34275204,2.66490071,-5.82073531,-7.65550105,1.46851962,-4.43558585
51.25,27.81362924,-10.39459211,-13.80528753,-51.72277321,-5.44762135,8.17505246,-1.01032469,2.72812118,-5.74312701,-7.16142836,1.62534297,-4.25914265
51.255,27.80512558,-10.3179679,-13.99832231,-50.17818655,-5.54933623,8.93195714,-1.65321161,2.7954979,-5.661495,-6.68602851,1.7945088,-4.08711553
51.26,27.78698472,-10.24021034,-14.17968634,-48.58472707,-5.65055567,9.6479114,-2.27531773,2.8687876,-5.57355198,-6.22922611,1.97210301,-3.91746294
51.265,27.75709513,-10.16146612,-14.35272852,-46.94270463,-5.74391451,10.32697932,-2.87676999,2.94590932,-5.47850278,-5.79001771,2.16031994,-3.74900659
51.27,27.70872343,-10.08530002,-14.518523,-45.25192725,-5.81786015,10.97158541,-3.46158577,3.02970402,-5.37696366,-5.37301255,2.36103982,-3.57810476
51.275,27.65764717,-10.00459818,-14.6762489,-43.51201068,-5.89402885,11.57794339,-4.01448024,3.11207585,-5.27402765,-4.97457279,2.56641017,-3.4149434
51.28,27.5919569,-9.92553865,-14.82337765,-41.72472875,-5.94333604,12.14309226,-4.54972674,3.20269173,-5.16452668,-4.59518013,2.78200704,-3.25235853
51.285,27.51043522,-9.84549692,-14.96409877,-39.88992613,-5.9686125,12.67303862,-5.06529487,3.29531131,-5.05372507,-4.23574012,3.0073925,-3.08974337
51.29,27.4210956,-9.76665584,-15.09354149,-38.00866771,-5.98283019,13.16812301,-5.55221023,3.39334098,-4.9289108,-3.90110205,3.2392749,-2.93065596
51.295,27.30759514,-9.69015885,-15.22447539,-36.08448191,-5.94752216,13.62635494,-6.03307483,3.49478989,-4.82210435,-3.57615283,3.48426078,-2.76903315
51.3,27.19294899,-9.61372117,-15.33268452,-34.11700509,-5.91970012,14.05283991,-6.47410179,3.60123859,-4.68140029,-3.28783454,3.73181483,-2.61079027
51.305,27.06238783,-9.53895934,-15.43599643,-32.11124056,-5.85251866,14.44033118,-6.90183707,3.71107742,-4.55331736,-3.01109986,3.98733718,-2.4558485
51.31,26.92066877,-9.46774514,-15.52585553,-30.06832848,-5.77252891,14.79317936,-7.30385235,3.82750698,-4.40933067,-2.76575,4.24911726,-2.30235423
51.315,26.76269351,-9.40425703,-15.60799635,-27.996968,-5.66486889,15.11071832,-7.69316549,3.95188444,-4.26142677,-2.53928265,4.52080987,-2.14626639
51.32,26.58283055,-9.34847002,-15.69000719,-25.90228738,-5.52724055,15.39889922,-8.08002436,4.07985275,-4.11803763,-2.3219574,4.80807055,-1.98088018
51.325,26.39828184,-9.30000803,-15.75142703,-23.78913664,-5.38531561,15.64528176,-8.44103694,4.21716882,-3.96128422,-2.13605661,5.09867354,-1.8201396
51.33,26.20197315,-9.26363301,-15.8035477,-21.66717293,-5.23288631,15.85643284,-8.7877892,4.36249406,-3.79717695,-1.97527656,5.39885143,-1.65736177
51.335,26.05190908,-9.21600116,-15.81506032,-19.55454021,-5.04621596,15.98294556,-9.09028218,4.51054172,-3.65585233,-1.81073605,5.67712948,-1.566164
51.34,25.78359789,-9.23238486,-15.87909006,-17.44675907,-4.90128942,16.16810114,-9.45271388,4.67637785,-3.45560716,-1.71786633,6.02650441,-1.32052885
51.345,25.59956097,-9.21995082,-15.89958076,-15.37214472,-4.71673274,16.24201603,-9.75287854,4.83388796,-3.27921803,-1.59897314,6.35269105,-1.19987951
51.35,25.36986664,-9.25510573,-15.92797382,-13.33946068,-4.56449495,16.30728541,-10.07095556,5.0126091,-3.06912535,-1.5321014,6.71063051,-1.00609585
51.355,25.14731624,-9.29651919,-15.93949853,-11.37014066,-4.39117934,16.34203586,-10.38421285,5.19299009,-2.87667238,-1.48338286,7.07155459,-0.81361011
51.36,24.93877721,-9.35791556,-15.93457913,-9.48333297,-4.21925566,16.34597481,-10.68763238,5.38202357,-2.68482827,-1.46105973,7.43714818,-0.62057163
51.365,24.70593465,-9.40032133,-15.93177961,-7.67016445,-4.04402586,16.33378203,-11.01046251,5.54188289,-2.54080435,-1.46186251,7.81780265,-0.35031797
51.37,24.52843429,-9.4799435,-15.91443678,-5.9849483,-3.86074985,16.26714766,-11.29181283,5.71875696,-2.34938888,-1.50206484,8.21674912,-0.14653442
51.375,24.3628579,-9.5630913,-15.89478498,-4.41667333,-3.68453724,16.16851113,-11.57861183,5.88236916,-2.16645279,-1.55791993,8.6308161,0.09146045
51.38,24.22127835,-9.64832673,-15.86259158,-2.97793091,-3.5058239,16.04450877,-11.85478325,6.03297598,-1.98943381,-1.6468881,9.05150417,0.33243928
51.385,24.10085615,-9.73334057,-15.82926158,-1.67585157,-3.32595996,15.88864241,-12.11821488,6.16282836,-1.82169834,-1.77718766,9.48419687,0.57830318
51.39,23.99911251,-9.80859097,-15.79451345,-0.5128267,-3.16395716,15.70146827,-12.38862689,6.26772617,-1.67290808,-1.91874826,9.93715788,0.87303114
51.395,23.92091031,-9.8768678,-15.75107697,0.50149999,-3.00793646,15.49565498,-12.64602117,6.34801349,-1.54375535,-2.10545207,10.39327259,1.17712998
51.4,23.86259883,-9.92675012,-15.70798828,1.36917835,-2.84158061,15.26367608,-12.88246063,6.38648894,-1.41293377,-2.34676402,10.84756144,1.45961144
51.405,23.82413365,-9.96078351,-15.66465977,2.08660354,-2.70069775,15.00892225,-13.11860993,6.39272623,-1.30787847,-2.61308851,11.31303049,1.78195984
51.41,23.80423254,-9.97478101,-15.61948328,2.65333704,-2.57885361,14.73654818,-13.34763975,6.36068445,-1.22688169,-2.91675196,11.77924464,2.12672648
51.415,23.80233745,-9.96769222,-15.57445761,3.06902053,-2.47814914,14.44650359,-13.56816803,6.28933059,-1.16787781,-3.26097389,12.24457443,2.49070897
51.42,23.81730574,-9.93646057,-15.5261672,3.33485198,-2.40348024,14.14130896,-13.77812599,6.17563239,-1.13656568,-3.65045151,12.70548878,2.87508125
51.425,23.84861074,-9.88190815,-15.48112754,3.45363086,-2.35566841,13.8196643,-13.97815318,6.01980013,-1.13071955,-4.08313886,13.15779677,3.27163903
51.43,23.89449498,-9.79789406,-15.42629384,3.43137841,-2.33969363,13.48240434,-14.167345,5.81758272,-1.1560657,-4.55972224,13.6005199,3.68946286
51.435,23.95640797,-9.68923154,-15.372476,3.26729652,-2.35887769,13.13013743,-14.3442055,5.5724329,-1.20016677,-5.08471002,14.02356274,4.11126891
51.44,24.03315894,-9.55598606,-15.31264925,2.96772973,-2.4240047,12.76027913,-14.5059373,5.28404384,-1.27524059,-5.66003554,14.42269055,4.54911724
51.445,24.12686381,-9.39231675,-15.24256807,2.53750481,-2.54039797,12.3662901,-14.65594363,4.95439339,-1.39247524,-6.28380099,14.79555415,5.0157057
51.45,24.2347959,-9.20813657,-15.16329715,1.98157447,-2.70423076,11.95283156,-14.78802873,4.58396148,-1.5369751,-6.96022983,15.13874573,5.48251511
51.455,24.35841923,-9.00067501,-15.07235093,1.30893281,-2.92432028,11.51708793,-14.90275723,4.17660803,-1.71038043,-7.69072877,15.44316702,5.95831828
51.46,24.49783681,-8.77121997,-14.96248974,0.52750927,-3.20293173,11.05119668,-14.99806374,3.73639701,-1.92105273,-8.47884207,15.70576279,6.45247367
51.465,24.65277499,-8.52269454,-14.83477956,-0.35622307,-3.53676123,10.55866585,-15.07152075,3.26402115,-2.15898257,-9.32566499,15.92253126,6.94789949
51.47,24.82264204,-8.25530997,-14.68460583,-1.33252055,-3.92036152,10.03638771,-15.12135479,2.76483189,-2.42729698,-10.23293973,16.08810441,7.44492313
51.475,25.00507673,-7.97371161,-14.532327,-2.39121908,-4.36056533,9.49920826,-15.1423913,2.23896075,-2.70429729,-11.2079668,16.19737215,7.92282453
51.48,25.20170379,-7.67242418,-14.34590997,-3.52286906,-4.84097402,8.91789199,-15.13444673,1.68786826,-3.01389652,-12.24664755,16.2528247,8.40924684
51.485,25.40892568,-7.36277887,-14.1575427,-4.71714825,-5.36291572,8.32520521,-15.09472873,1.12054991,-3.33321774,-13.35624574,16.24310035,8.87017767
51.49,25.6252533,-7.03574731,-13.95069676,-5.96096102,-5.90655354,7.70923686,-15.01890478,0.53187427,-3.66458649,-14.53540322,16.16470668,9.31371731
51.495,25.84964513,-6.70054773,-13.73971952,-7.2474807,-6.47093208,7.07889199,-14.90567795,-0.06876346,-3.99995162,-15.78813538,16.01869247,9.73201971
51.5,26.07831094,-6.35503806,-13.50897138,-8.56121176,-7.02714391,6.43280995,-14.74947235,-0.68109677,-4.33255574,-17.1159556,15.7959543,10.12129106
51.505,26.30765084,-5.99986811,-13.27482045,-9.89409102,-7.56284066,5.79045024,-14.54657605,-1.30612473,-4.65066161,-18.52025761,15.49023723,10.46763629
51.51,26.53534351,-5.63914382,-13.05715421,-11.23345353,-8.08308753,5.15181531,-14.29752126,-1.93850155,-4.95412514,-19.99646983,15.10719073,10.76972345
51.515,26.76066862,-5.27364396,-12.84974567,-12.57582358,-8.5566116,4.51941704,-13.99807302,-2.57575596,-5.23635199,-21.54913469,14.63892378,11.02127419
51.52,26.97816968,-4.90543705,-12.63796133,-13.90314075,-8.9795956,3.89718432,-13.63916231,-3.21745735,-5.48352501,-23.1796163,14.09718649,11.21854539
51.525,27.18968856,-4.53259736,-12.43107289,-15.21073758,-9.33942089,3.28273295,-13.22011287,-3.86212808,-5.68796734,-24.88237644,13.47604876,11.35961764
51.53,27.39324482,-4.15822936,-12.25016216,-16.4916683,-9.62791069,2.68575237,-12.73755964,-4.50705373,-5.8533299,-26.65638,12.77617863,11.4374021
51.535,27.57809291,-3.77988586,-12.08804126,-17.7350765,-9.82941341,2.13317851,-12.19614721,-5.15387717,-5.96625904,-28.49718048,11.99976377,11.45451075
51.54,27.75751167,-3.40179458,-11.94504284,-18.93800328,-9.95296448,1.58288967,-11.58038449,-5.79657234,-6.02949588,-30.40210567,11.15647106,11.40962039
51.545,27.91782457,-3.01865966,-11.82372081,-20.09491251,-9.98478735,1.07312936,-10.90281348,-6.43893551,-6.0361585,-32.36194302,10.24998336,11.3104897
51.55,28.06812199,-2.63525621,-11.72291186,-21.20392187,-9.93147847,0.5826567,-10.15465786,-7.07354863,-5.98487607,-34.3714351,9.29175647,11.15613283
51.555,28.20657233,-2.2558595,-11.63346036,-22.25460251,-9.77714932,0.10546524,-9.33126514,-7.69273167,-5.88218837,-36.42741503,8.29609357,10.95083981
51.56,28.33181545,-1.87179745,-11.57236044,-23.2528159,-9.55207268,-0.3388408,-8.44361526,-8.30432063,-5.71818461,-38.51011718,7.26611614,10.69883602
51.565,28.4380213,-1.4886027,-11.52720287,-24.1907583,-9.239648,-0.75830578,-7.49540989,-8.89929773,-5.50095827,-40.61307467,6.21902345,10.41442636
51.57,28.55440217,-1.11786658,-11.48036466,-25.08375548,-8.81866386,-1.18264377,-6.47083008,-9.45621903,-5.23403,-42.72442174,5.16977634,10.09208315
51.575,28.62564058,-0.73769807,-11.4684825,-25.89207508,-8.36906967,-1.54851321,-5.40694119,-10.00743945,-4.91885868,-44.83183357,4.12064464,9.75207315
51.58,28.63890274,-0.34464839,-11.48529346,-26.61209477,-7.88910579,-1.87150775,-4.32024853,-10.55035626,-4.55820105,-46.92235734,3.09703223,9.38982171
51.585,28.64511413,0.03636035,-11.5110537,-27.27728973,-7.34922714,-2.18277579,-3.18285449,-11.05284772,-4.16137781,-48.98295923,2.10211289,9.01065591
51.59,28.62483182,0.40998605,-11.53540959,-27.87128725,-6.75760127,-2.47705192,-2.01198126,-11.51525083,-3.73522568,-51.00237054,1.15617919,8.62536451
51.595,28.6120452,0.76075217,-11.55121189,-28.41874463,-6.09788986,-2.76469038,-0.79143478,-11.91825838,-3.28825986,-52.97187641,0.27004608,8.22246263
51.6,28.5249004,1.12401687,-11.58493671,-28.86283137,-5.46719963,-3.00487879,0.42301621,-12.30357886,-2.81431216,-54.88038573,-0.55182043,7.83012625
51.605,28.38933813,1.48277998,-11.61433257,-29.22587652,-4.82972357,-3.22322689,1.63799511,-12.64694271,-2.32789341,-56.71669619,-1.29691539,7.4422815
51.61,28.22775233,1.82318838,-11.65347814,-29.5324833,-4.19253239,-3.42043468,2.86051874,-12.94611098,-1.84630849,-58.47617293,-1.96660503,7.05902193
51.615,28.01688474,2.15789229,-11.68070406,-29.75500121,-3.57172753,-3.59419381,4.07469558,-13.19955835,-1.35975766,-60.14815093,-2.54957994,6.68050342
51.62,27.76243452,2.48084847,-11.69983264,-29.90377986,-2.97384921,-3.74572537,5.27685912,-13.4069106,-0.88043884,-61.72691407,-3.04588953,6.31080896
51.625,27.43161406,2.80399542,-11.72711054,-29.97526065,-2.44597342,-3.8722786,6.43004616,-13.58966671,-0.42102451,-63.20661999,-3.4460208,5.96513008
51.63,27.09075157,3.09839137,-11.72408614,-29.97826061,-1.91452233,-3.98299489,7.59599651,-13.70364923,0.03100446,-64.58173841,-3.77032281,5.60822319
51.635,26.70917337,3.37544686,-11.70239577,-29.92094432,-1.41769856,-4.07611516,8.72941811,-13.77124572,0.45023199,-65.84532034,-4.00587626,5.26974445
51.64,26.276172,3.63796178,-11.66137285,-29.78953781,-0.96123393,-4.15543016,9.82385795,-13.79509704,0.83943412,-66.99164999,-4.15725666,4.94807178
51.645,25.82974976,3.87458032,-11.61273938,-29.62132815,-0.56259524,-4.20044695,10.90284836,-13.77933313,1.19181168,-68.03137771,-4.2407187,4.62480954
51.65,25.26239577,4.0933048,-11.49755626,-29.39405294,-0.15007968,-4.31669354,11.83698188,-13.71524574,1.4668728,-68.92582923,-4.21049082,4.39524378
51.655,24.77546931,4.30069959,-11.45511033,-29.07932259,0.09221194,-4.26097283,12.89635016,-13.63874882,1.76666287,-69.72714422,-4.18491079,4.04465861
51.66,24.17836338,4.4655402,-11.32135727,-28.76245493,0.40370662,-4.32457319,13.79225943,-13.50042948,1.97428977,-70.38975398,-4.04452785,3.81414942
51.665,23.58037816,4.62445459,-11.21505173,-28.37350724,0.61138317,-4.31209649,14.69418189,-13.35355599,2.1578874,-70.93481897,-3.86901687,3.55045469
51.67,22.97142487,4.75563699,-11.08480632,-27.95169729,0.77167985,-4.26915454,15.56322569,-13.17686259,2.28837671,-71.35645744,-3.66794389,3.30313712
51.675,22.3438869,4.86207679,-10.9410242,-27.49637306,0.89886441,-4.21056325,16.39055555,-12.97704458,2.36875425,-71.65441215,-3.43617778,3.07250758
51.68,21.71743082,4.95686745,-10.76256469,-27.03121268,0.99376996,-4.10253637,17.18794562,-12.76467261,2.40509666,-71.84586489,-3.18908784,2.84124288
51.685,21.05480548,5.01842262,-10.58673368,-26.52230271,1.06674802,-4.00773283,17.92404515,-12.53119471,2.38616496,-71.90295961,-2.91171848,2.63874379
51.69,20.37432536,5.06502543,-10.38676972,-25.99176964,1.11345953,-3.88283489,18.60568152,-12.29271627,2.31076443,-71.841009,-2.62956232,2.44933927
51.695,19.65573393,5.09174064,-10.15486932,-25.43910091,1.16499453,-3.72916057,19.20265011,-12.05650328,2.14782089,-71.64685383,-2.38633984,2.29161456
51.7,18.93901639,5.09674006,-9.93773441,-24.8708304,1.18188696,-3.58215434,19.78208706,-11.80928502,1.98127424,-71.35439394,-2.12255357,2.13443526
51.705,18.21787649,5.08425807,-9.71398734,-24.29017654,1.18757338,-3.41933925,20.32097834,-11.56199111,1.77208325,-70.95245442,-1.87806733,1.98646966
51.71,17.49344797,5.05651415,-9.48847279,-23.69837016,1.18660886,-3.24088326,20.82231199,-11.31857946,1.52708699,-70.44834576,-1.66144034,1.84515112
51.715,16.76701914,5.01624485,-9.25914127,-23.0987587,1.18575183,-3.04575038,21.28523023,-11.08241737,1.24730076,-69.84305479,-1.47665724,1.70605983
51.72,16.03962238,4.96444595,-9.03331369,-22.49226536,1.18628597,-2.83502143,21.71281615,-10.85476325,0.93969223,-69.14294284,-1.329681,1.56780545
51.725,15.31292974,4.90402978,-8.8116982,-21.88052648,1.19247504,-2.60907442,22.10708358,-10.63817987,0.60798056,-68.35238553,-1.2225983,1.42710854
51.73,14.59025528,4.8372398,-8.59569147,-21.26703333,1.20551389,-2.36844479,22.47215749,-10.43520888,0.25505092,-67.47714535,-1.15561596,1.28124852
51.735,13.87031769,4.76795047,-8.39031682,-20.65127016,1.23067827,-2.11540791,22.80678969,-10.2467555,-0.11057543,-66.52087517,-1.13079586,1.1290111
51.74,13.16342987,4.69775821,-8.18738086,-20.03410509,1.25666709,-1.84998985,23.12523537,-10.07225705,-0.48361789,-65.48898132,-1.14074681,0.97206736
51.745,12.45165475,4.62664976,-7.99755212,-19.41740037,1.31327199,-1.57169255,23.4059437,-9.91529818,-0.87238771,-64.3840105,-1.19621132,0.79856435
51.75,11.74644286,4.55958089,-7.83253507,-18.80204619,1.38156938,-1.28354207,23.66513444,-9.77922427,-1.26515511,-63.21198839,-1.28387216,0.61498182
51.755,11.05643831,4.49909566,-7.6685271,-18.18732163,1.45325586,-0.98809304,23.91409262,-9.65734228,-1.64994145,-61.97790557,-1.39750188,0.42807051
51.76,10.36987858,4.44601681,-7.53192615,-17.57623745,1.54447607,-0.68456041,24.13882541,-9.55780328,-2.03739925,-60.68342268,-1.53683455,0.22652934
51.765,9.6916277,4.40188093,-7.40906785,-16.96769718,1.64265566,-0.36979958,24.34759237,-9.47408258,-2.41404604,-59.33234161,-1.69286158,0.01746803
51.77,9.02683486,4.36899782,-7.2986686,-16.36275182,1.75217583,-0.05479463,24.54623653,-9.40852702,-2.7808542,-57.9293819,-1.86022445,-0.19411697
51.775,8.36919197,4.34745707,-7.20351578,-15.76283981,1.87425351,0.26672014,24.72793654,-9.35957746,-3.13619333,-56.47491629,-2.03450932,-0.412972
51.78,7.72608646,4.33857042,-7.12120288,-15.1687722,2.00469602,0.58552691,24.90066598,-9.32710044,-3.47835107,-54.97176379,-2.20789811,-0.62927465
51.785,7.09118539,4.34524215,-7.05463721,-14.58021376,2.13857443,0.91006748,25.05898234,-9.31099691,-3.80221528,-53.42069291,-2.37177458,-0.84485602
51.79,6.46955168,4.36486433,-6.9964443,-14.00047569,2.28545027,1.22979303,25.20595839,-9.30981817,-4.112799,-51.8239319,-2.52632513,-1.05449525
51.795,5.85914236,4.3994091,-6.95097758,-13.42758203,2.4336404,1.54868582,25.34131092,-9.3220254,-4.40398376,-50.18178255,-2.66004851,-1.25380346
51.8,5.25992187,4.44817599,-6.91605441,-12.86459965,2.58723816,1.86491819,25.46275537,-9.34710019,-4.67766459,-48.49467836,-2.76981707,-1.44008369
51.805,4.67559902,4.51151844,-6.88873414,-12.31256605,2.74367402,2.17177979,25.57342326,-9.38454535,-4.93404578,-46.76392238,-2.85104593,-1.60593563
51.81,4.09692463,4.58856414,-6.87475265,-11.77048812,2.90658588,2.47954522,25.66369026,-9.43146262,-5.17010661,-44.98810159,-2.89809341,-1.75410084
51.815,3.53454193,4.67962562,-6.86845465,-11.24253934,3.07139368,2.77192213,25.74237884,-9.48898165,-5.39058999,-43.16972096,-2.90916623,-1.872553
51.82,2.99058233,4.78240978,-6.83274373,-10.72804122,3.23531788,3.05542049,25.80637293,-9.55144881,-5.58951865,-41.30502153,-2.89457444,-1.95647379
51.825,2.44903774,4.89981616,-6.81803127,-10.22618839,3.41037592,3.33214508,25.84424326,-9.62441022,-5.7765401,-39.39573116,-2.84024492,-2.01066255
51.83,1.91940033,5.0256947,-6.81189185,-9.74618836,3.58645073,3.60145304,25.85857057,-9.70298784,-5.94500938,-37.44697617,-2.7447108,-2.02856252
51.835,1.40404795,5.16407656,-6.78800404,-9.28108749,3.76896333,3.85800766,25.85414373,-9.78768167,-6.09849763,-35.45641595,-2.6233313,-2.00393535
51.84,0.89502526,5.3145684,-6.76971178,-8.83569213,3.9605133,4.10562678,25.82281102,-9.87910636,-6.23517345,-33.42876801,-2.4681549,-1.93943848
51.845,0.39963741,5.47529729,-6.73115969,-8.40986199,4.1619254,4.34357071,25.76848978,-9.9759114,-6.3564515,-31.36560788,-2.29776832,-1.83014807
51.85,-0.09536276,5.64433126,-6.69509916,-8.00695056,4.37533026,4.57956096,25.68150408,-10.07928962,-6.46471987,-29.27551448,-2.10142717,-1.67867173
51.855,-0.57919869,5.82400414,-6.65184573,-7.62655352,4.60167336,4.80369299,25.57292243,-10.18834382,-6.55758704,-27.16311773,-1.89681027,-1.48950751
51.86,-0.9822457,6.00247029,-6.62313222,-7.27635806,4.77433398,4.94902386,25.51403002,-10.27873539,-6.59506417,-25.03573487,-1.67906258,-1.34243711
51.865,-1.53332402,6.20971205,-6.54148092,-6.94515741,5.11213784,5.24168578,25.27493055,-10.4298926,-6.70195425,-22.90789344,-1.4784514,-0.99842265
51.87,-2.00523397,6.41007539,-6.47964754,-6.64148875,5.38839083,5.46213249,25.09051262,-10.55496704,-6.74961614,-20.78208582,-1.28121796,-0.70724765
51.875,-2.46941304,6.62168651,-6.40812305,-6.37235738,5.69252598,5.67977889,24.8923269,-10.69369907,-6.78075818,-18.68414241,-1.10111148,-0.39723622
51.88,-2.87870167,6.81328524,-6.32027885,-6.14408436,5.9978549,5.85758702,24.71187338,-10.81429,-6.80534464,-16.60175955,-0.99357051,-0.09904756
51.885,-3.37808172,7.03447734,-6.25229473,-5.92837631,6.36345762,6.12395362,24.44794984,-10.97062548,-6.82045623,-14.59158685,-0.81189043,0.26305515
51.89,-3.82149456,7.2428883,-6.16351044,-5.76189829,6.74329682,6.35198513,24.21665714,-11.11625884,-6.81706925,-12.64107139,-0.72169565,0.60677847
51.895,-4.25992909,7.45149394,-6.07535649,-5.63457609,7.15094004,6.59146045,23.98541349,-11.2672022,-6.79773197,-10.78213839,-0.65397072,0.95238229
51.9,-4.6821747,7.65123099,-5.99017029,-5.55102463,7.58834581,6.83094001,23.76633547,-11.41501133,-6.76698411,-9.02879222,-0.61637183,1.28787024
51.905,-5.09693266,7.83917637,-5.91193822,-5.51030557,8.04865951,7.08703875,23.55698418,-11.55606854,-6.7219178,-7.39663472,-0.59375812,1.61511563
51.91,-5.49198023,8.008995,-5.84162908,-5.51889913,8.53380772,7.34362356,23.36991439,-11.68447871,-6.66537047,-5.89722112,-0.59590268,1.92133614
51.915,-5.87402238,8.15395248,-5.78271686,-5.57464062,9.03772307,7.61611581,23.20118319,-11.79378334,-6.59996783,-4.53829807,-0.61389272,2.20721196
51.92,-6.23443146,8.26919132,-5.73705792,-5.68542474,9.56223759,7.89029677,23.05725466,-11.87901702,-6.52818233,-3.32789026,-0.65335552,2.4644736
51.925,-6.58895329,8.35875712,-5.71091742,-5.84894236,10.07665458,8.21265275,22.92792193,-11.94354062,-6.43555115,-2.27452613,-0.70653227,2.70906952
51.93,-6.8999821,8.39583863,-5.69349155,-6.0717783,10.64188734,8.47345191,22.8391758,-11.96120676,-6.36804659,-1.37218135,-0.78526254,2.88998306
51.935,-7.1923531,8.40082859,-5.69906327,-6.35513889,11.19901631,8.75661828,22.77323828,-11.95049909,-6.28432605,-0.63104833,-0.87876189,3.0474649
51.94,-7.4662806,8.35946369,-5.72760413,-6.7001075,11.75925851,9.06122488,22.72618821,-11.89897815,-6.20118296,-0.04939677,-0.99207377,3.17041628
51.945,-7.70996599,8.27805641,-5.78357627,-7.11899137,12.3118223,9.35942003,22.70741058,-11.8108925,-6.11441883,0.36864806,-1.12679722,3.25553445
51.95,-7.92138218,8.13983927,-5.83824535,-7.60363128,12.85594999,9.64149425,22.71847862,-11.6732763,-6.0286455,0.62394764,-1.27788469,3.29451915
51.955,-8.10732754,7.96278702,-5.91786473,-8.1490859,13.38863191,9.91133857,22.75514686,-11.49965481,-5.94279084,0.72578441,-1.45156469,3.29427893
51.96,-8.26222231,7.74209426,-6.0243642,-8.76879205,13.89733892,10.17850003,22.81719072,-11.28661358,-5.85479941,0.67345816,-1.64861835,3.25153374
51.965,-8.38286413,7.47644947,-6.15285227,-9.46363317,14.37918095,10.42845201,22.90455374,-11.03277768,-5.76263595,0.4730379,-1.86861334,3.16537569
51.97,-8.46810463,7.170302,-6.27807978,-10.23496398,14.8198392,10.64260375,23.01630072,-10.7475715,-5.67633095,0.12924774,-2.1119126,3.04300313
51.975,-8.51817849,6.8228195,-6.42293966,-11.08223638,15.22350218,10.84535481,23.15452949,-10.42778901,-5.5839439,-0.3566234,-2.38253631,2.87609931
51.98,-8.53027792,6.43941926,-6.58516662,-12.00852231,15.57530631,11.0317773,23.31886577,-10.07872498,-5.48940869,-0.97523438,-2.6793051,2.66185954
51.985,-8.50437594,6.02437183,-6.75156169,-13.01382067,15.86764282,11.18486227,23.50533513,-9.7067775,-5.394809,-1.71790892,-2.99877999,2.4121139
51.99,-8.4376734,5.57916093,-6.91613871,-14.10276834,16.10438369,11.30450279,23.70985612,-9.31623743,-5.30664519,-2.56950674,-3.34454575,2.13096703
51.995,-8.32682836,5.10947488,-7.08848647,-15.27303246,16.26504488,11.40271262,23.93609922,-8.91132009,-5.21191315,-3.52490038,-3.70981677,1.80627441
52,-8.17397214,4.61675245,-7.2538998,-16.52758994,16.35115587,11.46160102,24.17430084,-8.49600558,-5.1253231,-4.57036174,-4.08994794,1.46236044
52.005,-7.97491608,4.10220165,-7.41469316,-17.86831054,16.35431089,11.4868686,24.42422287,-8.07299542,-5.04405897,-5.69516788,-4.47938393,1.09647209
52.01,-7.72320807,3.57614199,-7.56354191,-19.2884463,16.27100053,11.48685005,24.68468297,-7.65059492,-4.96069398,-6.87641364,-4.88116481,0.69319403
52.015,-7.44030618,3.03105767,-7.70671872,-20.78981933,16.09207876,11.43715435,24.93046496,-7.23105948,-4.90915753,-8.11007994,-5.25946764,0.32318902
52.02,-7.10006605,2.47270337,-7.83458532,-22.37483422,15.81671641,11.36014516,25.17779936,-6.81539778,-4.86416511,-9.3753136,-5.63163879,-0.06823017
52.025,-6.70618551,1.90736458,-7.93499186,-24.03664727,15.43337721,11.25251289,25.42438262,-6.40394736,-4.8086514,-10.66688144,-5.97042112,-0.47097624
52.03,-6.27031385,1.32124994,-8.029646,-25.78054082,14.95659669,11.10864944,25.636111,-6.00179505,-4.81373231,-11.95018594,-6.2893894,-0.83195938
52.035,-5.78705251,0.72601106,-8.10437938,-27.58407541,14.36833034,10.93308261,25.84136769,-5.60541536,-4.82832003,-13.24389331,-6.5561651,-1.19682916
52.04,-5.23349658,0.12251876,-8.1636483,-29.47723795,13.67775407,10.71604337,26.0203129,-5.22285141,-4.84686774,-14.49592488,-6.77222475,-1.55674347
52.045,-4.64033045,-0.49830824,-8.20088124,-31.42227264,12.88450757,10.47194754,26.17100931,-4.84029176,-4.89538506,-15.72421408,-6.92987156,-1.88725558
52.05,-3.98945425,-1.13384654,-8.21585809,-33.42582422,11.98654169,10.18729225,26.29775893,-4.46381948,-4.96221991,-16.91333556,-7.02840593,-2.20459977
52.055,-3.27937898,-1.77889208,-8.21149919,-35.47959018,10.99207002,9.85704232,26.40276105,-4.09211373,-5.04177933,-18.05612008,-7.05341086,-2.51173262
52.06,-2.51792644,-2.43838945,-8.1864623,-37.57199864,9.90500827,9.48575997,26.47965078,-3.72265759,-5.14321978,-19.14693278,-7.01116517,-2.79859984
52.065,-1.71441478,-3.11321231,-8.14590798,-39.69448192,8.73537344,9.08477331,26.51925596,-3.35215809,-5.26224723,-20.17772248,-6.89918539,-3.06137322
52.07,-0.84860166,-3.7912472,-8.07506944,-41.83983764,7.49088629,8.61742663,26.54288937,-2.98409625,-5.38260047,-21.14850082,-6.70812823,-3.31813358
52.075,0.05303159,-4.47767195,-7.99317313,-43.99000982,6.18989826,8.11537033,26.53311348,-2.61470007,-5.51211484,-22.05701667,-6.44657138,-3.55544424
52.08,1.01677977,-5.14834425,-7.89075236,-46.1354657,4.83569406,7.52416534,26.5251015,-2.2546783,-5.63723216,-22.91527636,-6.08993059,-3.7931522
52.085,1.99391003,-5.83720731,-7.76032611,-48.26656043,3.45062256,6.92134611,26.44772758,-1.88023876,-5.77226519,-23.68076429,-5.7080621,-3.99897495
52.09,2.98960288,-6.5274861,-7.61449151,-50.36866934,2.05213911,6.28374331,26.32904416,-1.50317483,-5.92659263,-24.37775123,-5.30288817,-4.185942
52.095,4.04144103,-7.17247507,-7.47287225,-52.43001943,0.64934905,5.54061623,26.23055237,-1.15042589,-6.03831523,-25.03741788,-4.75818889,-4.39325785
52.1,5.07210924,-7.84706235,-7.299538,-54.44952942,-0.71735923,4.83900339,26.02866342,-0.76770285,-6.19232464,-25.57979234,-4.28534449,-4.56100666
52.105,6.14148797,-8.47118789,-7.10606112,-56.41193585,-2.06816966,4.03654336,25.82657644,-0.4034058,-6.30168702,-26.07213041,-3.72970291,-4.7409889
52.11,7.24133625,-9.03312114,-6.93096164,-58.300745,-3.37831231,3.13352667,25.64093408,-0.07317492,-6.37019056,-26.53441055,-3.08341143,-4.92397283
52.115,8.32122264,-9.59844596,-6.73295849,-60.12420527,-4.6135327,2.25433745,25.37174092,0.27446563,-6.45372376,-26.89560282,-2.49251017,-5.09371588
52.12,9.39991866,-10.1252821,-6.5340512,-61.86834185,-5.77848381,1.34163021,25.06927828,0.61142082,-6.51995851,-27.18983588,-1.89896439,-5.26208124
52.125,10.47175924,-10.61591126,-6.33554621,-63.52866463,-6.85904482,0.40692817,24.7285964,0.93895048,-6.57201405,-27.41635017,-1.31737087,-5.4311479
52.13,11.53323486,-11.06643049,-6.14091707,-65.09648106,-7.85461744,-0.54422052,24.35271541,1.25556268,-6.60343808,-27.57577223,-0.74817959,-5.59865145
52.135,12.5813327,-11.46709936,-5.95945642,-66.57526208,-8.75839324,-1.51253855,23.94673836,1.55163794,-6.61478098,-27.68017904,-0.20269453,-5.76377924
52.14,13.60767451,-11.82789955,-5.78770485,-67.95339829,-9.56221847,-2.47925582,23.50162461,1.83588307,-6.60923126,-27.71879428,0.31023311,-5.93227328
52.145,14.61099589,-12.14305032,-5.63298607,-69.22973936,-10.27025727,-3.44341204,23.02323398,2.10212751,-6.5837801,-27.69923358,0.78928979,-6.10122216
52.15,15.58279775,-12.43865286,-5.49126477,-70.40994981,-10.84802459,-4.35937868,22.50069142,2.36632498,-6.56499647,-27.6192832,1.19122654,-6.25239435
52.155,16.53093854,-12.66463092,-5.37802317,-71.47378264,-11.36115731,-5.29027732,21.95761356,2.59579263,-6.50028579,-27.48425593,1.58893913,-6.41537475
52.16,17.4440523,-12.84753278,-5.29425213,-72.4262338,-11.77620319,-6.18342784,21.38403036,2.80362837,-6.41903533,-27.29692302,1.94283355,-6.57114488
52.165,18.32255878,-12.98574936,-5.24266765,-73.27175588,-12.11447012,-7.04872943,20.7925571,2.98371371,-6.32394895,-27.08317076,2.25510696,-6.7242635
52.17,19.16257101,-13.09292982,-5.21901444,-74.00438022,-12.36072654,-7.85934327,20.16958821,3.14683411,-6.21784213,-26.81683056,2.51134328,-6.86086442
52.175,19.96022161,-13.15597306,-5.2340633,-74.61980318,-12.52291065,-8.59749521,19.52207113,3.28121026,-6.09329759,-26.50484674,2.74334531,-6.9959059
52.18,20.72194002,-13.1947682,-5.2716403,-75.13484352,-12.60956742,-9.27334306,18.8573363,3.4009818,-5.96510242,-26.16909455,2.9181937,-7.10860391
52.185,21.4375822,-13.19820869,-5.35096309,-75.5264309,-12.63648842,-9.87848929,18.16798295,3.49215629,-5.82634588,-25.78603392,3.06250554,-7.21144632
52.19,22.14045582,-13.18005854,-5.4500767,-75.81948461,-12.46658635,-10.22010795,17.48865399,3.55925499,-5.70209577,-25.38163867,3.23320571,-7.28843141
52.195,22.74588071,-13.1361234,-5.59766538,-75.99017346,-12.49909915,-10.79973936,16.74462157,3.61389926,-5.53274919,-24.94348698,3.24998341,-7.35646176
52.2,23.3850687,-13.06417873,-5.7325569,-76.07455312,-12.2920576,-11.07339596,16.0508155,3.6414964,-5.40217273,-24.49499752,3.33430298,-7.39088297
52.205,23.89662891,-12.99583396,-5.95850604,-76.02531532,-12.1700052,-11.33092093,15.27944372,3.65455441,-5.23320245,-24.00418539,3.3405876,-7.41279067
52.21,24.44172284,-12.89104032,-6.14891674,-75.89579356,-11.94301724,-11.46266808,14.55471217,3.64482891,-5.09641143,-23.51006911,3.358103,-7.40593804
52.215,24.87667602,-12.80440005,-6.42342822,-75.64693434,-11.73389266,-11.45505469,13.77424646,3.62433967,-4.93346989,-22.99148066,3.35637481,-7.38141196
52.22,25.30237093,-12.69838387,-6.68817826,-75.30894106,-11.48884482,-11.34714344,13.0094088,3.58874425,-4.78557534,-22.46260173,3.34823782,-7.33135846
52.225,25.69218647,-12.58910787,-6.97143509,-74.87550215,-11.23687396,-11.13468727,12.24459627,3.54097784,-4.64208358,-21.92392299,3.33634913,-7.25618504
52.23,26.04433724,-12.4772417,-7.26833162,-74.35248132,-10.98680537,-10.81786609,11.47666102,3.4841969,-4.49381388,-21.37749735,3.32623143,-7.15805873
52.235,26.35484072,-12.37235636,-7.58986188,-73.73565052,-10.74063035,-10.40043393,10.70751929,3.41673075,-4.36754912,-20.82245822,3.3177624,-7.04321807
52.24,26.63577831,-12.26603774,-7.91606336,-73.03514072,-10.51234385,-9.8990146,9.94224911,3.34283188,-4.24323319,-20.26280166,3.3107396,-6.90824537
52.245,26.87685761,-12.16371034,-8.24583344,-72.25133836,-10.29178881,-9.30834643,9.17322529,3.26815514,-4.11112098,-19.70128406,3.31320604,-6.75380529
52.25,27.08614561,-12.06550793,-8.5797511,-71.38730615,-10.09410248,-8.64817518,8.40657536,3.19145752,-3.98237541,-19.13409236,3.32281626,-6.583352
52.255,27.2609181,-11.97583551,-8.92471299,-70.44338703,-9.92577669,-7.92879245,7.64482389,3.11230497,-3.86421384,-18.56954058,3.34328453,-6.40141826
52.26,27.40387645,-11.89330366,-9.27474143,-69.42286308,-9.78859004,-7.16312298,6.88853353,3.03332821,-3.7501264,-18.00638074,3.37529062,-6.21002234
52.265,27.5142826,-11.81772396,-9.62469955,-68.32945533,-9.67408841,-6.35777265,6.13354077,2.95792947,-3.63896707,-17.44260825,3.41741903,-6.00821018
52.27,27.59552378,-11.74927943,-9.97778831,-67.16265633,-9.59424219,-5.53231395,5.38689614,2.88524911,-3.53008619,-16.88408593,3.474213,-5.80175629
52.275,27.64549923,-11.68892165,-10.33100089,-65.92574491,-9.54223442,-4.69038464,4.64500737,2.81700745,-3.42925256,-16.33004071,3.53877617,-5.58985284
52.28,27.66768051,-11.63242324,-10.68154832,-64.62012074,-9.51604914,-3.849596,3.90899162,2.75453883,-3.32471034,-15.77934904,3.6170226,-5.37428885
52.285,27.66144339,-11.58425066,-11.03250167,-63.2492494,-9.51233451,-3.01661304,3.18037018,2.69846326,-3.22638512,-15.23683033,3.70666327,-5.15735113
52.29,27.63042881,-11.53736431,-11.38119591,-61.80940055,-9.53485975,-2.20459296,2.46273346,2.6476884,-3.12668509,-14.69984299,3.80975007,-4.94306843
52.295,27.570426,-11.49695511,-11.72879496,-60.30623938,-9.57252321,-1.41290634,1.75103681,2.60372571,-3.03465059,-14.17128079,3.91929652,-4.72680294
52.3,27.48632328,-11.45910373,-12.07543223,-58.73855218,-9.62336355,-0.65640391,1.05084232,2.56720654,-2.94285686,-13.65229205,4.04236881,-4.51460135
52.305,27.38435579,-11.41956955,-12.4131669,-57.10981843,-9.68744431,0.05801418,0.36476221,2.53867128,-2.85098935,-13.14315443,4.1700546,-4.30492148
52.31,27.25637579,-11.38359099,-12.75078412,-55.4185053,-9.75134292,0.73222024,-0.311836,2.51841517,-2.76442301,-12.64368555,4.30802663,-4.09701098
52.315,27.10587558,-11.34701477,-13.08653958,-53.66531079,-9.81431459,1.36409611,-0.97543659,2.50532456,-2.67963653,-12.1562751,4.4548592,-3.89228018
52.32,26.93352837,-11.30883807,-13.41879683,-51.85152354,-9.87135863,1.95305088,-1.62574387,2.4998702,-2.59798164,-11.68093652,4.60923564,-3.68924412
52.325,26.74737329,-11.27551205,-13.76007779,-49.97812709,-9.92631243,2.49517471,-2.2519317,2.50335816,-2.53077772,-11.22296008,4.77528325,-3.49987224
52.33,26.53394726,-11.22328182,-14.06556712,-48.04519778,-9.9488747,2.99906132,-2.8786074,2.51358858,-2.4479481,-10.76856184,4.93092897,-3.28673974
52.335,26.30736193,-11.18350682,-14.40109513,-46.05331077,-9.97602996,3.46973865,-3.47278682,2.53336921,-2.37889215,-10.34107997,5.11740455,-3.09898683
52.34,26.06510541,-11.13194767,-14.7157424,-44.00412375,-9.97723559,3.90657588,-4.05155209,2.56104376,-2.30940857,-9.92449569,5.29661448,-2.90385333
52.345,25.79909883,-11.07664295,-15.02788872,-41.89826437,-9.95049275,4.32056912,-4.61740271,2.59603819,-2.24155569,-9.52324651,5.48401392,-2.70151645
52.35,25.51980294,-11.01640149,-15.33183222,-39.73892663,-9.8967704,4.71138115,-5.16176121,2.64081405,-2.17955289,-9.13932114,5.67467881,-2.4973698
52.355,25.22523467,-10.95447044,-15.63454416,-37.52886678,-9.82478881,5.09554384,-5.68435202,2.69459813,-2.116272,-8.77590495,5.87745471,-2.29199253
52.36,24.91843752,-10.8915938,-15.92536267,-35.27454821,-9.71993821,5.47205857,-6.18728416,2.76060576,-2.05869935,-8.42871572,6.08499763,-2.08140275
52.365,24.5824865,-10.82988633,-16.20773363,-32.98287508,-9.54136229,5.84266752,-6.69313451,2.84081003,-2.02538524,-8.09355496,6.29373438,-1.84523376
52.37,24.27645328,-10.76586703,-16.47423452,-30.65293563,-9.43527976,6.23509625,-7.12857434,2.93029165,-1.94464946,-7.79781277,6.52810983,-1.6425601
52.375,23.93449556,-10.70845382,-16.73741363,-28.29715945,-9.25478659,6.64653599,-7.57656406,3.03369743,-1.88861535,-7.51028539,6.76651953,-1.40869645
52.38,23.59728175,-10.65359369,-16.98074275,-25.92656639,-9.05714201,7.06809663,-7.9967124,3.15061119,-1.83511374,-7.24844429,7.0125779,-1.17181717
52.385,23.25692321,-10.61269255,-17.20220723,-23.552583,-8.84770595,7.5172719,-8.40129167,3.28723571,-1.77318142,-7.00626433,7.27796129,-0.92257772
52.39,22.91602268,-10.57855957,-17.40640191,-21.18779253,-8.6045585,7.9874485,-8.79417194,3.43715847,-1.72098907,-6.784292,7.55403247,-0.65835916
52.395,22.60130763,-10.55893401,-17.5728796,-18.84453582,-8.39183477,8.47085407,-9.14674147,3.6051981,-1.64909869,-6.59463941,7.84168222,-0.40260058
52.4,22.35157004,-10.51617782,-17.68874302,-16.52857364,-8.18598798,8.86631322,-9.43465247,3.76671262,-1.61313916,-6.4156784,8.07488306,-0.21738258
52.405,21.99545653,-10.56240098,-17.81944316,-14.292682,-7.8836775,9.48704158,-9.81999205,3.98212114,-1.51127381,-6.27968771,8.45719989,0.1531056
52.41,21.72991411,-10.58872993,-17.89514175,-12.12152247,-7.65339369,10.00701054,-10.12428888,4.18818563,-1.43672961,-6.16184609,8.78874886,0.43813494
52.415,21.49481083,-10.63118847,-17.93840898,-10.04572403,-7.41390438,10.52796458,-10.41111496,4.40374578,-1.36136902,-6.06389687,9.13012417,0.72615721
52.42,21.29675235,-10.69728002,-17.94443622,-8.0890761,-7.18390679,11.04912431,-10.67498074,4.63024195,-1.27430093,-6.00171913,9.4913092,1.01660642
52.425,21.13225999,-10.78196942,-17.91656562,-6.26829087,-6.92808973,11.55847399,-10.9331785,4.86351064,-1.19222023,-5.95971222,9.86858241,1.3174665
52.43,21.00701248,-10.8717638,-17.85335091,-4.58526113,-6.67329871,12.04512735,-11.164337,5.08580891,-1.10135271,-5.96148783,10.25479288,1.61415638
52.435,20.91766656,-10.96704599,-17.77462741,-3.05501255,-6.41337151,12.51175494,-11.39280842,5.29842968,-1.02179094,-5.97948166,10.65280344,1.91844016
52.44,20.86450213,-11.06002343,-17.67041214,-1.68075339,-6.15201467,12.94626638,-11.60219676,5.49046201,-0.93513323,-6.04039722,11.06038525,2.21686929
52.445,20.84373248,-11.14558923,-17.56034974,-0.46778626,-5.89372444,13.35491791,-11.80726506,5.65865566,-0.8598625,-6.12618493,11.47482725,2.5206048
52.45,20.85391265,-11.2163865,-17.45076397,0.58022737,-5.64416233,13.73794986,-12.00839437,5.79551328,-0.79798147,-6.2386125,11.8970882,2.83364222
52.455,20.89143981,-11.27058897,-17.32833914,1.46105284,-5.38898652,14.07930848,-12.1971948,5.8977089,-0.73383049,-6.39793592,12.32223271,3.1382933
52.46,20.9568994,-11.30177602,-17.22163502,2.17533285,-5.15399531,14.39951575,-12.38639676,5.96249511,-0.69557624,-6.58053423,12.75223082,3.46327863
52.465,21.04415666,-11.3069131,-17.10506344,2.72113539,-4.92293197,14.66970414,-12.56905785,5.98475925,-0.65701015,-6.80721338,13.17404455,3.77435476
52.47,21.15446178,-11.28510983,-17.00041633,3.10029764,-4.71228913,14.90446657,-12.74984852,5.96594212,-0.64049052,-7.06827096,13.59225346,4.09298847
52.475,21.28202484,-11.24084531,-16.91335949,3.31818746,-4.51581587,15.0829297,-12.93057967,5.91104773,-0.64878809,-7.36588246,14.003385,4.3897042
52.48,21.42893652,-11.15596778,-16.80504989,3.37961624,-4.34827259,15.23658266,-13.11142383,5.80348722,-0.65180593,-7.69064597,14.40672446,4.72487617
52.485,21.59704416,-11.04253773,-16.71878887,3.27005919,-4.22109076,15.33978283,-13.27949507,5.65212245,-0.71891806,-8.08550895,14.78929697,5.07811178
52.49,21.77793704,-10.90019862,-16.62807927,3.01068819,-4.1184249,15.37611567,-13.45452303,5.46207311,-0.79204901,-8.50622975,15.15362006,5.41029126
52.495,21.97148856,-10.73399011,-16.53521397,2.60913948,-4.04505152,15.34901709,-13.62109693,5.23140936,-0.87912307,-8.97619473,15.49165857,5.74080594
52.5,22.1794572,-10.5402589,-16.43786493,2.06569542,-4.01463691,15.25540308,-13.78484141,4.96236245,-0.99613669,-9.48985225,15.80335866,6.07438569
52.505,22.39989771,-10.32245593,-16.33109685,1.39009003,-4.03225662,15.08906737,-13.94176637,4.65747315,-1.14477156,-10.05354677,16.08036407,6.41613972
52.51,22.63115822,-10.08382021,-16.21075967,0.59106561,-4.0974766,14.84622089,-14.09108193,4.31947508,-1.31890773,-10.66742655,16.31960478,6.75843696
52.515,22.87152484,-9.82504766,-16.07316365,-0.3204425,-4.21207264,14.52762113,-14.23060735,3.95135971,-1.51915007,-11.33524217,16.51355702,7.09946225
52.52,23.12238629,-9.55362597,-15.91368997,-1.33648478,-4.38343498,14.11800744,-14.35647129,3.55627958,-1.75009912,-12.05777274,16.669687,7.45833781
52.525,23.37920804,-9.26481083,-15.7257616,-2.44194834,-4.60710378,13.63245877,-14.46438576,3.13802131,-2.00612708,-12.84466929,16.76827236,7.81963799
52.53,23.63985989,-8.9678752,-15.52221506,-3.62988527,-4.87513335,13.07695089,-14.55650541,2.69544302,-2.28555038,-13.68663969,16.81543046,8.17221346
52.535,23.90350483,-8.65546978,-15.28488909,-4.8794835,-5.19095307,12.44219692,-14.62377259,2.23318731,-2.58826466,-14.5988714,16.80606124,8.53950655
52.54,24.16725052,-8.33238414,-15.0233869,-6.18387312,-5.54455178,11.74340879,-14.66468732,1.75117957,-2.91022455,-15.57876121,16.73733733,8.90930248
52.545,24.42840736,-7.99910108,-14.75283584,-7.53003929,-5.92706774,10.98844827,-14.67957682,1.2492357,-3.25463839,-16.62328568,16.60668668,9.27689624
52.55,24.68289023,-7.65478389,-14.46670815,-8.90365949,-6.32458219,10.1944701,-14.66136912,0.72711902,-3.6121104,-17.7397502,16.40592141,9.64280455
52.555,24.92945112,-7.30046272,-14.15188141,-10.28902475,-6.74039949,9.35543829,-14.60139011,0.18967769,-3.97408918,-18.93791911,16.14544276,10.01715266
52.56,25.16285188,-6.93360571,-13.83753233,-11.6781895,-7.14419838,8.50471252,-14.50207499,-0.36950619,-4.33825015,-20.20965178,15.80862326,10.37996593
52.565,25.38093799,-6.55497813,-13.51819553,-13.05539267,-7.5344585,7.63836648,-14.35630935,-0.9512883,-4.7001452,-21.55850799,15.40174892,10.73634613
52.57,25.58206021,-6.16746532,-13.21323778,-14.41690523,-7.89199712,6.78249801,-14.16332116,-1.55230339,-5.05284988,-22.98415287,14.92041095,11.07381731
52.575,25.76544094,-5.77006485,-12.91945819,-15.75029233,-8.21093088,5.93594544,-13.91687273,-2.17649647,-5.39255693,-24.48671608,14.36563698,11.3935279
52.58,25.93102835,-5.36079544,-12.64417507,-17.04931509,-8.47190556,5.11081119,-13.61333597,-2.82550246,-5.70974172,-26.06288067,13.73039589,11.68960321
52.585,26.07948813,-4.94250277,-12.38774488,-18.3085413,-8.67272467,4.31305222,-13.24763812,-3.49632368,-5.99656409,-27.71398481,13.02367576,11.95648738
52.59,26.21199617,-4.51551059,-12.1541049,-19.52355788,-8.80044495,3.54838098,-12.81639156,-4.18786305,-6.24583646,-29.43629701,12.24675543,12.18894413
52.595,26.32827921,-4.08044675,-11.94546835,-20.69079874,-8.84832446,2.82654645,-12.3180903,-4.89979696,-6.45160171,-31.22517725,11.40053153,12.3822019
52.6,26.4323841,-3.63944824,-11.7659634,-21.80788722,-8.81682063,2.14487658,-11.74896475,-5.62791407,-6.60951428,-33.07338433,10.49015217,12.53475492
52.605,26.52466473,-3.1937603,-11.61345841,-22.8772173,-8.70174498,1.50894918,-11.11022698,-6.3694294,-6.7121003,-34.97574562,9.52382482,12.64358157
52.61,26.60853166,-2.74862875,-11.48342459,-23.88744374,-8.50315978,0.90289575,-10.39200186,-7.11519684,-6.75967416,-36.92798138,8.51792077,12.70464762
52.615,26.68105721,-2.29702699,-11.38880371,-24.84875344,-8.23380943,0.35502426,-9.60967184,-7.87017791,-6.74308253,-38.91143378,7.46366145,12.72180676
52.62,26.74738591,-1.84896084,-11.31239152,-25.75716481,-7.8767607,-0.1610752,-8.75716175,-8.61795732,-6.6649238,-40.92324233,6.38905654,12.6926839
52.625,26.79430502,-1.39950554,-11.2656936,-26.60344527,-7.46110094,-0.62327835,-7.84710756,-9.36070945,-6.5278766,-42.94516264,5.29597347,12.62050467
52.63,26.84322299,-0.96055653,-11.23918257,-27.39848011,-6.98195154,-1.06021978,-6.86532009,-10.08182488,-6.32394123,-44.97238593,4.20344747,12.49812393
52.635,26.91837985,-0.54470707,-11.21382248,-28.15761775,-6.40598616,-1.49405047,-5.80118357,-10.75514735,-6.05364339,-46.99320594,3.14064106,12.32492579
52.64,26.9026773,-0.10469267,-11.23886352,-28.81724225,-5.87082172,-1.81429622,-4.74966999,-11.44345048,-5.74913658,-48.98541739,2.07283087,12.13188841
52.645,26.90852982,0.30852934,-11.26403916,-29.43334969,-5.25971768,-2.13586503,-3.6216933,-12.07216657,-5.375845,-50.95173802,1.04712754,11.88653121
52.65,26.93625786,0.68325566,-11.27624256,-30.01771629,-4.56775694,-2.4523385,-2.43524638,-12.62473121,-4.96312666,-52.87545593,0.09655281,11.60096071
52.655,26.85113328,1.08931114,-11.31893537,-30.48629153,-3.96117461,-2.6825053,-1.29143149,-13.18190002,-4.52382738,-54.74160915,-0.82283855,11.31422932
52.66,26.83491611,1.43031107,-11.34108549,-30.9474822,-3.25679392,-2.92813554,-0.0558996,-13.62846434,-4.04048943,-56.55487155,-1.65307813,10.96249408
52.665,26.7412264,1.77586532,-11.38034152,-31.32377117,-2.60909727,-3.12531949,1.14612447,-14.04801726,-3.55016932,-58.29482573,-2.41494667,10.60244493
52.67,26.58154724,2.11966307,-11.42555139,-31.62234785,-2.01423897,-3.28727109,2.31914337,-14.42662109,-3.04968576,-59.95703003,-3.10299233,10.23966799
52.675,26.49535077,2.39213974,-11.42639417,-31.91189051,-1.33350368,-3.45237429,3.57154873,-14.67906677,-2.53620897,-61.5442439,-3.69086405,9.81764095
52.68,26.28674444,2.68471749,-11.45424217,-32.10570267,-0.77733921,-3.57714922,4.73693454,-14.92667543,-2.03920071,-63.0411672,-4.19617348,9.40343315
52.685,26.06296911,2.94767913,-11.448913,-32.22919618,-0.23548915,-3.68160106,5.91052139,-15.09191559,-1.53582992,-64.44492373,-4.61586218,8.95918554
52.69,25.85510397,3.16387022,-11.40703289,-32.32676947,0.33587558,-3.78160584,7.09112758,-15.16486288,-1.06346776,-65.75238129,-4.94806436,8.50477594
52.695,25.5454392,3.38918765,-11.38460527,-32.34378957,0.7758798,-3.8501893,8.18994132,-15.22844465,-0.61965412,-66.96105058,-5.19039231,8.04240068
52.7,25.2184184,3.58377742,-11.3310045,-32.30239468,1.20075173,-3.90647546,9.27386686,-15.21962474,-0.20143962,-68.06272945,-5.356638,7.56416795
52.705,24.86516858,3.75075113,-11.25398964,-32.21327098,1.589646,-3.94656619,10.32664064,-15.15614824,0.17484683,-69.05888657,-5.44974501,7.07978373
52.71,24.47175451,3.90102836,-11.16232301,-32.07283927,1.92992884,-3.97234535,11.33263879,-15.05167231,0.50813937,-69.94658432,-5.4704258,6.59594256
52.715,24.05020849,4.0274205,-11.04739325,-31.88112679,2.22382133,-3.97613941,12.30310579,-14.90356071,0.7964588,-70.7243367,-5.43760816,6.1059308
52.72,23.58670892,4.13934323,-10.92274097,-31.63525024,2.47375707,-3.96813454,13.22281599,-14.72596692,1.03962937,-71.38996875,-5.34217561,5.62146032
52.725,23.03038394,4.2281005,-10.78514152,-31.33232525,2.70789695,-4.01000514,14.03996045,-14.51897482,1.23668254,-71.93643586,-5.12144598,5.24934702
52.73,22.55794838,4.31302058,-10.62616523,-31.00257226,2.84035536,-3.90048782,14.92457262,-14.29754539,1.37976736,-72.38943815,-5.02200176,4.66949116
52.735,21.96645222,4.35921304,-10.48440139,-30.6011431,2.98977255,-3.89721813,15.68547823,-14.04105232,1.4919397,-72.71106047,-4.73881455,4.30273576
52.74,21.41829714,4.41028848,-10.2814129,-30.18931524,3.08027138,-3.75505374,16.45394826,-13.78735816,1.52140796,-72.93547659,-4.59944276,3.75045951
52.745,20.80373314,4.43480521,-10.11464923,-29.7312818,3.14868154,-3.68743693,17.15992957,-13.51218869,1.5592368,-73.06115774,-4.29625909,3.36702067
52.75,20.16395192,4.45360861,-9.90621426,-29.22479803,3.205952,-3.53634145,17.80099083,-13.2474726,1.48674931,-73.05356848,-4.11139821,2.90159079
52.755,19.49336447,4.45241892,-9.71177977,-28.68829071,3.23930665,-3.39503304,18.40299479,-12.9713646,1.40758557,-72.9517356,-3.86919999,2.50532434
52.76,18.8025384,4.44628297,-9.51736032,-28.11683357,3.25391506,-3.23773978,18.96763724,-12.70559835,1.29019414,-72.7497657,-3.63287223,2.14001963
52.765,18.09078719,4.42758052,-9.32412416,-27.51615273,3.25658244,-3.06210706,19.4916171,-12.44264952,1.13904209,-72.44837929,-3.40982218,1.80002284
52.77,17.35891512,4.39697416,-9.13481627,-26.88623112,3.25054255,-2.86753976,19.97761564,-12.18717801,0.95699411,-72.04987044,-3.20766845,1.48906474
52.775,16.60957728,4.35729188,-8.95115114,-26.23111862,3.24010783,-2.65272289,20.42551582,-11.93978675,0.74731117,-71.55769641,-3.03144,1.2051576
52.78,15.85069895,4.31199854,-8.77672621,-25.55233065,3.22627998,-2.42244823,20.84497738,-11.70506443,0.51569774,-70.97783115,-2.87923366,0.9499772
52.785,15.07859524,4.2580741,-8.61181804,-24.85435587,3.21483707,-2.17424344,21.23067647,-11.48091142,0.26208587,-70.31093272,-2.76060247,0.72268197
52.79,14.29752079,4.19697087,-8.45877959,-24.13525321,3.20399784,-1.90800272,21.58769343,-11.26718176,-0.00744459,-69.56101764,-2.67208097,0.52150369
52.795,13.50622028,4.12908017,-8.3204144,-23.4021594,3.19952187,-1.62275676,21.91285255,-11.06442137,-0.29110911,-68.72946207,-2.61795223,0.34543386
52.8,12.7218512,4.06080533,-8.19724404,-22.65548249,3.19889374,-1.33054638,22.22536489,-10.87495056,-0.58194166,-67.82752184,-2.5917861,0.19674925
52.805,11.93309823,3.98759215,-8.08821545,-21.89910322,3.20835063,-1.02239033,22.51044116,-10.6971871,-0.88401038,-66.85070232,-2.5973029,0.06805228
52.81,11.14629934,3.91048693,-7.99550578,-21.13547014,3.21987376,-0.69870208,22.7755845,-10.52913855,-1.19030785,-65.80417063,-2.62910267,-0.03968585
52.815,10.36401254,3.83565399,-7.919467,-20.36488684,3.24730606,-0.36807128,23.02454196,-10.37173489,-1.49570226,-64.69261213,-2.68463132,-0.12834556
52.82,9.58846513,3.75969966,-7.86349244,-19.59259951,3.28441112,-0.02559255,23.25434657,-10.22624556,-1.80470158,-63.51693467,-2.76089238,-0.20179072
52.825,8.82386851,3.68432241,-7.81244686,-18.81904478,3.32434744,0.32679759,23.47212364,-10.08445784,-2.10674475,-62.27997748,-2.85475802,-0.25756285
52.83,8.07064346,3.61230491,-7.79098229,-18.04910747,3.37658433,0.68219953,23.67702004,-9.95895689,-2.4111146,-60.98583602,-2.95696386,-0.30119798
52.835,7.33615144,3.54348938,-7.77166653,-17.28247562,3.42849073,1.04265879,23.87578921,-9.83589419,-2.70257449,-59.63540435,-3.06748626,-0.32815244
52.84,6.61152769,3.48052147,-7.79077422,-16.52777167,3.49671262,1.40716495,24.05742927,-9.73113801,-2.99943594,-58.23125,-3.1730509,-0.35141044
52.845,5.91348242,3.42061097,-7.78585463,-15.7782398,3.56291971,1.77225116,24.23711725,-9.62013493,-3.27244216,-56.77080468,-3.28685702,-0.35359525
52.85,5.22358697,3.3669705,-7.81937638,-15.04294943,3.64618167,2.14543635,24.39487764,-9.52511537,-3.55016492,-55.25813175,-3.38643615,-0.35609649
52.855,4.55474921,3.32111502,-7.86408811,-14.32268798,3.7342781,2.51944865,24.544448,-9.43743376,-3.81613377,-53.69383465,-3.47075711,-0.34956188
52.86,3.91710135,3.28183607,-7.89850068,-13.61996123,3.82284411,2.88086543,24.6946168,-9.35201074,-4.06561186,-52.08281778,-3.54419215,-0.32681465
52.865,3.29886846,3.25100103,-7.9448149,-12.93644038,3.91905427,3.24057957,24.8306847,-9.27549827,-4.30750572,-50.42012982,-3.59574988,-0.29765268
52.87,2.71139654,3.23032321,-7.98554424,-12.27408616,4.01264122,3.58607243,24.96363011,-9.20226292,-4.52898919,-48.70884321,-3.6230972,-0.25650107
52.875,2.13551533,3.21754813,-8.04086269,-11.63662457,4.12654502,3.93890773,25.06993663,-9.13976307,-4.74889258,-46.94633575,-3.62378984,-0.21164173
52.88,1.58396173,3.21626777,-8.11127109,-11.02480599,4.24604033,4.27926019,25.16393283,-9.08829959,-4.95941918,-45.13641976,-3.59078776,-0.16045364
52.885,1.14532432,3.23968216,-8.15926892,-10.43649047,4.26757556,4.46408104,25.34906195,-9.03416662,-5.10500525,-43.29617723,-3.5067642,-0.10806433
52.89,0.55843913,3.24184685,-8.19134765,-9.88160203,4.50504839,4.91713276,25.30905941,-8.9961711,-5.33002379,-41.36967306,-3.45091622,-0.01632148
52.895,0.15655529,3.28529989,-8.24603636,-9.34980168,4.54496189,5.08605553,25.45085648,-8.95214562,-5.44054046,-39.43252854,-3.31148216,0.03735135
52.9,-0.38753309,3.31276525,-8.2703705,-8.85384411,4.79772707,5.51239434,25.37274224,-8.93480782,-5.64252785,-37.41826409,-3.19740829,0.16918288
52.905,-0.75513484,3.37979971,-8.30844465,-8.38302553,4.86902352,5.66287014,25.46624491,-8.90462735,-5.71664386,-35.39366074,-3.01528458,0.2300757
52.91,-1.27040396,3.43353897,-8.31051819,-7.94917877,5.14553731,6.06751913,25.33239913,-8.91053798,-5.90008773,-33.29765152,-2.85569037,0.40599301
52.915,-1.60572102,3.5240002,-8.33401829,-7.54636263,5.24901489,6.19574897,25.37506983,-8.89835368,-5.94086405,-31.20172948,-2.64338264,0.4765457
52.92,-2.10769015,3.61191582,-8.33382349,-7.16891961,5.54366506,6.56872545,25.18522382,-8.92884088,-6.08932653,-29.04954598,-2.43869213,0.6815479
52.925,-2.41377001,3.72379681,-8.31790217,-6.83902135,5.69301701,6.68021256,25.17108512,-8.94130051,-6.11928695,-26.89841401,-2.23721513,0.77465524
52.93,-2.8784982,3.83714594,-8.25612661,-6.53790537,6.02027636,7.00079972,24.93971292,-9.00191387,-6.26309599,-24.71420964,-2.06454497,1.00969206
52.935,-3.2809387,3.97498812,-8.23053018,-6.26471968,6.28546079,7.21941197,24.76174052,-9.05846739,-6.32547853,-22.54394522,-1.86639719,1.19119278
52.94,-3.6648759,4.12842644,-8.17882034,-6.02759064,6.57493295,7.41235914,24.57515965,-9.13270826,-6.38347296,-20.3872851,-1.69594354,1.37381086
52.945,-4.06127201,4.28801568,-8.13290633,-5.82888965,6.87812258,7.61155363,24.35377614,-9.21244645,-6.42797444,-18.25592778,-1.52356451,1.56931105
52.95,-4.44859919,4.46784935,-8.06263903,-5.65952798,7.2149815,7.79067422,24.128164,-9.31714306,-6.48480744,-16.16913641,-1.40541002,1.76630342
52.955,-4.78713746,4.64136253,-7.97292814,-5.54564207,7.57343512,7.91168534,23.9267194,-9.41567645,-6.5320944,-14.13501323,-1.3169961,1.94196884
52.96,-5.23485754,4.8236984,-7.9188769,-5.43409706,7.94251717,8.14326432,23.62563171,-9.52373025,-6.58483458,-12.17597561,-1.20120965,2.17440057
52.965,-5.61960695,5.01021717,-7.8386462,-5.37908123,8.34941377,8.30274955,23.38190167,-9.63740566,-6.63262997,-10.31759981,-1.14461572,2.38199381
52.97,-6.02671868,5.20937391,-7.76693823,-5.36469846,8.76337065,8.4916371,23.12626663,-9.7628381,-6.66228916,-8.58065146,-1.09789133,2.60900693
52.975,-6.41628057,5.38696394,-7.70201905,-5.38919525,9.20714156,8.65798651,22.89251064,-9.86671506,-6.70495388,-6.96244774,-1.06826638,2.81725795
52.98,-6.80639918,5.55960091,-7.63988449,-5.45161983,9.66733743,8.8279776,22.67593483,-9.96264263,-6.73473531,-5.48538617,-1.05633801,3.02283457
52.985,-7.18523614,5.70759046,-7.58808115,-5.56153926,10.14129712,8.99474798,22.47933996,-10.03397325,-6.76205357,-4.15092582,-1.05916943,3.21216802
52.99,-7.54126317,5.82669027,-7.54175751,-5.71570291,10.64797511,9.12437662,22.31976026,-10.07381008,-6.79296462,-2.9686311,-1.07549932,3.36779036
52.995,-7.90346737,5.9227274,-7.52460325,-5.91501489,11.14069334,9.2857503,22.16876276,-10.08874835,-6.80820404,-1.94165646,-1.09949264,3.51869554
53,-8.27136021,5.98972432,-7.53242446,-6.16049474,11.62985075,9.48334169,22.02747152,-10.07364844,-6.8160274,-1.0734929,-1.14182522,3.65963431
53.005,-8.56461101,6.02000995,-7.53092634,-6.48794982,12.11344514,9.57340608,21.95910812,-10.02166299,-6.80165393,-0.37527413,-1.19426541,3.75364519
53.01,-8.91274329,5.99991731,-7.58070791,-6.82586146,12.61533955,9.78439522,21.85605751,-9.91969978,-6.8174375,0.18185621,-1.26746526,3.82528426
53.015,-9.21031991,5.96095787,-7.62434763,-7.21554758,13.08265547,9.91562714,21.81626831,-9.79445025,-6.79379101,0.57754768,-1.35100186,3.87434364
53.02,-9.50655418,5.87089479,-7.73441786,-7.68738202,13.54689984,10.12316644,21.77357109,-9.6250693,-6.78736123,0.80854415,-1.47178065,3.8834348
53.025,-9.76473575,5.74728357,-7.83649658,-8.20609161,13.9834759,10.27082195,21.77627567,-9.42227018,-6.75806242,0.88927463,-1.60504121,3.8650277
53.03,-9.99598167,5.58119695,-7.9602124,-8.78788145,14.3960358,10.41441304,21.80306462,-9.18288342,-6.7252401,0.82319381,-1.7643317,3.80909794
53.035,-10.19702626,5.37667707,-8.10645497,-9.43568528,14.77305808,10.55251243,21.85415275,-8.91170742,-6.67968403,0.61681006,-1.94844631,3.71833888
53.04,-10.36611436,5.13491614,-8.26338899,-10.14832512,15.11179306,10.67922812,21.93385496,-8.61111675,-6.62632037,0.26909621,-2.16205428,3.59306851
53.045,-10.49951162,4.85898366,-8.43395532,-10.93010644,15.40551542,10.7909168,22.03931233,-8.28758503,-6.56788648,-0.20951738,-2.40499433,3.4344746
53.05,-10.59558438,4.55090175,-8.62133538,-11.78259048,15.65092848,10.902195,22.17058785,-7.94281847,-6.49810501,-0.8114389,-2.68269648,3.23221448
53.055,-10.64913147,4.21393983,-8.82253758,-12.70863177,15.83592161,11.00297972,22.32735284,-7.58285483,-6.41470158,-1.52674074,-2.98890263,2.98909377
53.06,-10.65750991,3.85056703,-9.02101873,-13.71324609,15.96107259,11.07984528,22.50751084,-7.2122761,-6.32835805,-2.34717443,-3.32557539,2.71989113
53.065,-10.61613643,3.46354224,-9.22457131,-14.79710918,16.01823392,11.14554432,22.7089114,-6.83720962,-6.22808113,-3.25878338,-3.69022074,2.41102772
53.07,-10.52610602,3.05490578,-9.42049513,-15.96096458,16.00410892,11.18806121,22.92866218,-6.45778371,-6.1272253,-4.25096688,-4.07661051,2.08087813
53.075,-10.3778478,2.62795225,-9.61249075,-17.20978907,15.91071761,11.21748874,23.16810546,-6.08072109,-6.00986793,-5.3148756,-4.48123872,1.71092876
53.08,-10.18048594,2.18201294,-9.79132061,-18.54294642,15.73693188,11.21760084,23.41010635,-5.70881518,-5.90800582,-6.4321193,-4.89225284,1.34777299
53.085,-9.92527385,1.71949694,-9.95917621,-19.95712852,15.47705128,11.20097893,23.66131156,-5.34419158,-5.80416072,-7.59290683,-5.30466552,0.96297947
53.09,-9.60332392,1.24473052,-10.09857071,-21.46077999,15.12171514,11.16760341,23.92205251,-4.98654035,-5.67004501,-8.78775801,-5.69374833,0.55104213
53.095,-9.23000892,0.74989831,-10.23068693,-23.04863461,14.68126232,11.10957815,24.1673336,-4.64292801,-5.59063122,-9.99539533,-6.08201817,0.17142519
53.1,-8.78123096,0.24308836,-10.32774885,-24.71851264,14.14314987,11.03020052,24.42298148,-4.30797633,-5.48633523,-11.21561737,-6.43499466,-0.23770268
53.105,-8.29300291,-0.28607468,-10.40824183,-26.45619482,13.50485963,10.93808692,24.65339349,-3.9814705,-5.42884754,-12.43673661,-6.74518678,-0.6039574
53.11,-7.70270823,-0.82244487,-10.4545423,-28.30252433,12.78323212,10.8078649,24.8857112,-3.67019976,-5.33769709,-13.62670097,-6.99703708,-1.00163653
53.115,-7.071329,-1.38521075,-10.47359293,-30.20410302,11.95950126,10.6699046,25.08889411,-3.36283249,-5.29477779,-14.79847322,-7.20270725,-1.35172282
53.12,-6.35470763,-1.95390575,-10.46893276,-32.17484519,11.05308289,10.48966838,25.2990206,-3.06808362,-5.25050645,-15.94684235,-7.31911752,-1.72162146
53.125,-5.60194986,-2.55586259,-10.42018182,-34.20579108,10.04139592,10.31965496,25.44710978,-2.77494419,-5.25477754,-17.03560304,-7.41123707,-2.01451258
53.13,-4.77518058,-3.16856455,-10.35302318,-36.28467237,8.94659196,10.11079302,25.59853574,-2.48976214,-5.28154433,-18.09986139,-7.4076026,-2.31957111
53.135,-3.87590604,-3.7916273,-10.23917061,-38.41398968,7.79387069,9.86817415,25.72997338,-2.20508004,-5.29020074,-19.10565952,-7.31768911,-2.60476472
53.14,-2.9254601,-4.43129369,-10.09803661,-40.5742651,6.56521175,9.60720899,25.83423571,-1.92263837,-5.34284826,-20.06057762,-7.16909746,-2.86176544
53.145,-1.91888032,-5.07921709,-9.92667242,-42.75131164,5.28756904,9.31271177,25.91913098,-1.64142787,-5.39935901,-20.96425704,-6.93188217,-3.10491305
53.15,-0.85339473,-5.72224075,-9.73912451,-44.93359913,3.98543592,8.97532918,26.00274271,-1.36627599,-5.46072082,-21.8285667,-6.58258157,-3.34547484
53.155,0.2327336,-6.37504085,-9.5064504,-47.10910265,2.64256768,8.63446105,26.02104552,-1.08466297,-5.54484048,-22.60762651,-6.21453374,-3.54189255
53.16,1.35523942,-7.02373441,-9.24932838,-49.26535145,1.29001188,8.25791043,26.01056287,-0.80619063,-5.64149992,-23.3261537,-5.78853353,-3.72143399
53.165,2.51308026,-7.65659959,-8.98215571,-51.38763283,-0.05491814,7.84226703,25.98647353,-0.53609741,-5.7482545,-23.99914689,-5.28746431,-3.89296391
53.17,3.68481292,-8.27648178,-8.68602401,-53.46806579,-1.37950674,7.40768869,25.91131553,-0.26430536,-5.85469632,-24.59413411,-4.7592903,-4.04199185
53.175,4.8710411,-8.87462891,-8.37393942,-55.49531325,-2.6672512,6.94383937,25.79841748,0.00306799,-5.96136993,-25.12176112,-4.19711178,-4.17759153
53.18,6.06116143,-9.44707797,-8.05116464,-57.46032592,-3.90042624,6.45521692,25.64294597,0.26614856,-6.06673366,-25.58223084,-3.61013658,-4.3049878
53.185,7.25424302,-9.98798409,-7.71991561,-59.35403042,-5.07298061,5.94018962,25.44698469,0.52218764,-6.16646631,-25.9730082,-3.01025745,-4.42069874
53.19,8.41559403,-10.5140199,-7.38644464,-61.17002819,-6.16746404,5.4443613,25.17481439,0.78471614,-6.27985402,-26.27980728,-2.45579106,-4.52500144
53.195,9.60696084,-10.98053414,-7.04243781,-62.9031481,-7.19468916,4.86551299,24.89797824,1.02179125,-6.36426822,-26.52779773,-1.85797186,-4.62513143
53.2,10.76898086,-11.4039226,-6.73160717,-64.54175389,-8.11376382,4.29388932,24.58374585,1.24391452,-6.43167228,-26.72855686,-1.25626377,-4.7291499
53.205,11.90952959,-11.79104455,-6.41011821,-66.0852739,-8.9461356,3.71448397,24.20390276,1.46622786,-6.48987525,-26.82834813,-0.70891109,-4.81952843
53.21,13.03600811,-12.12214891,-6.11802891,-67.52873682,-9.69056444,3.10479692,23.80531176,1.66184592,-6.52666799,-26.88256937,-0.15508905,-4.91555635
53.215,14.12209047,-12.41889889,-5.84208463,-68.86707817,-10.32725783,2.50996433,23.34818453,1.8509953,-6.55391527,-26.86301521,0.32664527,-4.99989026
53.22,15.17713972,-12.66884994,-5.59463022,-70.09742116,-10.87345011,1.91219533,22.85295762,2.02309192,-6.5625909,-26.77824782,0.78167283,-5.08879778
53.225,16.19964463,-12.87866486,-5.37633738,-71.21931244,-11.32894891,1.31138386,22.32213173,2.17757248,-6.55830974,-26.63652383,1.18697113,-5.17191167
53.23,17.18595567,-13.03138419,-5.19307031,-72.22374074,-11.7018218,0.71193588,21.7602703,2.30659131,-6.52610484,-26.43259163,1.55948471,-5.25449563
53.235,18.12371563,-13.16874035,-5.04182261,-73.11835892,-11.96860819,0.15378992,21.14743662,2.43296491,-6.49408763,-26.16214174,1.85515381,-5.32606919
53.24,19.02086548,-13.25405433,-4.93140151,-73.90256222,-12.15826913,-0.38273938,20.51721945,2.53057947,-6.43584471,-25.86009549,2.12262725,-5.4030354
53.245,19.87923558,-13.29581999,-4.86793632,-74.55820559,-12.30220484,-0.93276097,19.85883446,2.59724052,-6.36658521,-25.49013875,2.34340602,-5.47159747
53.25,20.68749825,-13.3123856,-4.83905579,-75.10848969,-12.35088259,-1.40899131,19.17282375,2.65326528,-6.2826029,-25.08494886,2.51160694,-5.52903896
53.255,21.45216704,-13.30193153,-4.85724611,-75.54378386,-12.25643111,-1.7238601,18.46967715,2.6827328,-6.18879297,-24.64133,2.69290619,-5.59808638
53.26,22.17138077,-13.2592932,-4.9040445,-75.86662166,-12.29469811,-2.26101503,17.73850065,2.69826836,-6.08189618,-24.15653485,2.72050893,-5.62307824
53.265,22.87165133,-13.18601894,-4.97279998,-76.09231936,-12.12718487,-2.54110622,17.01952017,2.68442991,-5.97487327,-23.65793351,2.80462635,-5.65442321
53.27,23.47524724,-13.11213323,-5.12132039,-76.18611647,-12.04010947,-2.89277528,16.24318353,2.66141014,-5.84510813,-23.10485412,2.79759135,-5.67390856
53.275,24.0642276,-13.00969057,-5.27954388,-76.18715086,-11.86019725,-3.11548883,15.48123359,2.61277659,-5.71915917,-22.54296074,2.79363617,-5.68111667
53.28,24.60855274,-12.8936125,-5.47168679,-76.08469197,-11.66100973,-3.27135173,14.71101202,2.54658351,-5.58928984,-21.96173351,2.76695274,-5.67528303
53.285,25.11654457,-12.76964121,-5.69182394,-75.88525145,-11.44743732,-3.35756723,13.93986738,2.46659455,-5.45812557,-21.36621687,2.72377221,-5.65249024
53.29,25.66659599,-12.61313975,-5.89587529,-75.59902626,-11.22771562,-3.40439508,13.23203068,2.35594394,-5.38325112,-20.767342,2.66061036,-5.60664212
53.295,26.01927592,-12.49865426,-6.20527732,-75.20151885,-11.00971544,-3.31886849,12.39959853,2.26333331,-5.19185948,-20.14915756,2.6088692,-5.56382858
53.3,26.41607493,-12.35579388,-6.48382572,-74.72754879,-10.7974296,-3.1914193,11.62842021,2.14691201,-5.05747056,-19.53198847,2.54087614,-5.50174598
53.305,26.78192589,-12.22171484,-6.7899773,-74.167557,-10.60231752,-2.997625,10.867997,2.02323634,-4.93656952,-18.91533973,2.47981152,-5.42830871
53.31,27.11669168,-12.08892346,-7.10165028,-73.52890855,-10.42181951,-2.73761039,10.11153873,1.89703422,-4.8117132,-18.29995231,2.42314044,-5.34197414
53.315,27.43085868,-11.95639561,-7.42236405,-72.81512396,-10.26824193,-2.42310111,9.37062015,1.76344788,-4.69827093,-17.69016187,2.36999219,-5.24480053
53.32,27.7103369,-11.83275645,-7.74572843,-72.02397382,-10.13348789,-2.04679761,8.6333321,1.63477506,-4.57944828,-17.08808594,2.33047213,-5.13736774
53.325,27.96543116,-11.71817779,-8.08140015,-71.16256945,-10.03029656,-1.61766727,7.9104498,1.502988,-4.47722437,-16.49700703,2.30169982,-5.02393609
53.33,28.19717141,-11.60888368,-8.4040113,-70.23660803,-9.9439293,-1.14333637,7.19214735,1.38236176,-4.35876113,-15.91101167,2.29080379,-4.90002599
53.335,28.40694483,-11.50990561,-8.73423147,-69.24235003,-9.89096641,-0.62757963,6.49031082,1.26263761,-4.25761004,-15.34003673,2.29337838,-4.77312221
53.34,28.59317213,-11.42332537,-9.06669333,-68.18608723,-9.85911131,-0.07736198,5.80030337,1.14929526,-4.17190887,-14.78065453,2.30869212,-4.64270276
53.345,28.76699814,-11.3476935,-9.39992929,-67.06556012,-9.86977419,0.49670048,5.13424768,1.04340049,-4.09250893,-14.240529,2.34630225,-4.51721649
53.35,28.90808659,-11.27561086,-9.70869896,-65.88697706,-9.87199132,1.10909373,4.46174506,0.95487498,-3.98643885,-13.70986659,2.4013572,-4.37651607
53.355,29.03262319,-11.21453391,-10.0241813,-64.64664837,-9.90445344,1.73967946,3.81014806,0.86962848,-3.90620187,-13.19614782,2.46950778,-4.24122154
53.36,29.14040241,-11.16332033,-10.33397007,-63.34792755,-9.95248128,2.38147534,3.17357036,0.79659849,-3.8322074,-12.69828911,2.55338169,-4.10839441
53.365,29.22446742,-11.11662781,-10.63367018,-61.99042088,-10.00278056,3.04041727,2.54661606,0.73513043,-3.76152696,-12.21557582,2.65163108,-3.97333494
53.37,29.29415084,-11.07722821,-10.92774831,-60.57445743,-10.06447805,3.70185032,1.93830618,0.68510086,-3.69501898,-11.75100535,2.766528,-3.84554042
53.375,29.34042155,-11.04094365,-11.21175892,-59.10018303,-10.11999153,4.37456049,1.33876361,0.6453587,-3.63208889,-11.29977822,2.89379695,-3.7167909
53.38,29.3658906,-11.00730464,-11.48751702,-57.56612455,-10.17026235,5.04825469,0.75117418,0.616623,-3.57718234,-10.86466922,3.03149475,-3.5910031
53.385,29.37304161,-10.97497326,-11.75440749,-55.97205952,-10.21147828,5.71928595,0.17938711,0.59910837,-3.52458062,-10.44547648,3.18230934,-3.47099985
53.39,29.35867003,-10.94171892,-12.01237041,-54.31688656,-10.23877519,6.39024726,-0.379361,0.59115725,-3.47613819,-10.04242796,3.34312112,-3.35516959
53.395,29.32064281,-10.90433033,-12.25842776,-52.59926955,-10.24551412,7.0577515,-0.92717421,0.59229031,-3.43605602,-9.65420874,3.50981739,-3.24153437
53.4,29.25622647,-10.86991249,-12.50417974,-50.81966689,-10.2283853,7.72743246,-1.46317999,0.60365565,-3.40281986,-9.28227754,3.69055987,-3.13334413
53.405,29.1660419,-10.82343141,-12.72794049,-48.97606149,-10.1808627,8.39214532,-1.99182644,0.62331394,-3.36708982,-8.9224686,3.87506396,-3.0232918
53.41,29.05426295,-10.76366918,-12.93235915,-47.06760902,-10.10272262,9.04198381,-2.50573545,0.64672668,-3.3426785,-8.57593987,4.06036833,-2.91767507
53.415,28.91602989,-10.70235879,-13.13056741,-45.09459137,-10.00030746,9.68930135,-3.00578855,0.68186194,-3.31494714,-8.24607499,4.25773959,-2.81728254
53.42,28.74798461,-10.62690278,-13.30990529,-43.0553213,-9.86129841,10.32866323,-3.49647501,0.72084087,-3.29527211,-7.93032471,4.45645146,-2.71863657
53.425,28.54307238,-10.54649782,-13.47792346,-40.95301307,-9.67776557,10.95907278,-3.98526612,0.76905746,-3.2848526,-7.62617454,4.66344511,-2.61838283
53.43,28.31000196,-10.45702005,-13.62697879,-38.78829131,-9.46733795,11.57589654,-4.46199494,0.82483645,-3.27388313,-7.33662666,4.87626484,-2.52025655
53.435,28.04804464,-10.36177954,-13.75817938,-36.56659883,-9.22325195,12.17249782,-4.93122196,0.89062667,-3.26950631,-7.05820215,5.09472257,-2.42506017
53.44,27.75252764,-10.26339683,-13.86995888,-34.29151424,-8.94733626,12.75131617,-5.3972319,0.9679405,-3.26727904,-6.792083,5.32142616,-2.32826018
53.445,27.42424003,-10.1587213,-13.953539,-31.96813979,-8.64446545,13.30757088,-5.85934866,1.05436028,-3.26148375,-6.54196926,5.55434414,-2.22678422
53.45,27.07707561,-10.05451051,-14.01844058,-29.60106076,-8.35929472,13.85417249,-6.29564185,1.1480939,-3.23632274,-6.32040414,5.79463829,-2.13263831
53.455,26.70477632,-9.95267038,-14.05673324,-27.2068826,-8.03889973,14.34578322,-6.73471941,1.25685651,-3.22350202,-6.10371189,6.0414857,-2.03993828
53.46,26.3018137,-9.86284087,-14.07546432,-24.79544731,-7.71213056,14.80561495,-7.17834651,1.38139786,-3.20326136,-5.89992598,6.30243974,-1.93779857
53.465,25.8854715,-9.78320977,-14.06865381,-22.37969494,-7.3905235,15.21549479,-7.61285008,1.52000742,-3.17705594,-5.71454578,6.57365465,-1.83730543
53.47,25.45533599,-9.7161951,-14.03798941,-19.97756169,-7.06947655,15.5750555,-8.04676483,1.67322517,-3.14452399,-5.54603223,6.8564998,-1.73109723
53.475,25.01774055,-9.66934869,-13.99087893,-17.60263767,-6.77105878,15.88454296,-8.47313432,1.84045846,-3.09854271,-5.3994533,7.1528968,-1.62268309
53.48,24.57818104,-9.64128308,-13.92806429,-15.27684609,-6.48329833,16.14034995,-8.89678055,2.02088401,-3.04753358,-5.27177797,7.46110829,-1.50907252
53.485,24.14753672,-9.63534172,-13.85286924,-13.01999925,-6.21766461,16.34498356,-9.3077737,2.21324941,-2.97726279,-5.17174672,7.78163175,-1.39484366
53.49,23.73224232,-9.64937798,-13.77714149,-10.86118116,-5.9597148,16.50290753,-9.71197761,2.41306895,-2.90691691,-5.09658029,8.11924789,-1.28106186
53.495,23.32849604,-9.67598856,-13.70571613,-8.81345013,-5.71050263,16.6263898,-10.11588369,2.6116538,-2.82773121,-5.04619953,8.46885478,-1.14828881
53.5,22.9638239,-9.71809926,-13.63493343,-6.90303512,-5.46674915,16.70870849,-10.49875379,2.81137794,-2.73933804,-5.03110064,8.83732917,-1.02370552
53.505,22.69111909,-9.79881388,-13.54329929,-5.1662596,-5.23624426,16.75196275,-10.82686211,3.04163172,-2.62284625,-5.05659941,9.23367677,-0.97338961
53.51,22.38354682,-9.85290287,-13.51362862,-3.55846315,-5.00385918,16.76983968,-11.19115387,3.21803177,-2.51356085,-5.11485089,9.63465446,-0.83732098
53.515,22.06537091,-9.85772576,-13.5197447,-2.0931223,-4.7805027,16.7943535,-11.58600287,3.33289296,-2.4628706,-5.19512729,10.02745336,-0.59162123
53.52,21.8459825,-9.88425787,-13.52199409,-0.82445134,-4.5575935,16.78451425,-11.91731823,3.45908567,-2.3796247,-5.33050119,10.45016367,-0.42553781
53.525,21.66404985,-9.89032338,-13.54871479,0.27160109,-4.34526381,16.75426454,-12.22844213,3.54907103,-2.29883687,-5.5178112,10.87338093,-0.257069
53.53,21.55076681,-9.89442279,-13.58615772,1.17446061,-4.14006938,16.71302441,-12.50042747,3.63003346,-2.21802063,-5.76361443,11.29159633,-0.16994456
53.535,21.40033479,-9.82423352,-13.68412921,1.93944932,-3.96855748,16.66679624,-12.81544674,3.61356409,-2.18895014,-6.03276989,11.74429505,0.15299904
53.54,21.32698802,-9.74660077,-13.78235875,2.50607422,-3.79023802,16.60923128,-13.07732064,3.58283541,-2.15625197,-6.37410854,12.18043445,0.37151946
53.545,21.28680197,-9.63623575,-13.90222181,2.8965804,-3.63497602,16.54267557,-13.32330918,3.50786556,-2.15362763,-6.77199974,12.61455037,0.6046649
53.55,21.29920253,-9.49742599,-14.02546773,3.11772029,-3.47016651,16.453245,-13.53789059,3.39597367,-2.11816522,-7.20802646,13.00504266,0.70292653
53.555,21.30675707,-9.32228911,-14.20056143,3.16310458,-3.39285272,16.36879727,-13.74785444,3.21649456,-2.18843509,-7.74996544,13.44436838,1.10086989
53.56,21.35814052,-9.1200529,-14.36006678,3.05296974,-3.30661815,16.26684564,-13.93104262,3.00625773,-2.25139871,-8.33540111,13.83319033,1.36936853
53.565,21.44134957,-8.88781977,-14.53155737,2.77563904,-3.25740887,16.14393284,-14.09462874,2.74826711,-2.34891559,-8.98312688,14.20064255,1.66541733
53.57,21.55254042,-8.63743104,-14.70272374,2.34423039,-3.24776263,16.00082657,-14.23589779,2.45480217,-2.4717932,-9.69837442,14.5325928,1.96610299
53.575,21.6894813,-8.36374979,-14.86423971,1.7653335,-3.27507382,15.83064744,-14.35479951,2.12185601,-2.63328049,-10.48342614,14.82598716,2.28733869
53.58,21.85140671,-8.08215849,-15.02080569,1.04737828,-3.35405239,15.62819379,-14.44844146,1.75811296,-2.81543498,-11.3383997,15.08309648,2.61009344
53.585,22.03517928,-7.78340234,-15.14196723,0.20138717,-3.47208393,15.3860466,-14.51746467,1.3610147,-3.03916195,-12.26735457,15.28840306,2.96394498
53.59,22.24166819,-7.4817539,-15.24715739,-0.76646937,-3.64623165,15.09965921,-14.55674708,0.93910611,-3.28465398,-13.27133517,15.44654002,3.31415918
53.595,22.46771165,-7.17414025,-15.31342908,-1.84250055,-3.86002796,14.76397173,-14.56759422,0.49327113,-3.55993277,-14.34950627,15.54230798,3.67139512
53.6,22.71255637,-6.86814784,-15.36089508,-3.01606733,-4.1300245,14.38082379,-14.54520194,0.02610736,-3.8546656,-15.50102786,15.58194581,4.01654197
53.605,22.97336992,-6.55727721,-15.33706876,-4.27037562,-4.4359764,13.93290691,-14.48438322,-0.45918156,-4.17317152,-16.735846,15.55207961,4.38589016
53.61,23.24703395,-6.25038977,-15.30076438,-5.59804609,-4.77975702,13.44165521,-14.38790702,-0.96026164,-4.5094907,-18.04411132,15.44800669,4.72682295
53.615,23.53196273,-5.94045418,-15.19266857,-6.97648448,-5.14906242,12.88905821,-14.24512694,-1.47588492,-4.85328017,-19.43542775,15.26700304,5.07623016
53.62,23.82331119,-5.63494128,-15.02977977,-8.39529763,-5.53949137,12.29487294,-14.05624222,-2.0019932,-5.19721138,-20.90534104,15.01073923,5.40799542
53.625,24.12278262,-5.32596042,-14.83067898,-9.84233357,-5.94558472,11.65317025,-13.81403555,-2.54470369,-5.54414083,-22.45349975,14.67745327,5.7195305
53.63,24.42191329,-5.01798203,-14.60821826,-11.30696343,-6.33656996,10.99209033,-13.52478359,-3.09469258,-5.87677139,-24.0739877,14.25319814,5.99879001
53.635,24.71594704,-4.70369735,-14.35417507,-12.76591912,-6.71657174,10.30924044,-13.17583006,-3.66424239,-6.19331424,-25.77216534,13.74492624,6.24741087
53.64,25.0045045,-4.38502537,-14.08282228,-14.21248035,-7.07174579,9.61256083,-12.76826548,-4.24658605,-6.48474123,-27.54301613,13.15343455,6.45936676
53.645,25.28688311,-4.06101167,-13.79205476,-15.63615991,-7.37850523,8.90471115,-12.29743605,-4.8413783,-6.74497712,-29.38217424,12.4818549,6.63087095
53.65,25.55428684,-3.72701146,-13.50125442,-17.02197925,-7.64212706,8.20961,-11.76428253,-5.45438834,-6.96551159,-31.2846487,11.72760342,6.75446605
53.655,25.80904796,-3.38770022,-13.20926499,-18.36711416,-7.8373115,7.52309025,-11.16573719,-6.07803705,-7.1401341,-33.24463553,10.90225401,6.82981594
53.66,26.04875364,-3.03886952,-12.92733994,-19.65842107,-7.96806295,6.85135767,-10.49748528,-6.71728028,-7.26847663,-35.25987702,10.00614748,6.8519144
53.665,26.2750397,-2.68251097,-12.65672905,-20.90097823,-8.02013283,6.19972918,-9.76447003,-7.36513474,-7.33707639,-37.31377641,9.04977871,6.82268789
53.67,26.49202436,-2.32219517,-12.39599816,-22.08989103,-7.98870868,5.56239349,-8.96057368,-8.01504005,-7.347596,-39.40194055,8.045706,6.73964329
53.675,26.6818987,-1.954306,-12.16608448,-23.2117514,-7.88500641,4.96895746,-8.09844631,-8.67191844,-7.29986975,-41.51319641,7.00034413,6.60293187
53.68,26.8554341,-1.58534078,-11.95185832,-24.27411637,-7.6914985,4.39768333,-7.17590719,-9.32150414,-7.1921283,-43.6346301,5.92849895,6.41873802
53.685,27.00661872,-1.21524407,-11.76321832,-25.27151292,-7.42644936,3.85872333,-6.19899532,-9.96248468,-7.02703876,-45.75493472,4.84532989,6.1839702
53.69,27.13762918,-0.84637965,-11.5955414,-26.20112407,-7.08345302,3.34325372,-5.16720209,-10.58644898,-6.80013766,-47.86389787,3.75868615,5.90407027
53.695,27.27732223,-0.49847124,-11.42432727,-27.08544654,-6.64065962,2.82502485,-4.07062612,-11.16191955,-6.52393811,-49.94700269,2.69031337,5.58065209
53.7,27.33323971,-0.12995754,-11.31520959,-27.8644145,-6.1999143,2.39519866,-2.96770852,-11.74797333,-6.18913256,-51.99901358,1.65146475,5.2214739
53.705,27.37709127,0.21757083,-11.21226476,-28.58319272,-5.67846875,1.96942893,-1.8196158,-12.2838476,-5.8135551,-54.00509769,0.64687037,4.83063245
53.71,27.42973667,0.53648432,-11.10581696,-29.25896098,-5.08822505,1.54928802,-0.62226644,-12.75323346,-5.40295766,-55.95585364,-0.30469087,4.39867446
53.715,27.37019486,0.8782357,-11.06648037,-29.82015514,-4.53444141,1.20888971,0.54362573,-13.23045163,-4.95506721,-57.84603439,-1.18489878,3.97082933
53.72,27.32624281,1.17897524,-10.98780005,-30.32490664,-3.90362065,0.85828136,1.76500288,-13.6113907,-4.47230915,-59.66332835,-2.00880944,3.49548567
53.725,27.22156426,1.47177076,-10.96926341,-30.77163332,-3.29593856,0.55234075,2.96188162,-13.97034937,-3.99108681,-61.40476592,-2.74702552,3.02663636
53.73,27.08007095,1.74484055,-10.90976915,-31.12187884,-2.65685673,0.26296646,4.17180529,-14.248482,-3.48120343,-63.05706064,-3.40452741,2.54286897
53.735,26.95433625,1.97415398,-10.84619508,-31.44774514,-1.99359946,-0.00987248,5.40222536,-14.44518376,-2.99057684,-64.62040872,-3.98689537,2.0323718
53.74,26.70049546,2.22571424,-10.83626979,-31.64847723,-1.43153644,-0.22348094,6.56684174,-14.642058,-2.48443043,-66.09114187,-4.46656958,1.55219679
53.745,26.47505061,2.41858377,-10.77858932,-31.82593529,-0.80534515,-0.44032148,7.75101145,-14.72931749,-2.01089863,-67.45702857,-4.88279183,1.0518931
53.75,26.14553967,2.62463633,-10.76323013,-31.90324169,-0.28884201,-0.60692255,8.86864326,-14.81159661,-1.54776668,-68.72447658,-5.19579584,0.5814065
53.755,25.80407043,2.79573235,-10.72329644,-31.91889877,0.22810875,-0.75415137,9.98145967,-14.81614398,-1.10841452,-69.88010004,-5.44524924,0.10210652
53.76,25.41003742,2.94983576,-10.67558773,-31.86951201,0.70048189,-0.87471853,11.04484325,-14.77569034,-0.70806205,-70.92369795,-5.60891221,-0.34519464
53.765,24.97574737,3.08571295,-10.62704947,-31.74789611,1.12366127,-0.96413465,12.07393685,-14.69247534,-0.34257102,-71.85271748,-5.70546699,-0.77883955
53.77,24.43560418,3.19960333,-10.52213088,-31.59385239,1.5568782,-1.1106059,12.9560097,-14.56077009,-0.06628592,-72.65514948,-5.65252033,-1.06526356
53.775,24.00496489,3.2985031,-10.50434589,-31.35235135,1.83673888,-1.06334765,14.00406606,-14.40744568,0.25184569,-73.37723461,-5.71649096,-1.56913668
53.78,23.41668091,3.36614287,-10.3982863,-31.07370724,2.16211035,-1.15065819,14.83269645,-14.19906228,0.45231834,-73.94954822,-5.568153,-1.8278679
53.785,22.83121787,3.42900507,-10.32356785,-30.72684984,2.39498981,-1.15645764,15.67502071,-13.98399768,0.63385456,-74.42069713,-5.42166718,-2.12335855
53.79,22.23861328,3.47420455,-10.24315927,-30.33695419,2.57812645,-1.11508779,16.49304401,-13.74536177,0.76688685,-74.78154551,-5.26645818,-2.40332021
53.795,21.62456053,3.49951991,-10.15068936,-29.90352671,2.72195499,-1.04705099,17.26896232,-13.48741105,0.84557967,-75.02762556,-5.09108626,-2.64258986
53.8,20.9916941,3.51079094,-10.05278757,-29.43018737,2.83216094,-0.95170795,18.00522271,-13.21702282,0.8792251,-75.16597597,-4.89704942,-2.8452114
53.805,20.3453625,3.51338992,-9.93479325,-28.93341947,2.92300792,-0.79236462,18.70352641,-12.934643,0.87850854,-75.20771034,-4.68628346,-3.02374853
53.81,19.64687415,3.50090969,-9.80009284,-28.38524182,3.02131465,-0.56100686,19.30967559,-12.66440408,0.77587498,-75.11803232,-4.48775562,-3.12195848
53.815,18.93040239,3.47248399,-9.67455243,-27.80446518,3.0610236,-0.3793717,19.88302978,-12.38199657,0.66233506,-74.93307088,-4.2515465,-3.16561297
53.82,18.20013733,3.43520815,-9.54078254,-27.19444071,3.07640235,-0.18323414,20.41522999,-12.10455116,0.50563915,-74.64782674,-4.02161404,-3.15866694
53.825,17.48965215,3.37736393,-9.41963996,-26.56257617,3.02373337,0.00555779,20.95084424,-11.81037699,0.34727065,-74.27526413,-3.80148817,-3.13994296
53.83,16.70833259,3.33379124,-9.25999517,-25.90033926,3.05984863,0.25937176,21.36595362,-11.57240458,0.0807075,-73.79239846,-3.60437967,-3.01285346
53.835,15.94409177,3.27129706,-9.12126483,-25.22063116,3.03574192,0.50835703,21.78322834,-11.32020257,-0.17512593,-73.22906771,-3.42593895,-2.8802033
53.84,15.17942773,3.20248134,-8.97903092,-24.52578892,3.00584821,0.76795718,22.17059202,-11.07816421,-0.45680554,-72.58027418,-3.27455046,-2.71298073
53.845,14.40774173,3.13136212,-8.84171216,-23.81420757,2.97917696,1.0376758,22.52565713,-10.8541324,-0.76275496,-71.85105878,-3.15018842,-2.51388572
53.85,13.63573132,3.05642776,-8.70706319,-23.09168472,2.95018098,1.3169966,22.8539384,-10.64244545,-1.0838865,-71.04474168,-3.05558819,-2.288498
53.855,12.86129077,2.97970443,-8.57880237,-22.35870705,2.92478417,1.60471001,23.15343528,-10.44433039,-1.41668938,-70.16451262,-2.98938976,-2.04008219
53.86,12.08865939,2.90380194,-8.45544954,-21.61946915,2.90707019,1.89677255,23.42896582,-10.26123244,-1.75703212,-69.21398856,-2.95230649,-1.77324555
53.865,11.31976134,2.82798375,-8.33974514,-20.87533463,2.89586704,2.19195887,23.68289073,-10.09094913,-2.10162417,-68.19804077,-2.94387555,-1.49045211
53.87,10.55244811,2.75649738,-8.23579369,-20.12667707,2.89251527,2.48996503,23.91525811,-9.93677157,-2.44468292,-67.11708081,-2.95853522,-1.19786374
53.875,9.79202869,2.6877533,-8.1396159,-19.37789384,2.89618046,2.78764334,24.13093896,-9.79494005,-2.78331226,-65.97654529,-2.99853174,-0.89567409
53.88,9.03314535,2.62666966,-8.05150899,-18.62615987,2.91731679,3.08430635,24.32681985,-9.66475085,-3.11067136,-64.77933959,-3.05229192,-0.58948142
53.885,8.28347386,2.57181115,-7.98572211,-17.8754174,2.94181447,3.37657193,24.51021392,-9.54915493,-3.42811194,-63.52614605,-3.12175381,-0.28421522
53.89,7.54339826,2.52569144,-7.92160404,-17.12754975,2.97742469,3.66546425,24.68194034,-9.44049779,-3.72338204,-62.22032464,-3.20345021,0.02448177
53.895,6.80600008,2.48935236,-7.88966951,-16.38182092,3.01873952,3.95305806,24.83592767,-9.34913856,-4.00810287,-60.86283012,-3.28348016,0.3246737
53.9,6.08318231,2.46232055,-7.85625442,-15.64200312,3.07150983,4.23161999,24.98446156,-9.2614936,-4.26582709,-59.45679071,-3.36949729,0.6253505
53.905,5.36735285,2.44784679,-7.84570093,-14.90840465,3.13071282,4.50589299,25.1189722,-9.18541387,-4.50154018,-58.00120767,-3.44654799,0.91736786
53.91,4.66425592,2.44539417,-7.85605404,-14.18156156,3.19239101,4.77316806,25.24600917,-9.11882931,-4.71370092,-56.49815612,-3.51118502,1.19730349
53.915,3.9736027,2.45518275,-7.86768262,-13.4634289,3.26471044,5.03244436,25.36333474,-9.05438174,-4.89348825,-54.94714383,-3.56498427,1.47427552
53.92,3.29019183,2.47875902,-7.90459953,-12.75303326,3.34261348,5.28806051,25.46632734,-9.00017572,-5.04920135,-53.34931406,-3.59321485,1.73773417
53.925,2.62744208,2.51521355,-7.95031819,-12.05675032,3.42194272,5.52946296,25.56574728,-8.95075171,-5.17675085,-51.70432809,-3.60247561,1.99112727
53.93,2.09093134,2.56483928,-7.9847742,-11.38451812,3.43408718,5.66732747,25.76515781,-8.8946305,-5.25555344,-50.01974485,-3.61114981,2.18184046
53.935,1.33814972,2.62953459,-8.04435561,-10.69755459,3.59948947,5.98387905,25.72474187,-8.86223697,-5.33558507,-48.27212387,-3.53986794,2.48402416
53.94,0.82831706,2.70544972,-8.10638847,-10.05607249,3.63082001,6.10550544,25.89204857,-8.8189156,-5.36546261,-46.48990732,-3.47738941,2.63538101
53.945,0.10531112,2.79945471,-8.19028784,-9.39847914,3.79654447,6.41132201,25.82521011,-8.79622189,-5.38513804,-44.64690967,-3.35718585,2.91949059
53.95,-0.4881895,2.90323973,-8.2849579,-8.77626055,3.90545486,6.62271095,25.84844134,-8.771146,-5.37360574,-42.75966986,-3.21846822,3.10524485
53.955,-0.9510965,3.01981266,-8.33210873,-8.19163528,3.97143944,6.71220709,25.95899944,-8.743675,-5.3237136,-40.83112274,-3.06373203,3.22228394
53.96,-1.62868566,3.15450144,-8.42561776,-7.58973039,4.14164786,6.98801406,25.83269142,-8.73905838,-5.27273802,-38.84284755,-2.86872736,3.4805223
53.965,-2.17258571,3.29650808,-8.50194738,-7.03310879,4.27465654,7.1731311,25.79060284,-8.73363577,-5.19332792,-36.81451135,-2.66227377,3.63028931
53.97,-2.7012408,3.45386819,-8.56354546,-6.50002446,4.41886084,7.33764754,25.7248023,-8.73939414,-5.0955957,-34.74574079,-2.44133434,3.77628163
53.975,-3.10520832,3.62887114,-8.59872996,-6.01229392,4.54051146,7.39597875,25.73856853,-8.75578942,-4.96483741,-32.65129825,-2.20170928,3.84146032
53.98,-3.72287869,3.80679115,-8.66316192,-5.51537547,4.75314718,7.64037191,25.50522181,-8.78943952,-4.86823025,-30.50161683,-1.98356993,4.02491908
53.985,-4.21266165,4.00037712,-8.7008281,-5.06703494,4.94964931,7.80272407,25.35571402,-8.83405751,-4.73801134,-28.33932153,-1.75984128,4.10903641
53.99,-4.6843119,4.20404284,-8.71960836,-4.65423468,5.16461496,7.94323722,25.18413988,-8.89410949,-4.60656128,-26.16220906,-1.55586135,4.18290194
53.995,-5.1478144,4.41751516,-8.72486166,-4.27790992,5.400196,8.09017159,24.98361848,-8.96830502,-4.46417129,-23.98127507,-1.37023662,4.23772505
54,-5.5917125,4.64004984,-8.70813507,-3.93442013,5.66544729,8.22239997,24.76999932,-9.06428602,-4.34474629,-21.80838206,-1.22559731,4.27348639
54.005,-6.03124923,4.86799741,-8.68346666,-3.63478818,5.9532699,8.36801006,24.53020588,-9.17239923,-4.22018093,-19.6608075,-1.11005965,4.29084109
54.01,-6.45349077,5.100878,-8.64373902,-3.37480613,6.26988687,8.50891649,24.28285791,-9.29748634,-4.11308848,-17.55200127,-1.03651552,4.29031139
54.015,-6.87151415,5.33135398,-8.60007081,-3.15660824,6.60783188,8.66414876,24.01740144,-9.42919896,-4.01539126,-15.49546192,-0.99576334,4.27031865
54.02,-7.26690463,5.54815618,-8.53872856,-2.98814041,6.98648249,8.81332128,23.75153855,-9.55993978,-3.94467501,-13.50960757,-0.99424022,4.23714808
54.025,-7.6463538,5.7634754,-8.46319411,-2.87236559,7.40712071,8.96430118,23.49006796,-9.70128088,-3.89377039,-11.62085321,-1.03835472,4.19653815
54.03,-8.01419173,5.97050764,-8.38610946,-2.8076782,7.85694798,9.1277903,23.23569945,-9.84323197,-3.85843735,-9.84675804,-1.11648689,4.14525343
54.035,-8.39145652,6.17067523,-8.33191924,-2.79493912,8.32462286,9.34656783,22.97451273,-9.98313891,-3.8247325,-8.20328878,-1.22363156,4.07932307
54.04,-8.71495478,6.32549461,-8.25298621,-2.83857041,8.8429079,9.51350896,22.75969344,-10.08973555,-3.83530581,-6.69415815,-1.35234717,4.00519799
54.045,-9.03385636,6.45849581,-8.19637788,-2.94342852,9.38354376,9.71614983,22.55518498,-10.17899902,-3.85079147,-5.33855477,-1.50628451,3.91198749
54.05,-9.33676384,6.55648269,-8.15848166,-3.10838319,9.94421253,9.93989589,22.37319014,-10.23788248,-3.87726888,-4.14267621,-1.67859559,3.80153311
54.055,-9.61706394,6.61358058,-8.13817212,-3.33742495,10.52864348,10.17187125,22.21765988,-10.25987298,-3.91578501,-3.10906201,-1.86844877,3.67368176
54.06,-9.87603168,6.62783064,-8.13960276,-3.63053096,11.12797534,10.41462714,22.09001927,-10.24256526,-3.95974682,-2.24334957,-2.0740319,3.52632064
54.065,-10.11752482,6.59400744,-8.17321616,-3.99054973,11.73849105,10.68390491,21.98642576,-10.18087897,-4.00702162,-1.54860191,-2.29804115,3.35086125
54.07,-10.34083038,6.50870993,-8.24814487,-4.42850053,12.36486021,11.00220022,21.90534655,-10.06993704,-4.03780523,-1.02727738,-2.54725316,3.13989493
54.075,-10.52202697,6.3651768,-8.30874176,-4.93113223,12.97632144,11.24282561,21.86806017,-9.9114808,-4.11103885,-0.67694932,-2.78569307,2.92591298
54.08,-10.69135844,6.17045864,-8.41586181,-5.49853852,13.59741062,11.53252604,21.85480968,-9.70400502,-4.15751151,-0.49929561,-3.05047462,2.67188411
54.085,-10.83702657,5.92997184,-8.56067128,-6.13837697,14.19901847,11.82740022,21.8730701,-9.45458076,-4.20346518,-0.49218381,-3.32521992,2.3898888
54.09,-10.95388914,5.63638341,-8.73111831,-6.85374206,14.78236165,12.10741201,21.92062208,-9.15943689,-4.24269042,-0.64698229,-3.60567752,2.08784556
54.095,-11.05512185,5.28992135,-8.96232867,-7.62943754,15.32519898,12.42573308,22.00546342,-8.80930441,-4.23827534,-0.97561266,-3.89210109,1.73489643
54.1,-11.10664298,4.90105682,-9.13631263,-8.50741238,15.85267486,12.66607087,22.11396131,-8.44819627,-4.2951046,-1.44883942,-4.19665898,1.40183184
54.105,-11.13664318,4.47091712,-9.35305295,-9.45064199,16.32871427,12.90933412,22.25708224,-8.05150761,-4.3193644,-2.07966327,-4.49770043,1.03858093
54.11,-11.1365236,4.0010765,-9.58917386,-10.46881787,16.75087677,13.14149106,22.43361719,-7.62455028,-4.33270513,-2.85666243,-4.79972959,0.65102465
54.115,-11.09908237,3.49784822,-9.83096226,-11.56990892,17.11403717,13.35700024,22.63755683,-7.18508284,-4.33999563,-3.76490611,-5.10539268,0.2454075
54.12,-11.02520037,2.96732755,-10.06026109,-12.75353084,17.4118574,13.5282477,22.86764246,-6.73387613,-4.35082169,-4.7959258,-5.40019716,-0.15502135
54.125,-10.90889708,2.41287721,-10.27952256,-14.01989479,17.64016485,13.67335026,23.12200382,-6.28005534,-4.3605921,-5.93160907,-5.68868221,-0.56471627
54.13,-10.75003665,1.83852752,-10.47878447,-15.36857413,17.78156985,13.77228216,23.39590013,-5.82586595,-4.37020315,-7.16348825,-5.95378299,-0.96565287
54.135,-10.5402998,1.2499073,-10.64714037,-16.80522149,17.84310082,13.83045297,23.68471081,-5.3835868,-4.39060582,-8.47070296,-6.20282653,-1.35814507
54.14,-10.27632428,0.65196664,-10.77751199,-18.32552026,17.79950944,13.84216786,23.98477812,-4.95322463,-4.40480558,-9.83441406,-6.41756478,-1.7388301
54.145,-9.96947575,0.04450943,-10.87024853,-19.93072112,17.67873457,13.78760077,24.27590278,-4.54333061,-4.47099984,-11.24362592,-6.59386198,-2.07375931
54.15,-9.58924328,-0.56290584,-10.90401561,-21.61798847,17.43506999,13.69035246,24.57722488,-4.15421468,-4.51528724,-12.67072875,-6.73186608,-2.40384602
54.155,-9.16073032,-1.17816104,-10.89199817,-23.38599233,17.0995414,13.53362806,24.85356645,-3.78711193,-4.60556228,-14.1008571,-6.81954965,-2.68639048
54.16,-8.66446475,-1.79500714,-10.82626231,-25.23340566,16.65723772,13.32193155,25.11707057,-3.44408889,-4.72091468,-15.51689418,-6.85796145,-2.94180257
54.165,-8.09816529,-2.4140999,-10.70574968,-27.15983452,16.10569364,13.05454348,25.35967697,-3.12202312,-4.86058955,-16.90053868,-6.8419688,-3.16509688
54.17,-7.46975573,-3.03308239,-10.5420261,-29.15279621,15.44470338,12.74030106,25.5722174,-2.82039122,-5.01898777,-18.2390668,-6.75722145,-3.3591729
54.175,-6.76364029,-3.65186273,-10.31923674,-31.21181021,14.67858929,12.36767972,25.7686484,-2.53487936,-5.1989725,-19.53104448,-6.61357152,-3.52531627
54.18,-5.99140426,-4.27260834,-10.05224265,-33.32236705,13.81016154,11.94833763,25.93313565,-2.26203115,-5.40547046,-20.75766905,-6.40872996,-3.66514973
54.185,-5.14925744,-4.88914291,-9.74633861,-35.48293818,12.84713798,11.48559258,26.06681558,-2.00099176,-5.61927521,-21.91256334,-6.13373588,-3.78268418
54.19,-4.23909605,-5.50439775,-9.405029,-37.6832615,11.79444766,10.97722243,26.17423345,-1.74479053,-5.84820642,-22.99747694,-5.7924179,-3.88228494
54.195,-3.26233032,-6.11464311,-9.02880845,-39.91073422,10.66164414,10.42080495,26.25331298,-1.49446071,-6.09378484,-24.0034652,-5.39654545,-3.96373965
54.2,-2.21367013,-6.70144553,-8.63746997,-42.14564222,9.46099501,9.81372292,26.32931292,-1.25475523,-6.32788389,-24.94923588,-4.88929298,-4.03986873
54.205,-1.15025207,-7.31417491,-8.21040205,-44.38479224,8.20802321,9.19574804,26.3067772,-0.98884905,-6.59604741,-25.76647697,-4.44164202,-4.09459064
54.21,-0.0309164,-7.89932103,-7.77912503,-46.60629468,6.90650866,8.52866982,26.27792478,-0.7283272,-6.8473356,-26.52195015,-3.89700018,-4.15523725
54.215,1.15431184,-8.44403651,-7.34197904,-48.80200912,5.57644324,7.7887401,26.25457132,-0.48661504,-7.08234531,-27.22001024,-3.25830835,-4.21187666
54.22,2.33778839,-8.9875235,-6.90127254,-50.95906778,4.2440221,7.05424166,26.15437893,-0.21980061,-7.3147365,-27.80699878,-2.64598879,-4.26935429
54.225,3.54320475,-9.51012628,-6.45918202,-53.06865947,2.91568779,6.27767012,26.01343668,0.05173015,-7.53834455,-28.30881548,-2.02402495,-4.3293326
54.23,4.7597473,-10.0064872,-6.01741647,-55.12071186,1.61018268,5.47064137,25.82794497,0.33114283,-7.73816722,-28.72431223,-1.39280497,-4.39888633
54.235,5.98346391,-10.47251601,-5.5944362,-57.10400066,0.3368358,4.63607167,25.60920938,0.6085825,-7.93092768,-29.06750578,-0.76784183,-4.46980709
54.24,7.2054785,-10.90197024,-5.18291023,-59.01199608,-0.88580216,3.78645583,25.34677146,0.88903808,-8.08895928,-29.32643724,-0.14715029,-4.54998386
54.245,8.41704622,-11.29840178,-4.7938572,-60.8375688,-2.04658071,2.91830981,25.04322057,1.1691738,-8.22985016,-29.51349323,0.45252251,-4.64318717
54.25,9.61499428,-11.6577357,-4.4229463,-62.57635496,-3.13411003,2.03983497,24.6948455,1.44907512,-8.34188268,-29.62213757,1.02020872,-4.74602218
54.255,10.7955349,-11.97655097,-4.08109089,-64.22170832,-4.14572222,1.15636028,24.31045537,1.72220773,-8.42930777,-29.66454287,1.55750197,-4.85708844
54.26,11.95214174,-12.25578261,-3.76843816,-65.769143,-5.0722812,0.27461038,23.88697183,1.98856878,-8.49129774,-29.64040576,2.05441787,-4.97766833
54.265,13.08171642,-12.49358054,-3.49000232,-67.2152767,-5.91203565,-0.59689022,23.4277383,2.24435632,-8.52715053,-29.55465055,2.50853953,-5.10331025
54.27,14.1789021,-12.69130326,-3.24552151,-68.55609088,-6.66054099,-1.45383762,22.93111104,2.48895658,-8.53848815,-29.40818111,2.91475091,-5.23666113
54.275,15.22723925,-12.87910113,-3.0358125,-69.79688669,-7.27818395,-2.23180421,22.37832608,2.73846055,-8.55043105,-29.19793685,3.22763026,-5.35215249
54.28,16.26003337,-12.98545419,-2.87109485,-70.92058737,-7.86354135,-3.05694224,21.83100638,2.94289321,-8.50851349,-28.95982628,3.553049,-5.49832052
54.285,17.24272763,-13.06946371,-2.74647439,-71.93157639,-8.32955211,-3.79845152,21.2360426,3.13959024,-8.45364514,-28.65658708,3.80786273,-5.62612408
54.29,18.18224068,-13.12090459,-2.66410249,-72.83036213,-8.70353694,-4.48116304,20.6118061,3.31833586,-8.38321646,-28.3094993,4.01323357,-5.74660541
54.295,19.08295576,-13.12515165,-2.62879053,-73.6094911,-9.02145779,-5.14212072,19.97041111,3.4660752,-8.28987889,-27.92335939,4.19054304,-5.87541792
54.3,19.93685916,-13.10736889,-2.63361056,-74.28170464,-9.24260331,-5.70799768,19.30491667,3.59549977,-8.18617056,-27.51122449,4.31244956,-5.98115555
54.305,20.7456453,-13.06765334,-2.66541528,-74.85595211,-9.33680096,-6.12437842,18.61883777,3.7106387,-8.06779939,-27.08410029,4.44326369,-6.07640923
54.31,21.51461837,-12.99561263,-2.74240569,-75.30114766,-9.41734815,-6.5458789,17.91177665,3.79709856,-7.95587468,-26.59698056,4.49315935,-6.15323755
54.315,22.22309006,-12.89254828,-2.88906981,-75.61653306,-9.51344628,-6.95318698,17.18769107,3.84624723,-7.81776798,-26.08639978,4.46827418,-6.2305023
54.32,22.91915855,-12.77679175,-3.02413457,-75.85028941,-9.43474862,-7.13348936,16.4656273,3.88583255,-7.70429056,-25.56562147,4.49550153,-6.25492303
54.325,23.52205171,-12.65674277,-3.23185912,-75.95674248,-9.38814868,-7.29152209,15.69450191,3.91114156,-7.55964743,-25.0079925,4.43798506,-6.28933551
54.33,24.13318558,-12.50104665,-3.42545911,-75.97302367,-9.26161083,-7.32555147,14.95105229,3.90397713,-7.44715692,-24.44674518,4.39726376,-6.27761515
54.335,24.63592625,-12.36655432,-3.69901609,-75.87310683,-9.11395834,-7.22339748,14.14977178,3.89431285,-7.29645408,-23.85924956,4.33424213,-6.26690146
54.34,25.12673749,-12.20604442,-3.96632684,-75.67799103,-8.93382883,-7.0269571,13.36196771,3.85962477,-7.17329997,-23.26116338,4.26301449,-6.22149939
54.345,25.57666758,-12.04009657,-4.25540735,-75.38514907,-8.74093378,-6.72802965,12.56901004,3.80952734,-7.05531029,-22.65298005,4.18861301,-6.14983732
54.35,25.99122339,-11.86251165,-4.5497239,-75.00072793,-8.54625053,-6.33289797,11.77302487,3.74723833,-6.93101441,-22.03668872,4.1121171,-6.05159602
54.355,26.35143334,-11.70263908,-4.88321314,-74.5188234,-8.33885976,-5.82919955,10.96500662,3.67561373,-6.83311481,-21.41071368,4.04588807,-5.93940003
54.36,26.68446205,-11.52943305,-5.21255251,-73.95327887,-8.14760214,-5.2492023,10.16075163,3.59227984,-6.73387865,-20.78147136,3.97658149,-5.8018061
54.365,26.97920516,-11.36060454,-5.55831102,-73.2976244,-7.97558762,-4.59185578,9.35941876,3.49963856,-6.65422503,-20.15176664,3.91381612,-5.64677796
54.37,27.23318352,-11.19797824,-5.90965094,-72.56220881,-7.81242672,-3.8474816,8.55062672,3.40492145,-6.57519663,-19.518701,3.86159338,-5.47034045
54.375,27.45740154,-11.02369961,-6.244548,-71.75443567,-7.66366098,-3.04166696,7.74069401,3.30683947,-6.4827016,-18.88371971,3.8135299,-5.26918784
54.38,27.64832268,-10.86085017,-6.59427992,-70.864924,-7.55194105,-2.18667382,6.94030552,3.20453527,-6.41373266,-18.25670456,3.7796075,-5.05813958
54.385,27.80352125,-10.70329291,-6.9497998,-69.90096787,-7.46869823,-1.2725707,6.14284579,3.0996774,-6.35337674,-17.63496278,3.7623298,-4.83363636
54.39,27.93012032,-10.54735076,-7.29696091,-68.86661349,-7.41277465,-0.32558513,5.35133038,2.99607401,-6.29753599,-17.02016973,3.75120693,-4.59339359
54.395,28.02815995,-10.39594501,-7.64375067,-67.76312365,-7.38867624,0.65282284,4.56960557,2.89244538,-6.25035645,-16.41695014,3.75449016,-4.34315175
54.4,28.0937185,-10.25523626,-7.99533311,-66.59144305,-7.39225343,1.66052672,3.79690886,2.79108407,-6.21714786,-15.82941732,3.7729325,-4.08436418
54.405,28.14128921,-10.10464947,-8.32023664,-65.3586235,-7.4226076,2.67084893,3.03605588,2.69394974,-6.16759964,-15.250273,3.798361,-3.81211194
54.41,28.15805508,-9.9659699,-8.65073062,-64.06181654,-7.47538969,3.7004107,2.28651175,2.5998909,-6.13323092,-14.68937108,3.84177298,-3.53481914
54.415,28.15351614,-9.83222482,-8.97039322,-62.70423962,-7.55082066,4.72853063,1.55227936,2.5133667,-6.10016274,-14.14800005,3.89833676,-3.25336389
54.42,28.12530336,-9.6986156,-9.2807897,-61.28781193,-7.64319666,5.7589658,0.83490789,2.42952727,-6.07044561,-13.62716619,3.96758186,-2.96713021
54.425,28.07808161,-9.56772963,-9.57828625,-59.81408817,-7.74955713,6.77849631,0.13425009,2.35255718,-6.0411791,-13.12597659,4.04727839,-2.67781942
54.43,28.00774553,-9.4448613,-9.8718945,-58.2830142,-7.86567054,7.79172749,-0.54819302,2.28295725,-6.01919877,-12.65081684,4.14278903,-2.38910416
54.435,27.92051084,-9.32365907,-10.15175067,-56.69761972,-7.98555425,8.78963233,-1.20936096,2.22084093,-5.99396397,-12.19734803,4.25535445,-2.10378522
54.44,27.82630173,-9.20708451,-10.42309607,-55.05720262,-8.12484555,9.75723668,-1.83807744,2.1667911,-5.97734669,-11.77375443,4.37370177,-1.8324587
54.445,27.69553233,-9.08613654,-10.66579918,-53.36253519,-8.23177994,10.72709131,-2.46770192,2.12171984,-5.93745455,-11.3701367,4.50882105,-1.53979828
54.45,27.55715776,-8.96143254,-10.89271248,-51.61529867,-8.33955853,11.64597499,-3.06811589,2.08014822,-5.91372188,-10.99010439,4.63974832,-1.25374856
54.455,27.41340106,-8.84890749,-11.111975,-49.81868291,-8.45390327,12.55413601,-3.63239562,2.05285126,-5.87235006,-10.64390681,4.80597052,-0.99500256
54.46,27.24416114,-8.73215672,-11.309198,-47.96844055,-8.54074151,13.4323655,-4.18453203,2.03173828,-5.83745231,-10.3217925,4.97027194,-0.72925396
54.465,27.05379611,-8.61816724,-11.49900354,-46.06678117,-8.60003245,14.27549566,-4.72050869,2.01633503,-5.81463608,-10.02007439,5.1453414,-0.46641522
54.47,26.8609528,-8.50499217,-11.66307642,-44.1184035,-8.6524112,15.0774168,-5.222443,2.01449216,-5.77522144,-9.74921487,5.33630366,-0.22412014
54.475,26.64931307,-8.39296729,-11.81302304,-42.1210254,-8.67312916,15.84009442,-5.70779445,2.01942551,-5.7424365,-9.49739317,5.53645617,0.01066905
54.48,26.42459196,-8.28195239,-11.93888354,-40.07763168,-8.67645597,16.56740623,-6.16851014,2.03500653,-5.69420247,-9.27435275,5.75331593,0.2340188
54.485,26.17335785,-8.16303399,-12.03555265,-37.98704,-8.62859439,17.2402069,-6.62059141,2.05485459,-5.65410269,-9.07425689,5.97400917,0.45868612
54.49,25.94796396,-8.06217577,-12.11637642,-35.86130127,-8.62712086,17.8775489,-7.00782817,2.09573133,-5.57124902,-8.91506706,6.21848073,0.63290254
54.495,25.66711714,-7.96786341,-12.19992692,-33.69838899,-8.52334034,18.46033785,-7.43275948,2.14371617,-5.52847525,-8.74050561,6.47738275,0.82933928
54.5,25.39664871,-7.87477342,-12.24172018,-31.50090583,-8.44522451,18.98829348,-7.8044466,2.20334752,-5.44634226,-8.617782,6.74799019,0.996569
54.505,25.11721588,-7.78908121,-12.26661791,-29.27849981,-8.33026604,19.44222001,-8.16286703,2.27569462,-5.36875007,-8.50562361,7.02847715,1.14541397
54.51,24.8198466,-7.71686277,-12.27974629,-27.03649083,-8.18984867,19.83579404,-8.51634046,2.36084315,-5.28344,-8.40912536,7.32762988,1.28937406
54.515,24.50954463,-7.65736672,-12.27763133,-24.78589594,-8.02009686,20.15581673,-8.86930845,2.46059619,-5.19775415,-8.31926294,7.64000164,1.42851762
54.52,24.29008084,-7.5896731,-12.20634872,-22.54095476,-7.82869793,20.33615713,-9.12025855,2.57401334,-5.11848737,-8.25942307,7.93069742,1.4496666
54.525,23.87823215,-7.58216277,-12.22478209,-20.28889555,-7.65481217,20.58255227,-9.53271321,2.70064747,-4.99033013,-8.20607538,8.30323838,1.66624402
54.53,23.64860046,-7.56399775,-12.15090945,-18.08197243,-7.45143463,20.64978623,-9.77292385,2.84601753,-4.86867528,-8.18184149,8.64796375,1.67263167
54.535,23.33045146,-7.57854448,-12.13367037,-15.8939405,-7.26772442,20.67046552,-10.0801344,2.99328307,-4.70511447,-8.17327635,9.04712466,1.75800143
54.54,22.96118375,-7.61947379,-12.09249986,-13.7563706,-7.09083968,20.65083149,-10.45315931,3.16410169,-4.57933145,-8.16133205,9.40396385,1.93434939
54.545,22.72538065,-7.67907315,-12.04465611,-11.7195923,-6.84533699,20.55083461,-10.71060372,3.35104022,-4.40967905,-8.1797263,9.82247842,1.94442688
54.55,22.40212825,-7.73873392,-12.02007577,-9.73540635,-6.66372765,20.36277754,-11.05293991,3.51942441,-4.26498032,-8.20238229,10.21102645,2.08330104
54.555,22.20069575,-7.85060287,-11.99481323,-7.90592467,-6.39181709,20.17762637,-11.3150015,3.7323156,-4.07257033,-8.25384691,10.6488086,2.09883055
54.56,21.93047929,-7.92596918,-11.99457081,-6.14902421,-6.18862358,19.85932728,-11.65141992,3.89356648,-3.92548284,-8.30530083,11.07133586,2.23480533
54.565,21.77556884,-8.05501151,-12.00269326,-4.5715495,-5.8875661,19.6036308,-11.91335028,4.09626663,-3.7289692,-8.40121303,11.51294589,2.2587635
54.57,21.56803829,-8.13010834,-12.02723126,-3.08356372,-5.66375233,19.17538468,-12.23526746,4.23018075,-3.5768419,-8.50128061,11.95823256,2.40356527
54.575,21.43030167,-8.22799249,-12.07072078,-1.77032867,-5.38637241,18.77960225,-12.53207329,4.37656352,-3.41594961,-8.62685506,12.41591258,2.5127555
54.58,21.35747489,-8.34159212,-12.1474964,-0.63312644,-5.0519875,18.44687622,-12.79585135,4.52265872,-3.2323686,-8.79420638,12.856564,2.55408199
54.585,21.25060715,-8.39261102,-12.22185345,0.39636328,-4.82242822,17.91377218,-13.10691283,4.59285419,-3.10672195,-8.96475607,13.31917814,2.75078632
54.59,21.22459097,-8.46456604,-12.33720859,1.2238544,-4.47592289,17.53391539,-13.36759472,4.66872721,-2.95390109,-9.2006369,13.75012813,2.82224866
54.595,21.18122128,-8.48651494,-12.44120482,1.934792,-4.24534708,16.99061766,-13.66650246,4.68135873,-2.84683762,-9.4311264,14.20625274,3.05697288
54.6,21.18609754,-8.50251249,-12.57519882,2.46384382,-3.96262562,16.52158299,-13.94027276,4.67356794,-2.74717873,-9.71624533,14.63558371,3.2412545
54.605,21.21464471,-8.50353073,-12.72636457,2.83541601,-3.6851021,16.06878591,-14.20283719,4.63241611,-2.65030851,-10.04701137,15.04624545,3.42029915
54.61,21.26252563,-8.47035756,-12.90091926,3.05076067,-3.43478775,15.58670248,-14.46038291,4.53973429,-2.60236763,-10.41952771,15.4325091,3.65637301
54.615,21.32843686,-8.41476695,-13.0758082,3.11954715,-3.20214963,15.11893734,-14.70924894,4.40751551,-2.57154809,-10.83393521,15.79426706,3.91403602
54.62,21.41243666,-8.34324286,-13.26234423,3.04346326,-2.98884376,14.67162361,-14.94268356,4.24048674,-2.56151245,-11.30134146,16.12201075,4.1716704
54.625,21.51570035,-8.25664572,-13.4595322,2.81671182,-2.81261786,14.2301405,-15.16483425,4.03911245,-2.57591491,-11.819493,16.42125244,4.44863869
54.63,21.6348873,-8.14858313,-13.65205842,2.45264283,-2.67753179,13.79084208,-15.37082807,3.79470967,-2.62168297,-12.39140349,16.68245719,4.75994355
54.635,21.76713828,-8.02381409,-13.83742674,1.96042356,-2.5861614,13.36060006,-15.55515132,3.51416845,-2.70033364,-13.02769328,16.89539878,5.09087519
54.64,21.9143699,-7.88548953,-14.01526715,1.34332709,-2.54083076,12.9353694,-15.7162583,3.20078193,-2.80727088,-13.72906944,17.05775721,5.43524726
54.645,22.07504588,-7.73985091,-14.17809987,0.61034836,-2.55493238,12.51039684,-15.85107791,2.85547339,-2.94546496,-14.49566413,17.17218183,5.79569317
54.65,22.24971028,-7.58272963,-14.31931299,-0.23031101,-2.62785283,12.081,-15.9566763,2.4828639,-3.11163556,-15.33305991,17.22797274,6.17286768
54.655,22.43708711,-7.41817435,-14.43286869,-1.16915153,-2.76453692,11.64544603,-16.02637573,2.08140888,-3.3087378,-16.24683232,17.22237811,6.55877352
54.66,22.63620373,-7.24514894,-14.51193682,-2.19129808,-2.96344547,11.19462287,-16.05798185,1.65290355,-3.53209421,-17.23609171,17.15180693,6.95659189
54.665,22.84870562,-7.0652664,-14.55349748,-3.29496517,-3.22625782,10.73376762,-16.04745254,1.20311034,-3.7792093,-18.30697979,17.01119944,7.35260619
54.67,23.07277479,-6.87717988,-14.56740313,-4.46404659,-3.55045507,10.25304901,-15.99104851,0.73013808,-4.05068624,-19.45902314,16.79803882,7.74771673
54.675,23.30729392,-6.67895127,-14.51506458,-5.68697319,-3.92514929,9.74787607,-15.87924622,0.23415118,-4.33649821,-20.7021768,16.51168267,8.14299002
54.68,23.55330088,-6.47108516,-14.44058224,-6.95587801,-4.35010862,9.22345891,-15.71564799,-0.28359597,-4.64057196,-22.0259021,16.14341721,8.52347905
54.685,23.80740412,-6.24980191,-14.33571735,-8.25905484,-4.81123815,8.68697217,-15.49610024,-0.82391667,-4.95313938,-23.4336089,15.68529632,8.88587218
54.69,24.07199536,-6.01746492,-14.19379477,-9.58587649,-5.30698262,8.12380703,-15.21100289,-1.38504656,-5.2798469,-24.93187819,15.14863344,9.22853713
54.695,24.34328602,-5.76458932,-14.00563397,-10.92403977,-5.80848579,7.5431354,-14.8568193,-1.97225419,-5.59396314,-26.52075016,14.51945179,9.54499427
54.7,24.61854294,-5.49468234,-13.8072915,-12.26519667,-6.31514508,6.95572614,-14.4397847,-2.58300059,-5.90617772,-28.18832625,13.79448869,9.82559651
54.705,24.90036022,-5.20674084,-13.58726527,-13.60214565,-6.80589976,6.35152308,-13.95159331,-3.2156949,-6.20502563,-29.93799174,12.97939272,10.06565471
54.71,25.18050632,-4.89509693,-13.35795338,-14.92349014,-7.27830469,5.75609262,-13.39693918,-3.87736392,-6.48271985,-31.7599756,12.06885594,10.25755166
54.715,25.45810469,-4.56198536,-13.12877027,-16.22474643,-7.7023342,5.16456629,-12.77638469,-4.56478901,-6.73483896,-33.65074458,11.05965172,10.40078493
54.72,25.73727477,-4.20972232,-12.88958351,-17.49341521,-8.07347434,4.55834992,-12.0755579,-5.27132053,-6.95433866,-35.61334121,9.97183168,10.48635147
54.725,26.01426112,-3.83571559,-12.65992866,-18.74169258,-8.37949547,3.96683373,-11.3174661,-5.99796466,-7.12970153,-37.62114983,8.80016941,10.51760518
54.73,26.29023784,-3.43594653,-12.43383051,-19.94842686,-8.62319652,3.37487787,-10.48413863,-6.7495052,-7.25748611,-39.67626406,7.54868457,10.48618595
54.735,26.55856851,-3.02212374,-12.2168913,-21.11616057,-8.77690515,2.79061281,-9.58984155,-7.50793473,-7.33714266,-41.76530341,6.24107417,10.39752983
54.74,26.82110872,-2.59101054,-12.02117278,-22.24739908,-8.85806193,2.22100105,-8.63786737,-8.27799598,-7.36571377,-43.87416676,4.87694251,10.24758818
54.745,27.08238005,-2.15140115,-11.83215053,-23.33694356,-8.84345091,1.64426659,-7.62188499,-9.04270553,-7.3330245,-45.99526024,3.47935692,10.03983967
54.75,27.32267821,-1.70115367,-11.66821016,-24.38099693,-8.75228624,1.09903833,-6.56707131,-9.80551827,-7.25018125,-48.10993422,2.06235147,9.78064777
54.755,27.55122719,-1.24691039,-11.51944549,-25.37680464,-8.58384046,0.56492879,-5.46125581,-10.55284219,-7.10542523,-50.2144604,0.64069928,9.46708499
54.76,27.76222841,-0.79343416,-11.37742912,-26.32433555,-8.31994044,0.03950133,-4.31692134,-11.27367373,-6.90327081,-52.29427268,-0.75819723,9.11558465
54.765,27.95465826,-0.34080863,-11.26134297,-27.22179625,-7.99754161,-0.46471272,-3.13574296,-11.96936908,-6.64424302,-54.33888163,-2.12813275,8.71613495
54.77,28.11037625,0.10438293,-11.16120852,-28.06358669,-7.60921621,-0.94098443,-1.93861821,-12.62743273,-6.33458606,-56.33524623,-3.44150307,8.29512838
54.775,28.26228068,0.53117113,-11.0589304,-28.85742683,-7.1454151,-1.42253487,-0.69672561,-13.22577817,-5.96571378,-58.28215947,-4.68550013,7.82942852
54.78,28.35602239,0.95193312,-10.98708014,-29.58726542,-6.6513599,-1.85481304,0.53534835,-13.7900749,-5.56234018,-60.16566567,-5.84667691,7.36260864
54.785,28.4764724,1.32642913,-10.89550123,-30.2929029,-6.06447457,-2.31745153,1.8210191,-14.25681658,-5.11878417,-61.98387961,-6.90593656,6.85133979
54.79,28.46568304,1.72695199,-10.86965955,-30.88587237,-5.53724267,-2.67060796,3.04608081,-14.73042901,-4.63769494,-63.72635236,-7.87500713,6.36924322
54.795,28.4647165,2.07960434,-10.81065233,-31.43636546,-4.94013242,-3.04123772,4.31019647,-15.09511167,-4.11855256,-65.392853,-8.73481954,5.84684263
54.8,28.45520442,2.39040154,-10.74393632,-31.95923418,-4.29421998,-3.40714006,5.57498655,-15.37575853,-3.60465769,-66.97130513,-9.45954991,5.3215117
54.805,28.39489298,2.68751515,-10.67198985,-32.38842028,-3.66504473,-3.72471916,6.83720387,-15.58684024,-3.05383977,-68.46171356,-10.080204,4.79244326
54.81,28.24058127,2.97805473,-10.64862408,-32.74783091,-3.0888179,-3.98865711,8.03619371,-15.77380042,-2.50650015,-69.86161275,-10.57943648,4.28981839
54.815,28.10611418,3.21504704,-10.57107205,-33.05870398,-2.45582197,-4.25171156,9.26331031,-15.83838242,-1.95892242,-71.15892669,-10.97422024,3.75894812
54.82,27.86505573,3.45212347,-10.53723755,-33.28560384,-1.90857858,-4.45923281,10.41557246,-15.88875292,-1.42026284,-72.36075681,-11.23988548,3.26486453
54.825,27.62327207,3.64734621,-10.47808261,-33.46911639,-1.34948545,-4.64814634,11.56597466,-15.84597049,-0.89887287,-73.45800016,-11.41230071,2.75548415
54.83,27.35772892,3.80767064,-10.39360595,-33.59223124,-0.79812322,-4.80225794,12.69495346,-15.73177713,-0.40815316,-74.44518136,-11.49514405,2.25847912
54.835,27.00309116,3.969385,-10.33700704,-33.63700419,-0.34138857,-4.91770445,13.75046566,-15.60129199,0.06264015,-75.32986313,-11.45467843,1.78751993
54.84,26.64158108,4.09343907,-10.25814533,-33.63229302,0.11361456,-5.00334085,14.79219901,-15.40021908,0.49905168,-76.10275156,-11.35265976,1.31463813
54.845,26.23366099,4.19953916,-10.16938263,-33.56780431,0.52563368,-5.06065747,15.78133437,-15.16085736,0.89455192,-76.763716,-11.16842638,0.87115066
54.85,25.79140689,4.28590628,-10.07274306,-33.44715109,0.89809607,-5.08728996,16.72909666,-14.88566849,1.25049094,-77.31359399,-10.92151471,0.44610007
54.855,25.30496443,4.35965125,-9.96898253,-33.25982323,1.21540514,-5.0882975,17.62553584,-14.58685951,1.56191234,-77.74734589,-10.61050587,0.04555825
54.86,24.75683192,4.40465272,-9.84392378,-33.02773963,1.4950439,-5.14847023,18.43916755,-14.24785857,1.82656882,-78.06363648,-10.24321566,-0.27243181
54.865,24.26460989,4.45587544,-9.73568486,-32.747313,1.754697,-4.99060198,19.30660881,-13.92135886,2.05545843,-78.28731752,-9.89973603,-0.68997763
54.87,23.67928344,4.47211241,-9.61396478,-32.40712434,1.9397782,-4.99727713,20.06112117,-13.55435729,2.24214631,-78.38309772,-9.49094349,-0.97620485
54.875,23.10877902,4.50503297,-9.46615186,-32.04145317,2.13814066,-4.79487866,20.8034637,-13.21475884,2.36854127,-78.38511803,-9.09270541,-1.30856878
54.88,22.49258349,4.51378554,-9.32233201,-31.62108496,2.28467138,-4.65553585,21.485048,-12.85802257,2.45956789,-78.27090068,-8.68253274,-1.57643559
54.885,21.85325436,4.51808986,-9.16872557,-31.1582093,2.39845134,-4.49869056,22.12213417,-12.50981763,2.5060778,-78.05036465,-8.28292192,-1.81012543
54.89,21.21884808,4.51038809,-9.02852162,-30.65940522,2.44750987,-4.38939971,22.75544123,-12.15607762,2.54812533,-77.73738469,-7.88634501,-2.0224181
54.895,20.5188712,4.51360273,-8.8379014,-30.11830178,2.54301259,-4.14578498,23.27294937,-11.85096889,2.47334444,-77.29984777,-7.53890379,-2.18629833
54.9,19.85578882,4.49860288,-8.68597128,-29.55010579,2.54545881,-3.98566653,23.83007094,-11.52495211,2.44255915,-76.78675486,-7.18684415,-2.35213247
54.905,19.11656112,4.49759272,-8.48431511,-28.94261873,2.61074153,-3.73434196,24.26271532,-11.26024387,2.29299363,-76.15543619,-6.91508368,-2.45357459
54.91,18.39050981,4.48461262,-8.30520697,-28.31100134,2.62238922,-3.50839755,24.69562384,-10.99410922,2.15427567,-75.43984369,-6.65847666,-2.55194863
54.915,17.66060928,4.47496259,-8.12206087,-27.65092395,2.6237563,-3.28266959,25.10190383,-10.75420493,1.98417861,-74.63892932,-6.44656406,-2.62524529
54.92,16.9206156,4.46482824,-7.93590706,-26.97032121,2.61596829,-3.04810227,25.46935591,-10.5375156,1.78655838,-73.74698577,-6.2740583,-2.67928697
54.925,16.19864464,4.45380248,-7.74875977,-26.26882411,2.55695083,-2.80777153,25.83650584,-10.33202271,1.58720541,-72.77914511,-6.13012235,-2.7197252
54.93,15.41910229,4.44873808,-7.56467145,-25.54649336,2.5935026,-2.56763877,26.10559564,-10.17789931,1.31780584,-71.71524562,-6.05265083,-2.73421977
54.935,14.66177431,4.44310103,-7.3853907,-24.80824411,2.57579608,-2.31922718,26.37855505,-10.03154875,1.0574392,-70.58198555,-5.99664996,-2.74098894
54.94,13.89997027,4.44072321,-7.20999813,-24.05507367,2.56705522,-2.07112344,26.6207996,-9.90957437,0.77906112,-69.37332984,-5.97330452,-2.73512348
54.945,13.1405631,4.44195674,-7.03818286,-23.29102732,2.55690707,-1.82002424,26.8382506,-9.80861552,0.4893223,-68.09249922,-5.9772388,-2.717349
54.95,12.38439798,4.44765135,-6.87644279,-22.51740834,2.55089004,-1.56937057,27.03360171,-9.72916126,0.19156892,-66.7441284,-6.00307648,-2.68902358
54.955,11.62470257,4.45516373,-6.72077431,-21.7349307,2.55594016,-1.3145475,27.19692498,-9.66594822,-0.11563655,-65.32724283,-6.04566465,-2.65176291
54.96,10.87107509,4.46805379,-6.57692539,-20.94821325,2.56521914,-1.05842031,27.3402629,-9.61988777,-0.42553696,-63.84681207,-6.09915345,-2.60399721
54.965,10.12427289,4.486827,-6.45722025,-20.15672846,2.57791579,-0.80089569,27.46382445,-9.59451411,-0.73955208,-62.3042139,-6.15606709,-2.54700939
54.97,9.38335507,4.51147691,-6.34223617,-19.36262175,2.59787495,-0.53861969,27.56770936,-9.57884608,-1.04598179,-60.70306613,-6.2112502,-2.47929512
54.975,8.64624504,4.54122586,-6.24751463,-18.56865205,2.62867792,-0.27227253,27.64809191,-9.5773485,-1.35225509,-59.04367811,-6.25865793,-2.4009812
54.98,7.91952583,4.57761862,-6.16415189,-17.77510948,2.66290682,-0.00046637,27.71261016,-9.58366433,-1.64709136,-57.32819739,-6.29380165,-2.30908278
54.985,7.20020476,4.62116581,-6.10124084,-16.98360947,2.70329065,0.27827789,27.75813525,-9.5992896,-1.93132898,-55.55858547,-6.3084738,-2.20514426
54.99,6.49487078,4.67202764,-6.05294749,-16.19740183,2.74989905,0.56068059,27.789417,-9.62161409,-2.20328853,-53.7357361,-6.30192404,-2.084979
54.995,5.79794092,4.73022611,-6.01821232,-15.41684444,2.80927355,0.84890744,27.80232386,-9.64952237,-2.46035853,-51.86196782,-6.26913216,-1.94751196
55,5.11605333,4.79519298,-5.99730906,-14.64544779,2.86591175,1.14776536,27.79688895,-9.68005882,-2.70092139,-49.93379477,-6.20776197,-1.78944679
55.005,4.44289981,4.86976999,-5.99743285,-13.88441472,2.93503567,1.45424673,27.77165865,-9.71673924,-2.92452986,-47.95743773,-6.11107189,-1.61353485
55.01,3.78920336,4.95238945,-5.9986316,-13.13523102,3.00885302,1.76427794,27.73359815,-9.75350385,-3.12482439,-45.93192223,-5.98689307,-1.413943
55.015,3.13933486,5.04524195,-6.0346426,-12.40004467,3.09591948,2.08654001,27.66646004,-9.79923475,-3.31307407,-43.85913694,-5.81894785,-1.19624308
55.02,2.50799154,5.14767351,-6.07557163,-11.68128839,3.18979415,2.41250962,27.58331603,-9.8459114,-3.4761825,-41.74077033,-5.62054841,-0.95789937
55.025,1.88961129,5.25921212,-6.10429315,-10.97919803,3.2953428,2.74730294,27.47614451,-9.89488731,-3.61762996,-39.57759765,-5.40189265,-0.6848871
55.03,1.28680399,5.38229438,-6.1449243,-10.29775837,3.40758468,3.0857094,27.34889924,-9.95009806,-3.73731701,-37.37621254,-5.152594,-0.39552571
55.035,0.69752519,5.51778434,-6.19011848,-9.63833557,3.53256646,3.42863663,27.19892665,-10.01278529,-3.83516042,-35.14049086,-4.87918319,-0.08660396
55.04,0.11800023,5.66676444,-6.23817104,-9.00078133,3.67453262,3.77728171,27.02326713,-10.08583904,-3.91529977,-32.87551856,-4.58658245,0.2420797
55.045,-0.43743638,5.82759622,-6.26660923,-8.3924422,3.82550144,4.12004949,26.83474356,-10.16798353,-3.97330502,-30.58953508,-4.29887922,0.58346577
55.05,-0.99686088,5.99971185,-6.3031925,-7.80968022,4.00359173,4.48196757,26.60845266,-10.26220254,-4.0205214,-28.28842522,-3.99244493,0.94711775
55.055,-1.53134893,6.18652008,-6.32632447,-7.26073528,4.19308749,4.83145604,26.37391516,-10.37247046,-4.04963812,-25.98552714,-3.70103591,1.3042968
55.06,-2.06667741,6.38257713,-6.34460742,-6.74516946,4.41493133,5.19610586,26.11048787,-10.49315362,-4.06341673,-23.69240294,-3.40806131,1.67216917
55.065,-2.58386592,6.58987914,-6.34624072,-6.26137845,4.65612422,5.55303476,25.8385086,-10.63117219,-4.07054804,-21.42042462,-3.14380163,2.03232694
55.07,-3.09352219,6.80633227,-6.33540872,-5.81513749,4.92533002,5.9153501,25.5519293,-10.78350731,-4.07314824,-19.18492088,-2.90080111,2.38820748
55.075,-3.58686643,7.02706822,-6.31096891,-5.4149262,5.21559629,6.2747831,25.25909408,-10.94755861,-4.06450155,-17.00078196,-2.68326636,2.72478658
55.08,-4.01788252,7.25246475,-6.24160757,-5.06516926,5.48722384,6.58102344,25.00077755,-11.1344829,-4.09584097,-14.87896133,-2.54718874,3.0061622
55.085,-4.54334993,7.47380886,-6.2303687,-4.73319311,5.89073146,6.99632349,24.66333446,-11.31101255,-4.09678063,-12.855464,-2.34857791,3.35104539
55.09,-4.99683003,7.69331375,-6.16755504,-4.46618173,6.28055873,7.35409846,24.37589464,-11.50118787,-4.12304585,-10.93239949,-2.23538615,3.63059336
55.095,-5.44122715,7.90829477,-6.10187067,-4.25269713,6.7062396,7.7234802,24.09687645,-11.69420401,-4.15265904,-9.13720258,-2.13511169,3.88987887
55.1,-5.86876083,8.10907354,-6.03674544,-4.0926019,7.16682219,8.09250755,23.83663295,-11.87801471,-4.18986403,-7.48020799,-2.05409291,4.12145286
55.105,-6.2800159,8.28845426,-5.978224,-3.98866168,7.66016623,8.46810404,23.59593884,-12.0459917,-4.23594281,-5.97177892,-1.98934218,4.32292132
55.11,-6.6693013,8.44388626,-5.92198155,-3.94404455,8.18628519,8.83680928,23.38238094,-12.19185573,-4.29252022,-4.61912676,-1.94457508,4.48615774
55.115,-7.04246424,8.56305352,-5.88375421,-3.96255716,8.74372953,9.22294625,23.18719121,-12.30612805,-4.36119242,-3.42662798,-1.91337323,4.61410098
55.12,-7.40269038,8.64966412,-5.86493003,-4.03719351,9.32106269,9.62951574,23.01426317,-12.3877171,-4.42990267,-2.40000431,-1.89950136,4.70736669
55.125,-7.72556287,8.69186846,-5.85691076,-4.18990712,9.93209474,9.99987748,22.8744954,-12.42800246,-4.51704942,-1.5398688,-1.90137551,4.74270476
55.13,-8.0436684,8.69466374,-5.88167168,-4.3990683,10.56121349,10.42745939,22.74869468,-12.42864525,-4.60064571,-0.84683986,-1.9250958,4.74375016
55.135,-8.32834149,8.65030025,-5.9224144,-4.68628118,11.20739245,10.83041155,22.65300079,-12.38361121,-4.68967062,-0.3213134,-1.96471874,4.6905196
55.14,-8.60292162,8.56965449,-6.00699928,-5.03358964,11.87058039,11.26064217,22.58045507,-12.30067617,-4.77177455,0.03154057,-2.03383797,4.59432808
55.145,-8.84489039,8.43583476,-6.10580571,-5.4594783,12.53133925,11.68402592,22.53374222,-12.16779145,-4.85166105,0.22453743,-2.12160034,4.44262619
55.15,-9.06902348,8.25957224,-6.24312729,-5.9500172,13.20523618,12.10517319,22.51390371,-11.99036008,-4.91849679,0.25178465,-2.23406922,4.24128496
55.155,-9.26422283,8.03817162,-6.40950754,-6.51775706,13.87048287,12.5174829,22.51534027,-11.77277598,-4.97493087,0.13218893,-2.37096353,3.98807984
55.16,-9.43482685,7.77261498,-6.5926975,-7.15964916,14.52199863,12.93133574,22.54593091,-11.51428504,-5.01603956,-0.14820003,-2.54048145,3.68332728
55.165,-9.58194538,7.46502021,-6.82340715,-7.87198635,15.15598602,13.34542828,22.60229565,-11.21639383,-5.03348618,-0.57692861,-2.74041789,3.32215693
55.17,-9.70180338,7.1211665,-7.06304674,-8.65624397,15.75718394,13.73261931,22.68632232,-10.88969746,-5.03417592,-1.14755124,-2.97028151,2.92039454
55.175,-9.79735176,6.73702257,-7.38571098,-9.51019233,16.30631969,14.15349557,22.79983439,-10.51742667,-4.98604013,-1.84834389,-3.23626862,2.43476928
55.18,-9.84551191,6.32856144,-7.62301148,-10.46906595,16.84930508,14.49964327,22.92611525,-10.15191284,-4.95727609,-2.66308575,-3.53930702,1.95090184
55.185,-9.8681044,5.88606716,-7.93042528,-11.49285036,17.32661106,14.85732385,23.08479803,-9.7494423,-4.8697206,-3.59652084,-3.87172883,1.3944386
55.19,-9.85317338,5.41790811,-8.24022676,-12.59799816,17.73564306,15.18844893,23.26442252,-9.33323467,-4.75803437,-4.62756359,-4.23194273,0.80369071
55.195,-9.79711723,4.92507984,-8.53846772,-13.78840923,18.08921537,15.48748138,23.46262271,-8.9068377,-4.62892204,-5.74576436,-4.61666327,0.18719434
55.2,-9.69717458,4.41017376,-8.83300502,-15.06451463,18.36644581,15.75596996,23.67724705,-8.47124103,-4.47519644,-6.93659216,-5.01538097,-0.45325867
55.205,-9.54772594,3.87195173,-9.12209795,-16.42107097,18.52479613,16.00323765,23.910827,-8.02028713,-4.26914821,-8.18537695,-5.42144406,-1.13060496
55.21,-9.35019889,3.31836735,-9.35607193,-17.87876618,18.66618367,16.18967153,24.13783237,-7.58854544,-4.12945207,-9.47867494,-5.82912772,-1.7596363
55.215,-9.09621809,2.74324649,-9.57624821,-19.41966395,18.68222974,16.35005808,24.37487148,-7.14482228,-3.94557065,-10.79993237,-6.22036365,-2.40967236
55.22,-8.78358958,2.1502017,-9.75216668,-21.05117433,18.59338892,16.46944589,24.60663472,-6.70567677,-3.77349214,-12.13335169,-6.58712719,-3.03388704
55.225,-8.40805727,1.53731299,-9.87758408,-22.76969776,18.39963888,16.55142556,24.83302667,-6.26788511,-3.61236442,-13.46718703,-6.91953834,-3.63365777
55.23,-7.97052035,0.9099791,-9.95049173,-24.57535448,18.09085471,16.59190148,25.04741076,-5.83670805,-3.46974344,-14.79069746,-7.19956543,-4.18893685
55.235,-7.4627721,0.25605244,-9.97626223,-26.47331301,17.67856438,16.59252117,25.23974476,-5.41080419,-3.38532717,-16.08046693,-7.42463727,-4.69095091
55.24,-6.88361998,-0.40756369,-9.93886701,-28.44647611,17.14591659,16.55812059,25.4256835,-4.99170201,-3.30856927,-17.34680474,-7.58680108,-5.15290566
55.245,-6.23177584,-1.09172856,-9.85459171,-30.49836988,16.49535309,16.48696818,25.59167363,-4.57984036,-3.2810386,-18.56909334,-7.66996932,-5.56378514
55.25,-5.50774055,-1.7933624,-9.71285493,-32.61879818,15.72532909,16.38411311,25.7378596,-4.17053481,-3.29549903,-19.74353795,-7.67391096,-5.91760809
55.255,-4.70661399,-2.50912031,-9.51513581,-34.80032966,14.84052826,16.24735211,25.8702905,-3.76531237,-3.34940281,-20.86754581,-7.59439881,-6.2201982
55.26,-3.83086319,-3.23681705,-9.26710878,-37.03475573,13.83907159,16.07913066,25.98534629,-3.36638088,-3.45080405,-21.93552123,-7.43107684,-6.46750721
55.265,-2.87967117,-3.97201741,-8.96788681,-39.30915002,12.72952272,15.87613943,26.08651087,-2.97196423,-3.5920227,-22.94549096,-7.17971266,-6.66153154
55.27,-1.87935177,-4.71866076,-8.63750357,-41.60644133,11.51618438,15.6544152,26.15840365,-2.57796533,-3.78144188,-23.89934999,-6.85040493,-6.80038023
55.275,-0.77482949,-5.44302409,-8.25117465,-43.9236616,10.23208082,15.35701829,26.2536386,-2.20097032,-3.97887458,-24.80305625,-6.37580783,-6.90429863
55.28,0.34656418,-6.17558079,-7.83891114,-46.23030461,8.85748243,15.06040169,26.2890724,-1.82178376,-4.2291608,-25.62978737,-5.88797356,-6.93561031
55.285,1.51543031,-6.89656851,-7.3980874,-48.52161359,7.41326128,14.7261509,26.29882101,-1.44713719,-4.50474409,-26.38791324,-5.31878019,-6.92690457
55.29,2.71199741,-7.59835738,-6.93991815,-50.7803845,5.93076843,14.36310385,26.27576839,-1.0792344,-4.7951685,-27.0803029,-4.69959965,-6.87407743
55.295,3.93282451,-8.27801076,-6.46724935,-52.99481373,4.42210145,13.96117936,26.22132327,-0.71903072,-5.10431961,-27.70935087,-4.03676548,-6.78392994
55.3,5.16600901,-8.92961262,-5.98594163,-55.15418328,2.91593601,13.51784405,26.12502884,-0.36513049,-5.4165194,-28.265281,-3.33754778,-6.67108204
55.305,6.41195695,-9.54301294,-5.50427225,-57.2477333,1.41488358,13.04530532,25.99811415,-0.02380222,-5.72425293,-28.75580271,-2.61171023,-6.51658328
55.31,7.65233429,-10.12202294,-5.03174848,-59.26692563,-0.04659024,12.53041355,25.82751625,0.30821699,-6.0308965,-29.17965606,-1.87562816,-6.35127771
55.315,8.88723105,-10.65701724,-4.57179116,-61.20472677,-1.45943688,11.98160668,25.61903483,0.62679543,-6.32240599,-29.5365227,-1.1353026,-6.16534196
55.32,10.10778942,-11.14634385,-4.1324516,-63.05438643,-2.80589475,11.40273224,25.37014236,0.93129666,-6.59489951,-29.82859256,-0.40315324,-5.96690728
55.325,11.30762469,-11.59097624,-3.71657321,-64.81109078,-4.07319528,10.78991776,25.07776264,1.2234374,-6.84533289,-30.0526019,0.30599297,-5.7664992
55.33,12.48299154,-11.98604062,-3.33284785,-66.47006608,-5.25201845,10.15006325,24.74665645,1.49909584,-7.06682508,-30.21386451,0.99040459,-5.56303503
55.335,13.62737509,-12.33329138,-2.98380395,-68.02712544,-6.33247162,9.48608242,24.37375931,1.75961757,-7.25459984,-30.3102725,1.63706677,-5.36421181
55.34,14.73841238,-12.6312662,-2.67590761,-69.47969885,-7.31101651,8.80014803,23.96359984,2.00225737,-7.40799401,-30.34665665,2.24236905,-5.1717699
55.345,15.81064566,-12.88385939,-2.41318274,-70.82563851,-8.1823463,8.10157936,23.51491516,2.22792817,-7.52456539,-30.32405318,2.79552701,-4.99251615
55.35,16.84242867,-13.0893426,-2.19767054,-72.06195604,-8.94537431,7.39269691,23.03124209,2.43437525,-7.59968303,-30.24447458,3.29732036,-4.82590085
55.355,17.83316262,-13.25298763,-2.02981887,-73.18932129,-9.60247688,6.66969183,22.51300657,2.62349563,-7.63750129,-30.10775416,3.74029783,-4.67930901
55.36,18.7782916,-13.37695134,-1.91455552,-74.20487175,-10.15140118,5.95564949,21.96315935,2.79370575,-7.63350359,-29.91919624,4.12744124,-4.55206715
55.365,19.67882139,-13.46241178,-1.85033469,-75.10917551,-10.59766096,5.2465611,21.38491859,2.94366703,-7.58972117,-29.68179874,4.45557968,-4.44332742
55.37,20.53428737,-13.53551569,-1.82647862,-75.91059362,-10.91548286,4.59142535,20.7717728,3.09232568,-7.52072971,-29.3904473,4.68184135,-4.34828237
55.375,21.34489861,-13.54133271,-1.86991968,-76.58539195,-11.19083495,3.87940899,20.14732332,3.19146882,-7.3934616,-29.05907019,4.9224815,-4.27975396
55.38,22.11123155,-13.53243261,-1.95365597,-77.15894211,-11.35551195,3.23241097,19.49965809,3.28094648,-7.23979713,-28.69326458,5.08728149,-4.22409614
55.385,22.83167398,-13.49359885,-2.08579626,-77.62152476,-11.45178958,2.60630524,18.83353623,3.34661594,-7.05095398,-28.29028106,5.21509213,-4.19091025
55.39,23.50883973,-13.43473203,-2.25920273,-77.9775466,-11.47721799,2.02063213,18.1504756,3.39392064,-6.83454005,-27.85220978,5.29609167,-4.17175519
55.395,24.1441497,-13.35602127,-2.47116496,-78.2281111,-11.44138969,1.48116028,17.45302195,3.42139949,-6.59287236,-27.38304939,5.34209633,-4.16881031
55.4,24.73773017,-13.26058513,-2.71699601,-78.37623979,-11.35516599,0.98937303,16.7430223,3.42994252,-6.33047501,-26.88574513,5.3552402,-4.17843289
55.405,25.29347858,-13.15257512,-2.99225522,-78.42382525,-11.22595808,0.55270654,16.02393641,3.42121664,-6.05198265,-26.36346864,5.33997324,-4.19615354
55.41,25.81150544,-13.03279399,-3.29384022,-78.37471551,-11.06289632,0.17141761,15.29641009,3.3943191,-5.76220566,-25.81925484,5.30126526,-4.22115188
55.415,26.2937814,-12.90397916,-3.61717679,-78.23064322,-10.8782102,-0.15081708,14.5637571,3.35153456,-5.463679,-25.25679346,5.24393892,-4.2493756
55.42,26.78697535,-12.75190606,-3.92033977,-78.00831565,-10.63198374,-0.40036102,13.85922822,3.2905525,-5.17912032,-24.68542742,5.16949002,-4.24394336
55.425,27.16495557,-12.63019495,-4.30624363,-77.67259003,-10.49203426,-0.60252214,13.09065342,3.22551369,-4.85830527,-24.08629672,5.1000192,-4.30380906
55.43,27.55367433,-12.48878976,-4.66450901,-77.26489501,-10.30227156,-0.73879353,12.3506979,3.14602185,-4.5591092,-23.48345374,5.01790667,-4.33256217
55.435,27.92578015,-12.33515791,-5.01558436,-76.77900081,-10.12234958,-0.81439871,11.62149423,3.05485114,-4.25595907,-22.87786294,4.93774493,-4.34486178
55.44,28.24848346,-12.20451325,-5.39303281,-76.20783429,-9.97559622,-0.82666964,10.87558884,2.96131443,-3.97668004,-22.25717681,4.86432757,-4.36913454
55.445,28.5575364,-12.06476332,-5.75917376,-75.56410168,-9.84787091,-0.78412192,10.14433956,2.85891127,-3.6992901,-21.63998037,4.80311697,-4.3785198
55.45,28.84357097,-11.92897088,-6.11406141,-74.85003342,-9.74829677,-0.68848069,9.41391279,2.75659634,-3.43753382,-21.01800981,4.74066577,-4.37558754
55.455,29.10341163,-11.79977448,-6.46748789,-74.06406533,-9.67926331,-0.5419649,8.68904414,2.65269186,-3.18933311,-20.39910536,4.69642932,-4.36520101
55.46,29.34195379,-11.67516531,-6.81329369,-73.21241842,-9.6426737,-0.34919949,7.97196685,2.5484986,-2.95595669,-19.78574966,4.66924338,-4.34379292
55.465,29.55548719,-11.55723978,-7.15303843,-72.29020552,-9.63681665,-0.11099832,7.26045835,2.44541003,-2.73960355,-19.17442324,4.65423429,-4.31000829
55.47,29.75288343,-11.44550475,-7.47797771,-71.30724841,-9.66183673,0.16284761,6.55990955,2.34762168,-2.53980324,-18.57158771,4.65596579,-4.26329213
55.475,29.92878936,-11.33868589,-7.79634931,-70.25939699,-9.72184222,0.47708357,5.87162349,2.25016639,-2.35504534,-17.97923193,4.67681339,-4.20567106
55.48,30.07696476,-11.23951517,-8.10279522,-69.15018612,-9.79886508,0.82436169,5.18531216,2.16182287,-2.1823181,-17.39587106,4.71691411,-4.13579568
55.485,30.20639174,-11.1481014,-8.39870463,-67.98141353,-9.90113168,1.20157863,4.51111182,2.07919278,-2.030546,-16.82418826,4.76960571,-4.0527338
55.49,30.31310975,-11.0624665,-8.68514268,-66.75155801,-10.02330655,1.60982595,3.84774052,2.00201974,-1.88995323,-16.26633468,4.84231129,-3.95892198
55.495,30.39783404,-10.98504867,-8.95960453,-65.46143216,-10.1548637,2.0403736,3.195555,1.93602946,-1.76674523,-15.72300439,4.93061838,-3.85368995
55.5,30.45913527,-10.91295411,-9.22422316,-64.11210143,-10.29544162,2.49742702,2.55286938,1.87679416,-1.65377192,-15.19334747,5.03628388,-3.737693
55.505,30.49899684,-10.84566883,-9.47914704,-62.70310721,-10.43995306,2.97668305,1.92367152,1.82563859,-1.5520084,-14.6804548,5.15872038,-3.61407042
55.51,30.51452266,-10.78413198,-9.72548819,-61.23408885,-10.5846154,3.47969744,1.30700251,1.78275828,-1.46506632,-14.18577339,5.29425669,-3.48211209
55.515,30.50363258,-10.72430496,-9.95849273,-59.70602995,-10.71451033,4.00302435,0.69771308,1.74871818,-1.38266139,-13.70531446,5.44575831,-3.33881804
55.52,30.46797324,-10.66817299,-10.18204046,-58.11722778,-10.83384774,4.54579276,0.09976465,1.72371273,-1.3144917,-13.24190786,5.60715313,-3.18687553
55.525,30.40672977,-10.61388598,-10.3960833,-56.46727132,-10.93531237,5.10736134,-0.48636112,1.70682817,-1.25484785,-12.79612663,5.78160979,-3.02869841
55.53,30.31978706,-10.55903068,-10.60145671,-54.7552484,-11.01648702,5.68934193,-1.05926353,1.69624218,-1.20197009,-12.36842494,5.96883586,-2.8668145
55.535,30.20741111,-10.50667142,-10.80200426,-52.98185666,-11.07435902,6.28838513,-1.61835226,1.69314903,-1.16310296,-11.9590992,6.16705101,-2.70396631
55.54,30.06392137,-10.44287595,-10.97356981,-51.14423832,-11.09527877,6.90562948,-2.17359907,1.69727605,-1.12043168,-11.56355036,6.36926053,-2.52457371
55.545,29.89630373,-10.3855222,-11.15361512,-49.24451661,-11.09555589,7.54240239,-2.7080653,1.70757622,-1.08984881,-11.19035719,6.59018812,-2.35579324
55.55,29.6961554,-10.31717334,-11.30555634,-47.28086185,-11.05370215,8.19601518,-3.2382024,1.72434034,-1.05735807,-10.83112253,6.81520178,-2.17429313
55.555,29.46582323,-10.2448087,-11.45179239,-45.25330273,-10.97272142,8.85609358,-3.75891072,1.74588736,-1.04851702,-10.48678974,7.04559644,-1.9921379
55.56,29.20563863,-10.16400075,-11.57647654,-43.16185476,-10.86478448,9.5413312,-4.2641041,1.77199478,-1.02156969,-10.16624306,7.28913755,-1.80742311
55.565,28.91833523,-10.07822179,-11.68658564,-41.01000518,-10.71875775,10.22403065,-4.75761601,1.80355237,-1.01049798,-9.85815785,7.53782966,-1.62616092
55.57,28.58729445,-9.99756384,-11.79487348,-38.80096829,-10.52355238,10.91839579,-5.2566774,1.84540987,-1.01465514,-9.56020045,7.80368473,-1.43652287
55.575,28.23927584,-9.90107599,-11.86777815,-36.53472376,-10.3121945,11.60566826,-5.7284546,1.8902049,-1.00557432,-9.29216357,8.07118773,-1.25466061
55.58,27.86746228,-9.80335505,-11.91776742,-34.21927428,-10.07428397,12.2835415,-6.18465732,1.94362073,-0.99723474,-9.04232998,8.34675925,-1.07946089
55.585,27.45437924,-9.71784918,-11.95981235,-31.8649051,-9.79764437,12.95880442,-6.65274653,2.01211866,-0.99226799,-8.79847285,8.64254921,-0.89202907
55.59,27.02610085,-9.63083913,-11.97332749,-29.47508037,-9.50851265,13.59785552,-7.10170903,2.08859649,-0.98800255,-8.57539868,8.94625647,-0.71474428
55.595,26.57217564,-9.553745,-11.96633913,-27.06232108,-9.20370732,14.20931383,-7.54804212,2.17959012,-0.97643156,-8.3694521,9.26481992,-0.5340303
55.6,26.1033684,-9.48722402,-11.93403518,-24.63887909,-8.89063691,14.77041717,-7.98734149,2.28454249,-0.96003577,-8.17810421,9.5961916,-0.35589342
55.605,25.62147541,-9.43402972,-11.87889265,-22.21695606,-8.5777178,15.28096681,-8.41814346,2.40266248,-0.93757855,-8.00834647,9.94190836,-0.17888054
55.61,25.14178937,-9.39746598,-11.79636886,-19.81501829,-8.27234289,15.72114952,-8.83339635,2.53674166,-0.90593208,-7.8604998,10.29910545,-0.01134315
55.615,24.66039525,-9.38025739,-11.69726767,-17.44647828,-7.98272643,16.09549275,-9.23795819,2.68325444,-0.86047482,-7.73820897,10.67127336,0.1535474
55.62,24.18606724,-9.38475769,-11.58417428,-15.13158052,-7.70773925,16.391938,-9.63066822,2.84340527,-0.80250038,-7.63983277,11.05845133,0.31136797
55.625,23.728617,-9.41349536,-11.45536391,-12.89562275,-7.44086835,16.61065527,-10.01308467,3.01897071,-0.73792265,-7.56249568,11.45394605,0.46688246
55.63,23.29458238,-9.46012419,-11.32262789,-10.75856505,-7.18456038,16.75482987,-10.38111109,3.20095433,-0.65954796,-7.51225058,11.86591397,0.61493201
55.635,22.89081969,-9.52593454,-11.19229272,-8.74316854,-6.93392609,16.82687018,-10.73671436,3.39006733,-0.57594403,-7.48976295,12.29739833,0.75483016
55.64,22.59224421,-9.63372761,-11.03072433,-6.89445584,-6.68534817,16.8375123,-11.03132048,3.61840119,-0.46427339,-7.4975296,12.74979302,0.79381355
55.645,22.20291221,-9.69484767,-10.95360723,-5.138624,-6.4514433,16.77000421,-11.39974971,3.76604526,-0.3815591,-7.53227274,13.18538664,1.01431032
55.65,21.923068,-9.78206834,-10.85810027,-3.57454507,-6.20722754,16.65936874,-11.71131736,3.94013432,-0.28162426,-7.6006809,13.65272192,1.14208007
55.655,21.67871317,-9.86036967,-10.79266439,-2.17246592,-5.98393461,16.48716309,-12.01795914,4.09294496,-0.19005259,-7.69549044,14.1266097,1.28319459
55.66,21.48116769,-9.92392426,-10.74902603,-0.94153449,-5.75937009,16.26760461,-12.30336659,4.22114542,-0.09266418,-7.83361748,14.60416194,1.41247028
55.665,21.32542437,-9.96740097,-10.73488213,0.11571404,-5.54435354,16.00462488,-12.57515591,4.31973627,-0.00045956,-8.00992892,15.08455563,1.54152463
55.67,21.20915002,-9.98451502,-10.75119249,0.99901553,-5.34375723,15.70021639,-12.83600947,4.38424384,0.08149063,-8.2229494,15.56575622,1.67827577
55.675,21.13322602,-9.97495522,-10.79653625,1.70516471,-5.15700395,15.36538224,-13.08458829,4.41490675,0.1504758,-8.47717318,16.0472861,1.81477565
55.68,21.09513654,-9.93220135,-10.87050376,2.23789139,-4.98566939,15.0036475,-13.32091599,4.40592348,0.20690089,-8.77193178,16.52191265,1.95254892
55.685,21.09233078,-9.86008926,-10.97809649,2.59783514,-4.82954733,14.62610901,-13.54297381,4.35771768,0.25938225,-9.11330334,16.97900643,2.08147184
55.69,21.12374354,-9.74623414,-11.10780839,2.78388359,-4.70398988,14.21427881,-13.75494732,4.26298115,0.27061045,-9.50333475,17.42696791,2.23198443
55.695,21.18530524,-9.60246357,-11.26272884,2.81096402,-4.60113394,13.79619221,-13.95753528,4.12993035,0.27455194,-9.92973364,17.85112272,2.37740474
55.7,21.27770214,-9.42395058,-11.43569627,2.67584873,-4.53082974,13.36479798,-14.14900087,3.95437133,0.24273599,-10.40429145,18.24169567,2.5309887
55.705,21.3982687,-9.22159349,-11.63161316,2.3848491,-4.49846951,12.92502983,-14.32907754,3.74501843,0.19460404,-10.9276344,18.60316165,2.68455613
55.71,21.54595376,-8.98511476,-11.82301362,1.9451956,-4.50632912,12.46772287,-14.49771017,3.49338473,0.10636799,-11.50018452,18.92141753,2.86192419
55.715,21.71773356,-8.73824192,-12.04144205,1.36304894,-4.5608469,12.01359082,-14.65426381,3.21495779,0.00333599,-12.12182,19.20481874,3.02316183
55.72,21.91236735,-8.46920983,-12.24907105,0.64779937,-4.66021423,11.54884899,-14.79636045,2.90595875,-0.13756162,-12.80078307,19.43374918,3.1989666
55.725,22.12704696,-8.18651113,-12.45412251,-0.18963394,-4.8053387,11.08118065,-14.922646,2.56889153,-0.30847117,-13.53462137,19.60982931,3.37347278
55.73,22.35242583,-7.88175679,-12.68176499,-1.1514495,-4.90119535,10.72990728,-15.05156188,2.197114,-0.46983674,-14.29981551,19.66219959,3.4305114
55.735,22.61164775,-7.59314147,-12.81297777,-2.19689167,-5.24798099,10.11639225,-15.12167185,1.82863496,-0.73527001,-15.1736155,19.78422675,3.75129518
55.74,22.87902705,-7.28865709,-12.96147512,-3.34518155,-5.52906324,9.63765904,-15.19086971,1.43302184,-1.00390718,-16.08148347,19.7718295,3.93380714
55.745,23.15489984,-6.9817617,-13.08170092,-4.56701008,-5.85200883,9.15010063,-15.23306597,1.01924196,-1.29497551,-17.05527152,19.68817283,4.12386864
55.75,23.44168624,-6.67336985,-13.15100271,-5.85433822,-6.21417378,8.64764284,-15.24117136,0.59534512,-1.61447936,-18.10369966,19.53421163,4.32856421
55.755,23.73146787,-6.36608666,-13.19630449,-7.19096594,-6.59088475,8.16205927,-15.22040206,0.16012015,-1.95530007,-19.21611417,19.29862594,4.52142531
55.76,24.02249254,-6.05970111,-13.21634913,-8.56825223,-6.98173704,7.69034826,-15.16494417,-0.28737182,-2.32102253,-20.39680785,18.98264512,4.70705906
55.765,24.31542649,-5.74806221,-13.19405491,-9.97268742,-7.37517345,7.21686097,-15.06453381,-0.74827689,-2.70696977,-21.65580999,18.58035077,4.89705201
55.77,24.60152251,-5.43472835,-13.11913466,-11.38281049,-7.75009531,6.75023433,-14.9136345,-1.21854035,-3.09314117,-22.99986396,18.09695884,5.08663333
55.775,24.87719022,-5.11817642,-13.04062307,-12.79358566,-8.10948443,6.32664297,-14.72563808,-1.70370821,-3.49401009,-24.40389532,17.52161319,5.25712232
55.78,25.14379206,-4.79645199,-12.93418734,-14.19379201,-8.43211009,5.9146526,-14.48216372,-2.20413814,-3.90133484,-25.88848543,16.8578493,5.41964855
55.785,25.39757183,-4.46972776,-12.82628264,-15.57510578,-8.70907846,5.52970488,-14.18733764,-2.72389065,-4.31928641,-27.44164615,16.09848987,5.56621921
55.79,25.63702578,-4.13072529,-12.66752824,-16.91878634,-8.92427306,5.1579031,-13.82339934,-3.25907229,-4.70025281,-29.08489994,15.25972271,5.70083529
55.795,25.86108645,-3.78770394,-12.52741409,-18.22892237,-9.07835773,4.81501782,-13.40426095,-3.81680586,-5.09100469,-30.78915813,14.32744848,5.81004831
55.8,26.07098255,-3.43086008,-12.35913774,-19.49515981,-9.15476376,4.4914537,-12.91702743,-4.39255251,-5.4355692,-32.56626754,13.31302483,5.8996718
55.805,26.26866668,-3.06628209,-12.19509781,-20.71588492,-9.15762465,4.18506792,-12.36135752,-4.98932586,-5.76173846,-34.40464718,12.21891675,5.95848372
55.81,26.44670784,-2.69348388,-12.03618331,-21.88214909,-9.07247363,3.89862889,-11.73927281,-5.60784338,-6.05688202,-36.30380082,11.04731177,5.99178317
55.815,26.61739874,-2.31188433,-11.87317413,-22.99996766,-8.91402303,3.62367344,-11.04518743,-6.24032344,-6.30630792,-38.24878806,9.81503897,5.98826667
55.82,26.78171573,-1.9236389,-11.7185152,-24.06888869,-8.67258699,3.35270482,-10.2790462,-6.88754258,-6.50960299,-40.23527799,8.52104547,5.94980717
55.825,26.9251182,-1.53125447,-11.56543543,-25.07737301,-8.34483459,3.08651924,-9.44780444,-7.54573109,-6.65997074,-42.25546118,7.18608521,5.88326545
55.83,27.04509554,-1.1300245,-11.42489912,-26.02564011,-7.95703498,2.83256415,-8.56602973,-8.21141912,-6.76203689,-44.29239596,5.83004689,5.78931397
55.835,27.18586019,-0.74978841,-11.27688512,-26.93790365,-7.45568002,2.53342352,-7.59270492,-8.85040044,-6.7888912,-46.339874,4.45821398,5.64612488
55.84,27.28266733,-0.35214547,-11.14513294,-27.77391123,-6.93249579,2.25907262,-6.58737157,-9.50437417,-6.77414134,-48.38205751,3.0866513,5.48202312
55.845,27.33251629,0.05940684,-11.02211283,-28.52849029,-6.39192022,1.99877656,-5.55129175,-10.16346497,-6.70868179,-50.40963698,1.73309232,5.30291035
55.85,27.41827673,0.43065416,-10.89655027,-29.26620927,-5.74802444,1.67780312,-4.43360527,-10.76336593,-6.57539353,-52.41047566,0.41362163,5.07171998
55.855,27.42417695,0.82756479,-10.78505879,-29.90074011,-5.13562931,1.3862104,-3.31467839,-11.37431177,-6.39442029,-54.37605901,-0.85510528,4.8395803
55.86,27.45446221,1.18219113,-10.66440118,-30.51319559,-4.44470176,1.0392217,-2.13440064,-11.91546031,-6.16243647,-56.2944233,-2.05598439,4.56747027
55.865,27.43080719,1.5398474,-10.54996377,-31.04434937,-3.77425452,0.69784148,-0.94583417,-12.43501961,-5.8849395,-58.15856383,-3.18097592,4.29050006
55.87,27.3708704,1.88315147,-10.44285365,-31.51333959,-3.10855105,0.34359368,0.25549384,-12.91565094,-5.57021125,-59.95963322,-4.22000835,3.99783988
55.875,27.23584763,2.23312253,-10.3487284,-31.89115537,-2.49495721,0.00810828,1.44115078,-13.3715421,-5.20961235,-61.69017808,-5.17013298,3.71176072
55.88,27.16174477,2.51536099,-10.20124338,-32.26549427,-1.79956343,-0.40872247,2.69353151,-13.70853807,-4.83066369,-63.34199482,-5.99831065,3.37656961
55.885,27.00105502,2.80282527,-10.08157313,-32.54959253,-1.18367739,-0.79713772,3.91064818,-14.02763731,-4.42662361,-64.91183203,-6.72910526,3.05340124
55.89,26.80352463,3.06881057,-9.95729138,-32.77330346,-0.59835558,-1.18993436,5.11936965,-14.28993708,-4.0084961,-66.39142891,-7.35332543,2.72702147
55.895,26.54187098,3.32313273,-9.85452041,-32.92909353,-0.07644643,-1.56096223,6.29555499,-14.51579332,-3.57830054,-67.78010448,-7.87438901,2.40489886
55.9,26.27408169,3.54128574,-9.7178888,-33.03604832,0.44012229,-1.95710348,7.47565852,-14.65951555,-3.15093202,-69.0662981,-8.28453205,2.07055104
55.905,25.95979853,3.74004617,-9.58215381,-33.08073537,0.89981531,-2.33369072,8.62458317,-14.75365229,-2.73074172,-70.24970694,-8.58748755,1.74234604
55.91,25.6115804,3.91599256,-9.44188179,-33.07252091,1.32293205,-2.70314502,9.745275,-14.79475767,-2.32550213,-71.32692479,-8.79178552,1.41869853
55.915,25.21956052,4.06902,-9.29924647,-33.00825099,1.69489117,-3.04820566,10.82848521,-14.79037453,-1.94166899,-72.29466277,-8.90049826,1.10409119
55.92,24.79914415,4.19804196,-9.15022188,-32.89030284,2.02313027,-3.37679999,11.88224114,-14.73814909,-1.58335992,-73.15059224,-8.92507807,0.7971183
55.925,24.34339994,4.30745174,-9.00050605,-32.72181872,2.30605941,-3.67746319,12.89504578,-14.64615398,-1.25489343,-73.89384534,-8.8706729,0.50543394
55.93,23.85623898,4.39485813,-8.84784602,-32.50415965,2.55217494,-3.95300305,13.8683698,-14.51805705,-0.96165047,-74.52279774,-8.74761914,0.23215354
55.935,23.26526094,4.45226605,-8.67323873,-32.23641828,2.81948679,-4.14023597,14.70599378,-14.3503361,-0.74325916,-75.01274658,-8.52749001,0.0161509
55.94,22.75454336,4.51676146,-8.56424802,-31.90761765,2.91512747,-4.360935,15.66125383,-14.1882527,-0.48431115,-75.4306094,-8.31479952,-0.26239864
55.945,22.14027276,4.53321092,-8.40170732,-31.55099128,3.09739168,-4.49161642,16.44982566,-13.97020097,-0.33686001,-75.69665093,-8.02838676,-0.45615322
55.95,21.56057927,4.56560561,-8.28079851,-31.14149597,3.15487788,-4.63028631,17.29140402,-13.7700239,-0.17368265,-75.88269133,-7.71866229,-0.65701304
55.955,20.91792881,4.55074137,-8.14072941,-30.69546343,3.25820595,-4.69083427,18.02169408,-13.53078148,-0.10327907,-75.92597978,-7.40410575,-0.81852208
55.96,20.27246549,4.53979169,-8.00944516,-30.22266293,3.31076297,-4.72088525,18.73962523,-13.29338901,-0.03742698,-75.8833739,-7.05099422,-0.97045948
55.965,19.6071134,4.51562122,-7.89256167,-29.70239388,3.34105681,-4.71560414,19.41616339,-13.05870829,-0.02184291,-75.72520957,-6.70481254,-1.08556127
55.97,18.92060473,4.48053075,-7.78231582,-29.14798203,3.35587049,-4.66824346,20.04707104,-12.82605409,-0.0467051,-75.46141954,-6.35381936,-1.16736105
55.975,18.21742359,4.43435791,-7.68139087,-28.56564649,3.35900862,-4.57559482,20.63145226,-12.59542768,-0.11286756,-75.09328762,-6.0103824,-1.22007579
55.98,17.48449055,4.37682457,-7.57721859,-27.95115576,3.35963796,-4.42680285,21.15885116,-12.36964627,-0.22255449,-74.62365147,-5.68305595,-1.23538807
55.985,16.68985257,4.32090125,-7.47848778,-27.30317107,3.41461383,-4.19774914,21.58755337,-12.17987691,-0.40550117,-74.04528964,-5.40175149,-1.18068252
55.99,15.93300364,4.24735668,-7.39848594,-26.64103632,3.42582523,-3.96567837,22.03276389,-11.97581651,-0.5891226,-73.38309388,-5.15224973,-1.16462436
55.995,15.17210737,4.1676161,-7.32522724,-25.96177734,3.43718794,-3.70061641,22.44224613,-11.78374351,-0.80777498,-72.63224234,-4.93961996,-1.12873544
56,14.40760108,4.0842863,-7.25934399,-25.26500348,3.45035245,-3.40605891,22.81886954,-11.60484092,-1.05464522,-71.7956653,-4.76563158,-1.07982345
56.005,13.63745537,3.99629459,-7.20515859,-24.55489508,3.47165626,-3.07916821,23.15791037,-11.44059399,-1.33168496,-70.87715195,-4.63066984,-1.0187405
56.01,12.86757033,3.90426906,-7.15759509,-23.83318859,3.49750588,-2.72543944,23.4652849,-11.28415648,-1.62981235,-69.88116557,-4.53420131,-0.94958968
56.015,12.09786426,3.81189355,-7.12198381,-23.10412929,3.53080837,-2.349121,23.74329071,-11.14476895,-1.94915273,-68.81117916,-4.47459688,-0.87622749
56.02,11.33495491,3.71914764,-7.08900944,-22.36846642,3.5689723,-1.95440528,23.99527312,-11.01315884,-2.28230093,-67.66956889,-4.45001074,-0.79731112
56.025,10.5767269,3.62603453,-7.05960031,-21.6325834,3.618726,-1.54145138,24.22190309,-10.89269022,-2.62751779,-66.46384664,-4.45663558,-0.71631613
56.03,9.82459881,3.53510965,-7.05871936,-20.89690304,3.67788405,-1.11591227,24.41977967,-10.79092971,-2.9932375,-65.19103664,-4.48870562,-0.637418
56.035,9.08226816,3.44644114,-7.0587906,-20.16408452,3.74366697,-0.67708865,24.5973369,-10.69413405,-3.35940223,-63.8591532,-4.54316152,-0.55823692
56.04,8.35436126,3.36316156,-7.06073993,-19.43464998,3.81724297,-0.23641906,24.76131024,-10.60456803,-3.72278886,-62.47177098,-4.61603019,-0.4783489
56.045,7.63367024,3.28427691,-7.0879602,-18.71381145,3.89920364,0.2189622,24.89899705,-10.52905189,-4.09260745,-61.02861243,-4.6965228,-0.40420688
56.05,6.92760879,3.21250033,-7.11605855,-17.99984478,3.98870357,0.67672897,25.02437654,-10.45659772,-4.4495763,-59.53445256,-4.78351319,-0.33014184
56.055,6.24025535,3.1481981,-7.14929683,-17.29722946,4.08346731,1.13115845,25.13947963,-10.38908815,-4.7956581,-57.99126926,-4.87333715,-0.25460315
56.06,5.56822771,3.09293049,-7.19782287,-16.60706411,4.18474681,1.5852499,25.24121771,-10.32966964,-5.13042592,-56.40096224,-4.95690319,-0.18048607
56.065,4.9139704,3.04807487,-7.25683414,-15.92795854,4.28545196,2.03651824,25.33557566,-10.27341442,-5.44249293,-54.76594781,-5.02655458,-0.10703222
56.07,4.27139237,3.01318407,-7.33155812,-15.26666371,4.40606781,2.4903104,25.41209902,-10.22380442,-5.74110506,-53.08663451,-5.07968001,-0.03502203
56.075,3.66028279,2.98937324,-7.38848104,-14.61889809,4.51626982,2.92724868,25.49316186,-10.16785293,-6.00110593,-51.36278595,-5.12479154,0.05209308
56.08,3.05264498,2.97851524,-7.48680296,-13.99023691,4.64748923,3.37496763,25.5496753,-10.12539273,-6.2494781,-49.59714389,-5.13403419,0.13238337
56.085,2.4795207,2.98140098,-7.56471463,-13.37630573,4.7666837,3.79485327,25.61656967,-10.07642375,-6.45069561,-47.79135961,-5.12635526,0.22818755
56.09,1.91739659,2.99806659,-7.6694297,-12.78326062,4.89991647,4.216481,25.66483727,-10.03630516,-6.63137031,-45.94398647,-5.08393952,0.32685336
56.095,1.37481425,3.0301975,-7.7809686,-12.20828907,5.03774873,4.62624462,25.70631535,-9.99829091,-6.77444932,-44.05722292,-5.0102144,0.43371314
56.1,0.8467905,3.07680209,-7.89977249,-11.65272037,5.1837155,5.03252373,25.73463666,-9.96279742,-6.88172426,-42.13136036,-4.90388511,0.55076552
56.105,0.34719386,3.13697488,-8.00032006,-11.11449463,5.32091187,5.41487228,25.76132528,-9.92487374,-6.94203383,-40.16166027,-4.77623896,0.68439356
56.11,-0.14131038,3.21623605,-8.11921808,-10.59780296,5.47152508,5.7905438,25.77024959,-9.8974749,-6.97124066,-38.15724277,-4.61248358,0.82503519
56.115,-0.61662905,3.31365559,-8.24891967,-10.09998547,5.63277586,6.15338623,25.76382243,-9.87881936,-6.96711124,-36.11605757,-4.41833398,0.97323294
56.12,-1.0741176,3.42623238,-8.35866813,-9.62471879,5.79527448,6.50820286,25.74381174,-9.86294859,-6.9159114,-34.04096844,-4.20842607,1.13896074
56.125,-1.5154389,3.55764107,-8.46573311,-9.16858881,5.96172197,6.8406726,25.71161351,-9.85812006,-6.82962975,-31.93605953,-3.98127885,1.31024162
56.13,-1.94817768,3.70701596,-8.56963508,-8.73373835,6.14153263,7.16503236,25.65817345,-9.86585955,-6.70925563,-29.80416606,-3.73918606,1.48828285
56.135,-2.37582467,3.8758162,-8.67008335,-8.3186974,6.33759363,7.48254966,25.58302232,-9.89072156,-6.56009874,-27.65283292,-3.49075621,1.67115592
56.14,-2.79246729,4.06204006,-8.75671334,-7.92602059,6.54147583,7.78277116,25.49155442,-9.93154324,-6.38046774,-25.48843257,-3.24558624,1.85433935
56.145,-3.12494916,4.26418723,-8.80781857,-7.56511363,6.6918609,7.91926998,25.45764533,-9.97862113,-6.1486395,-23.32414428,-3.00732977,1.97374814
56.15,-3.60421942,4.48409421,-8.88155946,-7.20960182,6.98837445,8.34132892,25.25847743,-10.06968409,-5.95226144,-21.15874939,-2.78822927,2.21738189
56.155,-3.95468308,4.7101255,-8.91988656,-6.88970342,7.18494567,8.51093764,25.1669016,-10.15394384,-5.69312587,-19.0157143,-2.58409912,2.35621551
56.16,-4.39929753,4.95869437,-8.94664786,-6.58751761,7.49177014,8.85028466,24.96682724,-10.28388772,-5.46086247,-16.90165676,-2.42913399,2.55206979
56.165,-4.8066573,5.22206877,-8.9527034,-6.31481036,7.78148539,9.1043415,24.79682905,-10.43149306,-5.20290492,-14.84427371,-2.28308552,2.70282841
56.17,-5.18181331,5.50420959,-8.91766146,-6.07836291,8.0800582,9.301558,24.65238684,-10.60909186,-4.93760441,-12.86075538,-2.19156043,2.84987306
56.175,-5.57196798,5.77870021,-8.88269443,-5.8697509,8.40404149,9.51908112,24.48816175,-10.79228889,-4.68565365,-10.95727792,-2.09988435,2.98172672
56.18,-6.00197952,6.0182642,-8.86791245,-5.66795806,8.75485069,9.79770613,24.28938176,-10.94911918,-4.4591334,-9.14024839,-2.00603215,3.09859577
56.185,-6.33742029,6.31068668,-8.784205,-5.53590643,9.08490505,9.90880581,24.20116962,-11.16625672,-4.19850584,-7.48107841,-1.96586231,3.2231736
56.19,-6.77987288,6.52138769,-8.74886852,-5.40318379,9.51977161,10.22950349,24.00533461,-11.31984305,-4.01039872,-5.91237381,-1.93240259,3.30485975
56.195,-7.17008045,6.74635181,-8.69089031,-5.32534721,9.92882175,10.45870429,23.88474608,-11.48873932,-3.7974877,-4.50924789,-1.91763339,3.39485771
56.2,-7.50042074,6.97264775,-8.5958183,-5.30711398,10.31759877,10.56131552,23.84095009,-11.66366574,-3.5786162,-3.27440425,-1.91987945,3.48514696
56.205,-7.90597227,7.10572496,-8.55759726,-5.29724673,10.81846479,10.88012786,23.72887987,-11.76063536,-3.43121763,-2.16606796,-1.93728531,3.49094753
56.21,-8.27086888,7.23227668,-8.51285647,-5.34641184,11.28666568,11.1144556,23.6806405,-11.84726393,-3.25882405,-1.23667418,-1.96669928,3.51203199
56.215,-8.61530124,7.31614863,-8.47100305,-5.44678617,11.77285539,11.33670037,23.66414627,-11.89669342,-3.10428503,-0.47346853,-2.00964538,3.5006244
56.22,-8.9492091,7.35508308,-8.44744518,-5.59604973,12.26570673,11.57777216,23.67211098,-11.90329064,-2.95617981,0.12255464,-2.07069965,3.46082228
56.225,-9.26657268,7.34492583,-8.44239528,-5.79793883,12.77325238,11.82329768,23.70825705,-11.86365037,-2.82094169,0.55014256,-2.14286414,3.38563764
56.23,-9.56974007,7.28987527,-8.46246583,-6.05308078,13.28540009,12.08943435,23.77194504,-11.77935379,-2.68411465,0.80928911,-2.23971767,3.28040883
56.235,-9.84775715,7.18409783,-8.50486147,-6.37709193,13.7946089,12.35208482,23.86958806,-11.64708158,-2.55300092,0.8912577,-2.35253371,3.14497575
56.24,-10.10774405,7.03176326,-8.57869217,-6.75070535,14.3037201,12.62370936,23.99329554,-11.47028153,-2.42531099,0.82017878,-2.48213674,2.97375293
56.245,-10.34560721,6.83001726,-8.68148495,-7.18545777,14.80711511,12.9121094,24.14920786,-11.2446858,-2.28973253,0.58434075,-2.63635141,2.76713403
56.25,-10.5575094,6.58272785,-8.79963054,-7.68491503,15.29432547,13.19107073,24.33706284,-10.97931369,-2.15957076,0.18680911,-2.80781359,2.53448608
56.255,-10.74286544,6.29072756,-8.95601833,-8.25061079,15.76333647,13.48581342,24.55728639,-10.67128203,-2.02464702,-0.36326467,-3.00605793,2.26472732
56.26,-10.8985955,5.95671725,-9.14361483,-8.88542342,16.20549407,13.79150532,24.80902309,-10.32632873,-1.88558304,-1.05938703,-3.22998961,1.95997633
56.265,-11.0255019,5.58536509,-9.34806996,-9.58897661,16.61256728,14.09272525,25.09021365,-9.95335178,-1.7462053,-1.89475671,-3.47580254,1.63237636
56.27,-11.11969355,5.17717246,-9.58139473,-10.36373426,16.97790319,14.40105237,25.40214846,-9.55036289,-1.60075465,-2.86002648,-3.745822,1.27306739
56.275,-11.17955698,4.73765741,-9.82022241,-11.21537076,17.30397116,14.70204626,25.73810285,-9.13034292,-1.46037564,-3.94387484,-4.03570578,0.89722034
56.28,-11.20209724,4.26759993,-10.07604195,-12.14427458,17.57419256,15.00235925,26.09860521,-8.69187337,-1.31653111,-5.13407925,-4.34328109,0.49847291
56.285,-11.18820673,3.77149913,-10.32748043,-13.15219383,17.79232273,15.28626233,26.47565102,-8.24541442,-1.18466005,-6.41829403,-4.66098584,0.09515928
56.29,-11.13023581,3.25079871,-10.57908501,-14.24317471,17.9469167,15.56804644,26.86922588,-7.79311977,-1.05631111,-7.78051542,-4.98842889,-0.32472487
56.295,-11.03387981,2.70997142,-10.8139159,-15.41475679,18.03154579,15.82061312,27.26774319,-7.34251618,-0.94588548,-9.20775502,-5.30741776,-0.73445918
56.3,-10.89137278,2.14870178,-11.02643388,-16.67256068,18.05085105,16.053965,27.66860857,-6.89878614,-0.86305428,-10.6830729,-5.61935954,-1.13685078
56.305,-10.70152191,1.56841273,-11.2133321,-18.01339015,17.99007216,16.25967686,28.06548518,-6.46268867,-0.80126154,-12.18871263,-5.90996813,-1.52982411
56.31,-10.45936616,0.96925903,-11.36228648,-19.44236606,17.84876277,16.43596436,28.45106918,-6.03843835,-0.76718975,-13.70773825,-6.17280031,-1.90746842
56.315,-10.16489424,0.35542635,-11.46233573,-20.95590456,17.61941845,16.57466542,28.81802244,-5.62952067,-0.75922336,-15.22242147,-6.3959698,-2.25965382
56.32,-9.81395851,-0.27400151,-11.52404289,-22.54989449,17.30913888,16.67345656,29.16889952,-5.24084488,-0.80338492,-16.7276557,-6.57373043,-2.59192045
56.325,-9.39825456,-0.92085735,-11.52880367,-24.23115218,16.91118543,16.73166434,29.49713661,-4.86791989,-0.8830903,-18.20319655,-6.6970305,-2.89705528
56.33,-8.92282455,-1.57945777,-11.48095641,-25.9906309,16.4250707,16.74458266,29.79774257,-4.51347021,-1.00427372,-19.64026504,-6.75410262,-3.17215789
56.335,-8.36549548,-2.24854669,-11.35675442,-27.83304952,15.85717543,16.71153589,30.08200382,-4.17557921,-1.14126958,-21.03267939,-6.74562285,-3.42130614
56.34,-7.74285888,-2.92816863,-11.18497402,-29.74346563,15.20608022,16.63167825,30.33941661,-3.85822713,-1.33526055,-22.37489206,-6.66339587,-3.63886587
56.345,-7.04067416,-3.61324712,-10.95068298,-31.72104017,14.47668395,16.50114438,30.57770579,-3.55772477,-1.56360869,-23.66012144,-6.4994244,-3.8279438
56.35,-6.27253835,-4.30467339,-10.6674028,-33.75649237,13.67421536,16.32906853,30.7842398,-3.27323093,-1.83262192,-24.88361312,-6.26096489,-3.98543261
56.355,-5.42171304,-4.99734181,-10.32177222,-35.84911347,12.80637508,16.10564618,30.97102395,-3.0019629,-2.12989176,-26.04174321,-5.94173427,-4.11346578
56.36,-4.5145206,-5.68692981,-9.93203776,-37.97250574,11.88371811,15.84755228,31.1245096,-2.74074262,-2.45283264,-27.1319523,-5.55173692,-4.21536984
56.365,-3.53294167,-6.3702089,-9.49339115,-40.1304507,10.9177913,15.5407155,31.25555065,-2.48968018,-2.79907364,-28.14985694,-5.08900231,-4.2902158
56.37,-2.46887358,-7.01712498,-9.01698013,-42.30028969,9.92526984,15.17723518,31.39590767,-2.26318371,-3.14330466,-29.11924206,-4.49704315,-4.34862051
56.375,-1.40748229,-7.69448527,-8.51225736,-44.47349969,8.90302435,14.81342447,31.42885457,-2.00567834,-3.53859493,-29.96581413,-3.97281001,-4.37491951
56.38,-0.25219406,-8.30078819,-7.98000267,-46.6319553,7.87766815,14.38105872,31.50328318,-1.79126302,-3.90589806,-30.78406159,-3.27183746,-4.39445837
56.385,0.9156112,-8.91211265,-7.42605633,-48.76952686,6.85503612,13.92217062,31.50217341,-1.55967919,-4.29788837,-31.49620015,-2.60338711,-4.39010806
56.39,2.10300514,-9.48888542,-6.86653904,-50.87167487,5.85128887,13.43691996,31.46144637,-1.3266468,-4.67890069,-32.13208028,-1.90472131,-4.37735904
56.395,3.31046904,-10.03423038,-6.30057859,-52.9279539,4.87632973,12.91531487,31.37942125,-1.09474901,-5.05224115,-32.68548056,-1.19144498,-4.35445892
56.4,4.52728105,-10.54141976,-5.73574746,-54.92825334,3.94322808,12.36154646,31.25374453,-0.86162208,-5.40751835,-33.15596285,-0.47346441,-4.32602409
56.405,5.73953859,-11.01128327,-5.17884319,-56.86377681,3.06445224,11.78214437,31.07504222,-0.62184486,-5.73537842,-33.53724959,0.2301049,-4.29852941
56.41,6.95832542,-11.43153999,-4.64473407,-58.72704343,2.23428619,11.17140638,30.8733007,-0.39418283,-6.05006571,-33.85968348,0.93506277,-4.26278241
56.415,8.16458644,-11.80946337,-4.1270372,-60.51130912,1.47051885,10.53281509,30.61960305,-0.16222807,-6.3313694,-34.09308237,1.60564885,-4.22939666
56.42,9.35174762,-12.14273036,-3.6372745,-62.21064474,0.77638927,9.87180413,30.3195759,0.06987233,-6.57982843,-34.24830151,2.23954148,-4.20560379
56.425,10.51753417,-12.42866287,-3.17903217,-63.81956748,0.15248248,9.19372686,29.97585106,0.30062057,-6.7900908,-34.32549922,2.83202891,-4.19009163
56.43,11.63459221,-12.69940099,-2.76750968,-65.33587675,-0.38491035,8.52284673,29.56489859,0.55082833,-6.97496656,-34.32010419,3.3232567,-4.18134409
56.435,12.77238062,-12.85833423,-2.37653735,-66.74883585,-0.88550327,7.79349313,29.1692841,0.74819075,-7.0930269,-34.2631715,3.86948885,-4.18749408
56.44,13.82828427,-13.03807613,-2.04205138,-68.06104494,-1.27470759,7.11915311,28.67227575,0.99219823,-7.18910906,-34.10084958,4.25388738,-4.19595565
56.445,14.87768034,-13.13577231,-1.75125981,-69.27262701,-1.62712658,6.40419773,28.18437225,1.19287582,-7.24135894,-33.91387488,4.63924845,-4.22857684
56.45,15.89297877,-13.19096316,-1.506403,-70.3743678,-1.91786034,5.69260822,27.65966119,1.38522225,-7.24775193,-33.65438757,4.95971917,-4.26408686
56.455,16.8670294,-13.20815082,-1.31085615,-71.36582172,-2.14832464,4.99931335,27.09917038,1.56795064,-7.21326708,-33.33166247,5.21745992,-4.31135198
56.46,17.79608317,-13.1904173,-1.1652777,-72.24133979,-2.31687185,4.33935907,26.50016567,1.74048496,-7.14138743,-32.93927826,5.41532181,-4.36750121
56.465,18.69752937,-13.13554008,-1.06593704,-73.02129215,-2.45909043,3.67360039,25.89407613,1.89295699,-7.03410939,-32.52705179,5.55423277,-4.43501481
56.47,19.55531862,-13.03346815,-1.01971479,-73.67578279,-2.5680845,3.03301274,25.26075252,2.02061045,-6.88619371,-32.04936541,5.65116342,-4.52387178
56.475,20.37125262,-12.91344468,-1.01927822,-74.22554005,-2.63477274,2.44612004,24.60258017,2.1365063,-6.70796953,-31.53361617,5.68621966,-4.61027075
56.48,21.1468542,-12.7650104,-1.05972189,-74.66782806,-2.67143223,1.90340614,23.92590037,2.23403433,-6.50273961,-30.98035164,5.67946361,-4.70639243
56.485,21.88289443,-12.58868573,-1.14293287,-75.0014717,-2.69154047,1.40392392,23.23343015,2.308154,-6.266459,-30.39537173,5.6304367,-4.81506268
56.49,22.59904906,-12.3930454,-1.21326963,-75.24777486,-2.6081058,1.03731242,22.52306402,2.36400757,-6.06366187,-29.77729573,5.58388575,-4.87410673
56.495,23.24064137,-12.18590112,-1.41446479,-75.35599295,-2.67248454,0.60285244,21.80417117,2.40426424,-5.74679764,-29.12855387,5.43441121,-5.01157029
56.5,23.86615388,-11.95782369,-1.59202935,-75.38184904,-2.64890379,0.29543632,21.07276442,2.42140707,-5.4690175,-28.45718878,5.28884891,-5.11534038
56.505,24.45684519,-11.71546996,-1.79535513,-75.30929741,-2.62531268,0.0587079,20.33489218,2.41793621,-5.17985743,-27.76774621,5.12665034,-5.21190068
56.51,25.01227448,-11.46090583,-2.01995455,-75.14154858,-2.60603634,-0.10912888,19.58989193,2.39498642,-4.88476965,-27.06199027,4.94624501,-5.30486425
56.515,25.53742114,-11.1987292,-2.2597657,-74.8821232,-2.59396446,-0.20357841,18.84072715,2.35530028,-4.58871501,-26.34112859,4.75558627,-5.39156811
56.52,26.03164933,-10.9331958,-2.51353703,-74.53642849,-2.59315681,-0.2270169,18.08773813,2.30112262,-4.29246785,-25.6093115,4.56181385,-5.46916211
56.525,26.50090613,-10.65181783,-2.76264586,-74.10742553,-2.60599034,-0.1779058,17.33572356,2.22786189,-4.00142846,-24.87196402,4.35828156,-5.53093147
56.53,26.92843767,-10.38919418,-3.04171536,-73.59016004,-2.62827095,-0.06498257,16.5758368,2.15140216,-3.7184095,-24.12258787,4.16434822,-5.60638901
56.535,27.33730884,-10.11940329,-3.30878591,-72.99990998,-2.66891201,0.1152742,15.81980112,2.0617757,-3.44476635,-23.37161337,3.97410997,-5.66003516
56.54,27.71785764,-9.84885525,-3.57501,-72.33312039,-2.72467973,0.35792337,15.06450769,1.96295524,-3.18421946,-22.61895834,3.7882115,-5.70538079
56.545,28.07469107,-9.58310497,-3.83648473,-71.59700761,-2.795224,0.65675691,14.31151904,1.85932298,-2.93589274,-21.86750349,3.61336036,-5.74096571
56.55,28.41235329,-9.31232699,-4.08028014,-70.79373935,-2.88868807,1.00926157,13.56394403,1.74903906,-2.69345244,-21.11838293,3.45014684,-5.75920218
56.555,28.712791,-9.06278691,-4.33566806,-69.91668461,-2.98658258,1.4106187,12.81335775,1.64065102,-2.4725324,-20.37141152,3.30573007,-5.7788789
56.56,28.99084701,-8.82110116,-4.58516778,-68.97498668,-3.09382975,1.85169273,12.06784382,1.52907316,-2.2832985,-19.62803316,3.167873,-5.79099398
56.565,29.25118779,-8.57962553,-4.81453826,-67.97568624,-3.22281357,2.33160297,11.32934647,1.41890384,-2.08712992,-18.89343267,3.05756361,-5.78636206
56.57,29.48606097,-8.35017746,-5.03843761,-66.91203068,-3.35425658,2.83977418,10.59560155,1.31081453,-1.92530551,-18.16610257,2.95364476,-5.77524164
56.575,29.70029345,-8.13264424,-5.25692036,-65.79053672,-3.5036435,3.37604066,9.87172022,1.20698358,-1.77110474,-17.4509262,2.88050311,-5.75372048
56.58,29.89324125,-7.91808172,-5.45477805,-64.61178366,-3.64620161,3.92610975,9.1518805,1.10722803,-1.63082154,-16.74377348,2.81515006,-5.72216558
56.585,30.06820565,-7.72094491,-5.65655289,-63.37442057,-3.80882718,4.49165692,8.44974009,1.01157305,-1.51748615,-16.05330353,2.77697019,-5.68428945
56.59,30.21711168,-7.53214495,-5.84450054,-62.08229942,-3.96104613,5.07061046,7.74943673,0.92502825,-1.40440849,-15.37467054,2.75742288,-5.63659097
56.595,30.33789873,-7.35108924,-6.01708587,-60.73549333,-4.09776441,5.65772296,7.05165138,0.84746344,-1.29206191,-14.70998086,2.75757336,-5.57877224
56.6,30.44641975,-7.18013149,-6.18548448,-59.33241738,-4.24390052,6.24073073,6.37540271,0.77262134,-1.20681392,-14.06323077,2.77442597,-5.51462736
56.605,30.53460054,-7.02770455,-6.35622939,-57.8748158,-4.38519113,6.8198185,5.71527562,0.70884539,-1.13377103,-13.43694624,2.8176708,-5.44590082
56.61,30.59370847,-6.88195946,-6.51518333,-56.36194033,-4.50754782,7.40220801,5.05995216,0.65341643,-1.05754136,-12.82805465,2.88109469,-5.36561409
56.615,30.63779976,-6.74608206,-6.66669607,-54.79408864,-4.62434751,7.97132631,4.42498853,0.60629938,-0.9923296,-12.24117679,2.96214352,-5.27977184
56.62,30.65075442,-6.62043684,-6.81141749,-53.17068441,-4.71316932,8.5366622,3.79603435,0.56910829,-0.92632687,-11.67407254,3.06589216,-5.18280183
56.625,30.65393332,-6.51004569,-6.95595086,-51.49434789,-4.79860059,9.08230527,3.19513103,0.54090379,-0.87225238,-11.12921277,3.18955994,-5.08613987
56.63,30.62700151,-6.40737405,-7.0939322,-49.76122851,-4.85817149,9.62343128,2.60352543,0.52135003,-0.81517668,-10.60706739,3.3332029,-4.97904538
56.635,30.57194999,-6.31009682,-7.22216757,-47.97293244,-4.88128955,10.14846213,2.02149327,0.50816861,-0.76719615,-10.10405903,3.49533846,-4.86179382
56.64,30.49970316,-6.23067384,-7.34716021,-46.12950819,-4.89112153,10.65281596,1.46311065,0.51129569,-0.71688252,-9.62851641,3.67801347,-4.74246999
56.645,30.4049698,-6.15761569,-7.46723898,-44.22975117,-4.88881944,11.1497713,0.92569693,0.52054638,-0.66314016,-9.17947844,3.87599658,-4.62005956
56.65,30.28423803,-6.09343529,-7.58072351,-42.27351959,-4.85101559,11.62439786,0.40145061,0.53969265,-0.61729657,-8.75059683,4.0903044,-4.4932098
56.655,30.12343683,-6.04742902,-7.69425101,-40.26757757,-4.7690713,12.08228916,-0.12321099,0.57380977,-0.57871748,-8.34026227,4.33056087,-4.35108805
56.66,29.94959243,-6.00701864,-7.78981631,-38.20787608,-4.68905611,12.52236713,-0.61863881,0.61847568,-0.52178833,-7.95815504,4.58110869,-4.20984979
56.665,29.75182131,-5.97770878,-7.87941785,-36.09839445,-4.58890439,12.94172421,-1.0969757,0.67594157,-0.4641624,-7.60231037,4.84409666,-4.06905303
56.67,29.52004041,-5.96399851,-7.96416431,-33.94355099,-4.45871165,13.34125431,-1.57184512,0.74671663,-0.41115153,-7.26321774,5.12622237,-3.91886538
56.675,29.25930929,-5.9652395,-8.04172446,-31.7485343,-4.30809477,13.71473998,-2.04137942,0.83455279,-0.35837784,-6.94453102,5.42484074,-3.76028232
56.68,28.98326575,-5.98242107,-8.10134468,-29.51882773,-4.16104146,14.05882003,-2.49189709,0.94090518,-0.28816024,-6.64941497,5.73252608,-3.60297608
56.685,28.67435254,-6.01431763,-8.16345554,-27.25941194,-3.99433109,14.37603682,-2.94454151,1.06052883,-0.22855397,-6.3725437,6.05694241,-3.43821275
56.69,28.3440293,-6.06611276,-8.21526478,-24.9826872,-3.82667027,14.66063178,-3.39424966,1.20081814,-0.16342849,-6.11253173,6.3945146,-3.26577864
56.695,27.99637476,-6.13610033,-8.26131083,-22.6959586,-3.66769673,14.91178912,-3.83774742,1.35912268,-0.09032587,-5.87370675,6.74321477,-3.09061974
56.7,27.63064322,-6.22697914,-8.30087039,-20.41590031,-3.50705576,15.12976371,-4.28718888,1.53840068,-0.02140703,-5.6476994,7.1033985,-2.90439987
56.705,27.30651068,-6.30640866,-8.32684205,-18.146189,-3.38088913,15.28946477,-4.6801765,1.71415898,0.04196973,-5.44616119,7.47896492,-2.79826319
56.71,26.8854692,-6.45875455,-8.39615228,-15.91278518,-3.27724853,15.44940446,-5.15455235,1.93797837,0.16040103,-5.26804492,7.87376656,-2.56666045
56.715,26.51132545,-6.60407038,-8.431479,-13.7348211,-3.17593441,15.57075735,-5.59629606,2.1697957,0.24255703,-5.09821234,8.26972211,-2.38181479
56.72,26.14321677,-6.77921301,-8.48250528,-11.63288933,-3.09608579,15.65732042,-6.03522295,2.4247685,0.34255823,-4.95627009,8.67008258,-2.1852569
56.725,25.74245247,-6.92024806,-8.56462908,-9.59920446,-2.98201057,15.73051439,-6.51605674,2.64360349,0.40264695,-4.81233043,9.07066607,-1.93045541
56.73,25.40050062,-7.09620787,-8.64453258,-7.69236754,-2.92299797,15.77445173,-6.96147114,2.898025,0.49111198,-4.70501621,9.50310946,-1.71745159
56.735,25.08155566,-7.26971745,-8.74126754,-5.91015317,-2.87034583,15.79835501,-7.40777604,3.14917957,0.57328707,-4.62047365,9.94042669,-1.49502784
56.74,24.79718446,-7.43385085,-8.85331342,-4.2653387,-2.82562679,15.80048603,-7.84633992,3.39017945,0.65288102,-4.56190607,10.38567164,-1.27207788
56.745,24.54444606,-7.58232738,-8.98401591,-2.76575804,-2.79132119,15.7869196,-8.28183993,3.61827667,0.72272995,-4.53110102,10.84122893,-1.03821534
56.75,24.32906807,-7.70826845,-9.1322233,-1.42076297,-2.76501927,15.75614605,-8.70956831,3.82466121,0.78189643,-4.53067474,11.30337906,-0.79738453
56.755,24.15753954,-7.80566678,-9.30049718,-0.23809684,-2.7459777,15.70424154,-9.12234413,4.00311305,0.83318639,-4.56533296,11.76911674,-0.56229116
56.76,24.02223666,-7.8693668,-9.48755271,0.78064631,-2.73710314,15.63741664,-9.52745757,4.14968231,0.86811483,-4.63470644,12.2382239,-0.31610566
56.765,23.92045585,-7.895889,-9.69386515,1.63444614,-2.73960073,15.55498779,-9.92370288,4.25920518,0.88059259,-4.74352633,12.71094046,-0.05012643
56.77,23.86330456,-7.88451347,-9.91734159,2.3160679,-2.75448132,15.45496964,-10.30192915,4.33144499,0.88490003,-4.89300757,13.18064072,0.20614119
56.775,23.8392352,-7.83398108,-10.15286605,2.82946452,-2.78586722,15.34102038,-10.67048354,4.36391191,0.86254263,-5.08516624,13.64681356,0.48472156
56.78,23.85679447,-7.74634355,-10.40088223,3.18526028,-2.82812315,15.20604912,-10.99974719,4.35252968,0.8547685,-5.34154533,14.09537691,0.71605799
56.785,23.9015236,-7.61862685,-10.68013436,3.35129663,-2.9031676,15.04518514,-11.34022961,4.29998838,0.7783452,-5.63415904,14.55644186,1.02648317
56.79,23.97930383,-7.45607817,-10.95468409,3.3720416,-2.99171571,14.86760719,-11.64816585,4.2057861,0.69892644,-5.98646037,14.99595771,1.30537213
56.795,24.08904591,-7.24772402,-11.21854847,3.22245723,-3.0918816,14.66356935,-11.94875088,4.06507068,0.56814858,-6.3837323,15.4286628,1.61310971
56.8,24.23136604,-7.03482558,-11.52947531,2.92738312,-3.24764944,14.41905312,-12.20558261,3.89290869,0.48155816,-6.85325751,15.82022756,1.86586482
56.805,24.39807576,-6.78678507,-11.81730655,2.47961156,-3.42262653,14.13665419,-12.44856976,3.67688467,0.34265905,-7.3795592,16.19727123,2.15543288
56.81,24.59093616,-6.52133144,-12.10106768,1.88976202,-3.63205069,13.81321173,-12.66771288,3.4289946,0.18558253,-7.96761553,16.5414435,2.43848381
56.815,24.80524798,-6.24204448,-12.36186765,1.16665949,-3.87808493,13.43661618,-12.86104188,3.14932289,0.0008303,-8.6240784,16.85139868,2.74037901
56.82,25.0394994,-5.95256521,-12.57792889,0.3190011,-4.15939243,12.9987083,-13.02724324,2.84374271,-0.20979641,-9.35184442,17.1210255,3.06856898
56.825,25.29385775,-5.66295819,-12.78206992,-0.64377767,-4.48772377,12.49807216,-13.16211478,2.51614895,-0.4369556,-10.14949834,17.35260173,3.38946384
56.83,25.56558287,-5.37238455,-12.93749846,-1.71103076,-4.85023963,11.93134375,-13.26643555,2.16809066,-0.68558542,-11.01735097,17.53629526,3.72033203
56.835,25.85275399,-5.08519875,-13.04311889,-2.87250242,-5.24930964,11.29521613,-13.33677019,1.80495698,-0.95480938,-11.95956218,17.67003171,4.06417886
56.84,26.15283733,-4.80047273,-13.07742604,-4.11374734,-5.6735415,10.5909376,-13.36854635,1.43007018,-1.24664393,-12.98213096,17.74551901,4.42582094
56.845,26.46269707,-4.52560775,-13.07499831,-5.42572468,-6.12614691,9.83392467,-13.36555733,1.04355649,-1.55130527,-14.07407335,17.76781107,4.78859354
56.85,26.78178477,-4.25398001,-13.00131422,-6.79660829,-6.58977442,9.02327512,-13.3202939,0.64880974,-1.87494482,-15.24639869,17.72695565,5.16975799
56.855,27.10146719,-3.99429904,-12.88223647,-8.20787054,-7.05677846,8.17281777,-13.23328673,0.24744511,-2.21574203,-16.49482696,17.62398149,5.56066542
56.86,27.42277792,-3.73996029,-12.70980902,-9.65412122,-7.51541792,7.30153826,-13.10250641,-0.16031028,-2.56792244,-17.82015132,17.45554211,5.96335283
56.865,27.74228676,-3.48722892,-12.4804463,-11.11752557,-7.95953659,6.40391336,-12.91965907,-0.58074002,-2.92973756,-19.2255356,17.22253287,6.38524105
56.87,28.0462102,-3.24450114,-12.23457514,-12.58359275,-8.36121259,5.54221103,-12.69767061,-1.00196557,-3.29411415,-20.70490966,16.9212272,6.79671698
56.875,28.3381757,-2.99530801,-11.94035647,-14.03630347,-8.72378993,4.68391379,-12.41451219,-1.44211124,-3.64958444,-22.26939467,16.55449723,7.22056903
56.88,28.61369869,-2.75274382,-11.64444493,-15.47590246,-9.0277051,3.85651096,-12.08373933,-1.89366424,-4.00680704,-23.90193973,16.11872386,7.64228975
56.885,28.87018072,-2.50924806,-11.34321153,-16.88605749,-9.26311401,3.06990612,-11.6967436,-2.36122183,-4.35281842,-25.60815022,15.61595331,8.0551127
56.89,29.10596987,-2.26813749,-11.04276059,-18.26138226,-9.42697937,2.33230864,-11.25268177,-2.84578071,-4.68411431,-27.38261114,15.05278575,8.45469942
56.895,29.31952093,-2.02510181,-10.75498658,-19.5917069,-9.50612317,1.64899615,-10.74814279,-3.34881142,-4.99087476,-29.22436667,14.42651668,8.83079185
56.9,29.51271051,-1.78050389,-10.4853994,-20.8732875,-9.49775615,1.02039031,-10.18049609,-3.87064757,-5.26935216,-31.12732837,13.74463685,9.17448356
56.905,29.68443351,-1.53790137,-10.23974479,-22.10455434,-9.39743812,0.45424077,-9.55096326,-4.40833936,-5.51357656,-33.08520565,13.00862717,9.48091506
56.91,29.83564253,-1.29719178,-10.02270839,-23.27799847,-9.20679234,-0.05179199,-8.85584291,-4.96073532,-5.72181206,-35.09235361,12.22670748,9.74017073
56.915,29.96491442,-1.05840595,-9.83936893,-24.396056,-8.92943636,-0.49222901,-8.10124754,-5.52598043,-5.88579874,-37.13757439,11.39964475,9.94909315
56.92,30.0733592,-0.82235487,-9.68969611,-25.45406865,-8.56380678,-0.87754491,-7.28547745,-6.10026633,-6.0054327,-39.21353002,10.54350483,10.09564744
56.925,30.16434592,-0.59110068,-9.57638029,-26.4511942,-8.11895337,-1.20987655,-6.40833202,-6.67927331,-6.07731583,-41.30963972,9.66234979,10.17818314
56.93,30.2254529,-0.36460647,-9.50387556,-27.38302705,-7.60506195,-1.48681519,-5.48556631,-7.26078332,-6.10745096,-43.4107362,8.75899924,10.19601952
56.935,30.26731078,-0.1451654,-9.45756101,-28.25318726,-7.02657704,-1.71718068,-4.51240495,-7.83297645,-6.08894146,-45.50977775,7.85614267,10.14075924
56.94,30.28964602,0.06860366,-9.44890292,-29.05630773,-6.39600622,-1.89997107,-3.48844109,-8.397481,-6.02477121,-47.59438792,6.94836941,10.00899249
56.945,30.28294185,0.27513392,-9.46928141,-29.79407385,-5.71897417,-2.04248922,-2.43296744,-8.94477554,-5.92311788,-49.65107454,6.05141221,9.80726544
56.95,30.27045542,0.45647006,-9.50279675,-30.48194419,-4.97359591,-2.15108232,-1.33341745,-9.45084691,-5.78614142,-51.66989273,5.18134939,9.530269
56.955,30.17209319,0.66285102,-9.58591386,-31.05914068,-4.28905205,-2.21611256,-0.24189282,-9.9745558,-5.61620263,-53.64399828,4.31917135,9.19489137
56.96,30.11012831,0.81591316,-9.66751014,-31.61767751,-3.49459458,-2.25174339,0.90948147,-10.41636865,-5.41795147,-55.55855637,3.49647694,8.76763229
56.965,29.9382386,1.00991571,-9.78556901,-32.05530642,-2.81453511,-2.26290926,2.02120564,-10.8824509,-5.20259679,-57.41007103,2.7128508,8.31099892
56.97,29.81490991,1.13524872,-9.89608112,-32.48196587,-2.02242617,-2.23292284,3.19418001,-11.24498401,-4.96560186,-59.1860714,1.96194183,7.74940411
56.975,29.60741089,1.2829223,-10.02113529,-32.80954211,-1.30812947,-2.1948252,4.33007592,-11.60333474,-4.72321914,-60.88079273,1.26571387,7.16393291
56.98,29.36806899,1.41744357,-10.1497659,-33.07065143,-0.62088426,-2.1285875,5.46422485,-11.91695323,-4.47403191,-62.49045268,0.61595043,6.52831948
56.985,29.037286,1.58389289,-10.2831094,-33.22893818,-0.04505176,-2.07710242,6.54387668,-12.23313466,-4.23288712,-64.00697338,0.04943711,5.89449405
56.99,28.76399543,1.66263954,-10.40369944,-33.39254094,0.63544809,-1.96476608,7.67211699,-12.42433855,-3.99319777,-65.42441804,-0.52280178,5.13556719
56.995,28.40508198,1.77213901,-10.520762,-33.45632077,1.19942456,-1.85967378,8.74245072,-12.61606108,-3.76867521,-66.74107489,-1.00902368,4.40436577
57,28.00730932,1.87220692,-10.62581544,-33.45748202,1.71492304,-1.74630976,9.78290811,-12.76603675,-3.56149837,-67.95158885,-1.44311928,3.65527474
57.005,27.55291858,1.98832532,-10.72783036,-33.38622685,2.12437781,-1.63389888,10.77715631,-12.90972272,-3.37919651,-69.05887484,-1.79812103,2.93193963
57.01,27.09718117,2.05028638,-10.79302619,-33.2770787,2.58632583,-1.49812375,11.75882022,-12.95420886,-3.21371738,-70.04358569,-2.1517701,2.14704442
57.015,26.57826692,2.14605657,-10.85850018,-33.09212121,2.90388261,-1.36711528,12.68484123,-13.02094709,-3.08050941,-70.92681883,-2.40822925,1.43340962
57.02,26.0445145,2.19766692,-10.8883524,-32.8685151,3.24733545,-1.22500283,13.57899112,-13.00526425,-2.97341073,-71.68554488,-2.65621514,0.68932743
57.025,25.46365241,2.2791557,-10.91006883,-32.57492213,3.45707158,-1.07694152,14.42551287,-13.00893345,-2.89856281,-72.34010174,-2.82428875,0.02726956
57.03,24.86038761,2.33611293,-10.90811524,-32.24563792,3.67030175,-0.93846513,15.2332476,-12.96632991,-2.84999706,-72.88032055,-2.95620139,-0.62104827
57.035,24.23155337,2.35972524,-10.87962563,-31.87502148,3.87310014,-0.78198536,15.9912075,-12.86826384,-2.83673474,-73.29461232,-3.07818891,-1.26103275
57.04,23.57289239,2.41074754,-10.83875615,-31.44476571,3.97220531,-0.62712766,16.71340487,-12.79553831,-2.85481837,-73.60822469,-3.13332408,-1.78933895
57.045,22.89339149,2.43827287,-10.77366124,-30.98573388,4.06474638,-0.46745152,17.38962247,-12.68296564,-2.8968641,-73.80978299,-3.16901543,-2.29873152
57.05,22.19321294,2.45871597,-10.69223318,-30.48738615,4.12232364,-0.30638007,18.02371715,-12.55627678,-2.96776559,-73.90310199,-3.17221936,-2.73166979
57.055,21.47578466,2.46899433,-10.59458912,-29.95670631,4.15176991,-0.14251714,18.61887017,-12.41485094,-3.06195634,-73.89166161,-3.14610838,-3.10097833
57.06,20.74203419,2.47009025,-10.48114191,-29.39485598,4.15838376,0.02879889,19.17262689,-12.26201826,-3.18168039,-73.77545901,-3.10591437,-3.40655036
57.065,19.99595521,2.46079288,-10.35669499,-28.80647713,4.14326343,0.20414547,19.68917837,-12.09825275,-3.32135664,-73.56009452,-3.04579276,-3.64190408
57.07,19.27148512,2.43920993,-10.23378938,-28.19816092,4.06898999,0.37375045,20.21083092,-11.91718256,-3.4516745,-73.25884301,-2.93963926,-3.79584698
57.075,18.47823065,2.41369759,-10.07632964,-27.56339973,4.06924577,0.56919128,20.61624492,-11.74847644,-3.65718697,-72.84175966,-2.8985328,-3.90726668
57.08,17.7070237,2.3759943,-9.93082225,-26.91373897,4.01685977,0.76357942,21.02828411,-11.56536713,-3.84399596,-72.34633328,-2.81982468,-3.94347028
57.085,16.93834265,2.33069623,-9.78043948,-26.25107709,3.96283426,0.95962139,21.41387128,-11.38007213,-4.04371632,-71.76431448,-2.74450351,-3.91986488
57.09,16.1672399,2.27691416,-9.62894799,-25.5781065,3.90907794,1.16211465,21.76803117,-11.19112284,-4.25207853,-71.09847744,-2.67522145,-3.84300861
57.095,15.39642425,2.21675927,-9.48184627,-24.89658088,3.85597153,1.37177598,22.09556174,-11.00378796,-4.46662386,-70.35379462,-2.61467601,-3.71988793
57.1,14.63010283,2.14964242,-9.33864933,-24.21028217,3.80817345,1.58748075,22.39694504,-10.81507904,-4.68509064,-69.53208846,-2.56676662,-3.55630861
57.105,13.87007789,2.07833693,-9.20510121,-23.52288585,3.76592011,1.80852403,22.67584839,-10.62972756,-4.90675207,-68.63611864,-2.53404627,-3.36104471
57.11,13.11603676,2.00176523,-9.07766976,-22.83684035,3.72917444,2.0396389,22.92923417,-10.44409152,-5.12902684,-67.67007507,-2.51815627,-3.13697552
57.115,12.37041725,1.92547075,-8.96110504,-22.15168867,3.70815008,2.2728641,23.16498409,-10.26633438,-5.34733167,-66.63862726,-2.51827312,-2.8993983
57.12,11.63266532,1.8471847,-8.85922805,-21.47157497,3.69422446,2.51631966,23.37614215,-10.09116191,-5.56473597,-65.54025965,-2.53658068,-2.64780053
57.125,10.90254345,1.76960508,-8.7718759,-20.79860735,3.69081341,2.76787217,23.56666701,-9.92200398,-5.77613702,-64.38090204,-2.57118167,-2.39312018
57.13,10.18737315,1.69378556,-8.69566538,-20.13467662,3.70137934,3.0227915,23.74130805,-9.75872056,-5.98337332,-63.16121142,-2.62539865,-2.13771859
57.135,9.4818458,1.62218544,-8.63380911,-19.48136833,3.72567242,3.28519438,23.89530034,-9.6031394,-6.18388378,-61.88395067,-2.69491378,-1.88792041
57.14,8.78574143,1.55783528,-8.58826099,-18.83620265,3.76122478,3.55525067,24.03204708,-9.45533916,-6.37199964,-60.55233414,-2.77593064,-1.65197852
57.145,8.10289525,1.49909498,-8.56035623,-18.20493791,3.80792757,3.82966637,24.15227651,-9.31809274,-6.55568269,-59.1671453,-2.87041982,-1.42952974
57.15,7.43268237,1.4498638,-8.54430609,-17.58577463,3.87083785,4.1069871,24.25599476,-9.1896827,-6.72829696,-57.73015514,-2.97382863,-1.22521697
57.155,6.76860542,1.4108897,-8.54511037,-16.97789437,3.94631072,4.39427204,24.33974652,-9.07217209,-6.89013377,-56.24361594,-3.08125066,-1.04285428
57.16,6.11953423,1.38304632,-8.56308512,-16.38418481,4.02905462,4.68317571,24.41040366,-8.96492521,-7.03949827,-54.70866249,-3.19126425,-0.88292939
57.165,5.4834758,1.3694804,-8.59251273,-15.80404946,4.12733607,4.97129994,24.46767495,-8.87064646,-7.17794711,-53.12766615,-3.29940344,-0.74663124
57.17,4.85560574,1.36837842,-8.63054841,-15.23760463,4.240717,5.2636173,24.50627748,-8.78773978,-7.30629312,-51.50097794,-3.40511151,-0.63198128
57.175,4.23795234,1.38250476,-8.68741255,-14.68128535,4.35827805,5.55910477,24.53151858,-8.71605547,-7.41886057,-49.83044423,-3.49836896,-0.54149374
57.18,3.63308615,1.41130043,-8.74631913,-14.14024794,4.4921359,5.85046519,24.54242749,-8.65733138,-7.52321739,-48.11646644,-3.58532585,-0.46911183
57.185,3.03292161,1.45599554,-8.82036938,-13.60905516,4.6334825,6.14768745,24.53567028,-8.60971657,-7.61142579,-46.36088495,-3.65221574,-0.41878057
57.19,2.44717298,1.51791411,-8.89781522,-13.09183743,4.7867659,6.43555952,24.5172853,-8.57627955,-7.69197067,-44.56372254,-3.70590003,-0.38216477
57.195,1.8668482,1.59449324,-8.98092188,-12.58492965,4.94929478,6.72559143,24.48155015,-8.55357089,-7.75925885,-42.72711908,-3.73875059,-0.35984752
57.2,1.29925987,1.68645725,-9.05799755,-12.09062537,5.11876987,7.00912763,24.43295837,-8.5401007,-7.81254638,-40.85020901,-3.75408223,-0.34392685
57.205,0.73813985,1.79684999,-9.13743653,-11.60445389,5.29925674,7.28652937,24.37151626,-8.53960664,-7.85398551,-38.93822237,-3.74395986,-0.33564168
57.21,0.17769605,1.92492798,-9.24166395,-11.13011256,5.49331614,7.56250177,24.28533087,-8.5584736,-7.90124441,-36.98927552,-3.70804264,-0.33438886
57.215,-0.36889093,2.06970849,-9.32921611,-10.66595803,5.69199672,7.82756762,24.19295872,-8.58427549,-7.92718162,-35.00863987,-3.64810375,-0.32772519
57.22,-0.91272303,2.22868744,-9.41126869,-10.21278322,5.90292797,8.09040266,24.08097189,-8.6213871,-7.94720952,-32.99741094,-3.57059033,-0.31458478
57.225,-1.4357807,2.39995602,-9.46493825,-9.77323422,6.11250337,8.33621529,23.96537413,-8.66357393,-7.95070703,-30.95672971,-3.4780212,-0.28601193
57.23,-1.86731815,2.58756471,-9.54505716,-9.35550707,6.27679861,8.47292346,23.92254598,-8.71805932,-7.95172741,-28.90395741,-3.32141604,-0.27097971
57.235,-2.49162822,2.79965841,-9.58940478,-8.92408352,6.58650783,8.81400684,23.67376962,-8.80139536,-7.95877593,-26.82031895,-3.23986762,-0.19792385
57.24,-3.01363672,3.02390992,-9.66103642,-8.51396323,6.8359184,9.04457272,23.51343986,-8.8898822,-7.95743018,-24.73651066,-3.09472486,-0.12702804
57.245,-3.51684524,3.25988014,-9.678807,-8.12142789,7.09558976,9.25767174,23.35077769,-8.98655911,-7.94067615,-22.64651999,-2.96362827,-0.03112501
57.25,-4.01784721,3.50732248,-9.70013382,-7.74777271,7.36491332,9.46503228,23.17831038,-9.09577362,-7.9238662,-20.56717913,-2.82495844,0.08403492
57.255,-4.52028194,3.77318649,-9.71551225,-7.38350948,7.64908407,9.66767902,23.00148732,-9.21960209,-7.89481546,-18.50876258,-2.68256194,0.21922284
57.26,-4.97204506,4.03153524,-9.69369647,-7.04684573,7.92986029,9.82805575,22.85190769,-9.34061374,-7.87871248,-16.46744542,-2.57966686,0.36528665
57.265,-5.46751828,4.33413895,-9.6614947,-6.72358541,8.25739245,10.02339639,22.67436271,-9.50276209,-7.8252982,-14.49167318,-2.48047611,0.54798255
57.27,-5.96076343,4.61241355,-9.64919933,-6.40824635,8.57005399,10.22093344,22.49613816,-9.64003091,-7.77417215,-12.56280746,-2.34449622,0.73730751
57.275,-6.41888308,4.91092214,-9.59658217,-6.12817348,8.90598679,10.39365556,22.35576087,-9.80256043,-7.70369445,-10.7192666,-2.26282436,0.94093457
57.28,-6.86892874,5.20814724,-9.53790384,-5.8747183,9.26200384,10.56633703,22.23052851,-9.9667749,-7.62554173,-8.96827608,-2.19473625,1.15505989
57.285,-7.3072899,5.50562365,-9.47205096,-5.64830468,9.62721031,10.74215372,22.13152687,-10.13428896,-7.52198535,-7.32923218,-2.13248112,1.37403542
57.29,-7.66941614,5.82609974,-9.37402986,-5.46788002,9.96247701,10.81425033,22.12963272,-10.32250065,-7.35491223,-5.83008274,-2.11082592,1.54725908
57.295,-8.12717156,6.07153711,-9.32441154,-5.29110672,10.40382854,11.08872455,22.03429855,-10.45458274,-7.26226719,-4.42594764,-2.05471951,1.79078638
57.3,-8.48207425,6.35506901,-9.22690256,-5.1739451,10.75275774,11.16566397,22.06830534,-10.617553,-7.06881226,-3.18782184,-2.05627738,1.96107106
57.305,-8.89001023,6.56688247,-9.19101881,-5.07300724,11.22418358,11.47008055,22.0603093,-10.72443175,-6.92184791,-2.07673702,-2.02956177,2.16421912
57.31,-9.23087439,6.79364572,-9.10244336,-5.0282849,11.59008417,11.54744173,22.13654487,-10.84465397,-6.70997042,-1.12674486,-2.05967399,2.31515173
57.315,-9.58398251,6.94999078,-9.09616328,-5.01229118,12.08746015,11.88580173,22.21598146,-10.90633879,-6.51752894,-0.32528259,-2.06589718,2.44790205
57.32,-9.91064863,7.09016178,-9.07964397,-5.04707914,12.52895576,12.13459287,22.3336458,-10.95435619,-6.28745112,0.32006869,-2.11447234,2.55379449
57.325,-10.21549139,7.19098433,-9.0792951,-5.12625997,12.9807826,12.3845224,22.48410295,-10.97053689,-6.05260506,0.80768323,-2.17515943,2.62241109
57.33,-10.50292974,7.25110837,-9.10286748,-5.25294648,13.43427248,12.65848206,22.66126683,-10.95310883,-5.80468435,1.13959496,-2.25593847,2.65832954
57.335,-10.76903384,7.26853227,-9.16037712,-5.43277941,13.88675149,12.97825714,22.86519934,-10.89948194,-5.54119087,1.31785489,-2.36479752,2.6544448
57.34,-11.01971722,7.24262447,-9.24443308,-5.66003807,14.33328132,13.30929361,23.09284746,-10.81015093,-5.26913349,1.34101375,-2.49686672,2.61299948
57.345,-11.24566176,7.17309497,-9.37233161,-5.95272599,14.76903428,13.67106443,23.3445492,-10.68330722,-4.98640634,1.21311259,-2.66234863,2.52891164
57.35,-11.45506995,7.05549571,-9.51746573,-6.29293786,15.20033068,14.05023201,23.61432991,-10.51905579,-4.69463846,0.94358073,-2.83971372,2.3985213
57.355,-11.64344222,6.89564935,-9.7003516,-6.69047017,15.6176143,14.45736846,23.90576644,-10.32140026,-4.39318309,0.52972275,-3.05179507,2.22294457
57.36,-11.81109635,6.69250987,-9.92662694,-7.14543976,16.01104913,14.8953904,24.21850378,-10.08590386,-4.07819419,-0.02131894,-3.30245591,1.99604396
57.365,-11.95796018,6.44609016,-10.18284611,-7.6609792,16.37478721,15.34806695,24.54668671,-9.81758064,-3.75737866,-0.70031372,-3.5822334,1.7221359
57.37,-12.07976882,6.15785056,-10.45941851,-8.24696213,16.71707345,15.81580807,24.88662465,-9.52279434,-3.43688639,-1.50084566,-3.88717183,1.40461137
57.375,-12.17835966,5.82876379,-10.77051899,-8.89539961,17.02005925,16.30451454,25.24106909,-9.19569444,-3.10672434,-2.41351184,-4.22627054,1.03602725
57.38,-12.25400876,5.46201265,-11.09736413,-9.61148405,17.28143125,16.79647673,25.6011821,-8.84792329,-2.77915355,-3.42793759,-4.58832789,0.63020521
57.385,-12.30353853,5.05705123,-11.44285878,-10.39783362,17.49260198,17.29445592,25.96685122,-8.47518974,-2.45172489,-4.53164531,-4.97262045,0.18236907
57.39,-12.3239749,4.61600904,-11.79126443,-11.26156167,17.6635159,17.79325281,26.3321552,-8.08795523,-2.13851797,-5.71606966,-5.37137627,-0.29329092
57.395,-12.31607339,4.14057372,-12.14483621,-12.1987721,17.77217876,18.28426993,26.69421701,-7.68362037,-1.83225405,-6.96459349,-5.77892478,-0.79960099
57.4,-12.27514199,3.63151704,-12.48500359,-13.21956707,17.82784225,18.76058952,27.04549115,-7.27216779,-1.55575699,-8.26609357,-6.18369795,-1.31440629
57.405,-12.20360989,3.08997474,-12.80948147,-14.31357926,17.8096766,19.20641767,27.38360001,-6.85028967,-1.29327473,-9.60451273,-6.57343469,-1.84111605
57.41,-12.09474551,2.51977885,-13.10499417,-15.49277167,17.7321671,19.62296618,27.70379878,-6.4316904,-1.08414839,-10.97258997,-6.93983745,-2.35414596
57.415,-11.94306906,1.9178047,-13.36548622,-16.75803353,17.5734144,20.00050427,28.00118747,-6.00934671,-0.90049578,-12.34730997,-7.27538892,-2.86711308
57.42,-11.74346701,1.28681697,-13.57140114,-18.11362478,17.33223278,20.32748581,28.26900925,-5.58814141,-0.74196623,-13.71327654,-7.56395731,-3.36635172
57.425,-11.50275082,0.63103451,-13.73934984,-19.54592064,17.00847964,20.59220274,28.51014849,-5.18055022,-0.66908312,-15.07622726,-7.79288039,-3.82666937
57.43,-11.19208285,-0.04648327,-13.82439864,-21.07671458,16.60678404,20.8060325,28.72497112,-4.77630331,-0.59455479,-16.40184278,-7.97284199,-4.2797067
57.435,-10.82288275,-0.74777743,-13.85983147,-22.68901507,16.11056858,20.94776498,28.91267686,-4.38844908,-0.60246437,-17.70161551,-8.07895585,-4.69416984
57.44,-10.3913605,-1.46368139,-13.81511705,-24.3857677,15.52549853,21.0140399,29.06675771,-4.01121255,-0.64348303,-18.95625241,-8.10412799,-5.06159484
57.445,-9.88231245,-2.19643981,-13.7022181,-26.16584701,14.84744653,21.00733982,29.19857482,-3.64896876,-0.74014405,-20.16470227,-8.0514155,-5.39971371
57.45,-9.29362725,-2.93802274,-13.51620906,-28.02726532,14.07817737,20.92339769,29.30692493,-3.3036971,-0.88484479,-21.32163583,-7.92127014,-5.69817775
57.455,-8.61393482,-3.68689403,-13.24721278,-29.96439205,13.22019526,20.75263395,29.40359309,-2.96911029,-1.07055201,-22.42450265,-7.70415245,-5.960386
57.46,-7.84992137,-4.43498338,-12.91117706,-31.97086974,12.27389013,20.50320801,29.47737289,-2.65381923,-1.29559585,-23.4654427,-7.40643766,-6.17706959
57.465,-6.99619464,-5.17402815,-12.50314432,-34.03520011,11.2458525,20.16975129,29.53881746,-2.35446555,-1.55818388,-24.44594855,-7.02259437,-6.35408218
57.47,-6.05513594,-5.900269,-12.04183358,-36.14497694,10.15397029,19.75535175,29.59784088,-2.06890728,-1.83733799,-25.37908459,-6.52450768,-6.50119456
57.475,-5.04364539,-6.61691777,-11.52744949,-38.29253426,8.98087002,19.28242288,29.6260133,-1.79184679,-2.16007576,-26.2346557,-5.98616639,-6.60542262
57.48,-3.96495146,-7.32019761,-10.97003657,-40.46387139,7.74453326,18.74766364,29.62767186,-1.518172,-2.50160691,-27.01629614,-5.40000522,-6.67414852
57.485,-2.82402849,-8.00235729,-10.37939265,-42.64414697,6.45894528,18.14870915,29.60647686,-1.25119188,-2.85915498,-27.72738135,-4.76576147,-6.71437697
57.49,-1.63529888,-8.65859036,-9.76497885,-44.81741954,5.13660626,17.49393534,29.5550522,-0.98427951,-3.2207001,-28.3636641,-4.09335289,-6.73329963
57.495,-0.39992077,-9.28600856,-9.13451804,-46.97344061,3.78904057,16.77418689,29.47722625,-0.72181508,-3.58792746,-28.92632881,-3.39797465,-6.72721582
57.5,0.85786169,-9.87656557,-8.50290406,-49.09284766,2.4393249,16.01244792,29.36303351,-0.45655897,-3.94333267,-29.41337281,-2.6827537,-6.71388654
57.505,2.14263203,-10.4291547,-7.87132278,-51.16978068,1.09393778,15.19474198,29.21566551,-0.19338334,-4.28579972,-29.82177288,-1.96765765,-6.68229277
57.51,3.43288127,-10.94369015,-7.25461251,-53.18983757,-0.22636109,14.33447083,29.02808584,0.07292081,-4.61053989,-30.15753421,-1.25534602,-6.65278403
57.515,4.73023724,-11.41075436,-6.65481256,-55.14426726,-1.51284044,13.43689283,28.80456157,0.33777026,-4.90320679,-30.41368833,-0.55760384,-6.61322871
57.52,6.01840134,-11.83449338,-6.0826374,-57.02486542,-2.74806922,12.50248717,28.53667622,0.60286281,-5.16760561,-30.59406535,0.11081281,-6.57874438
57.525,7.29228776,-12.21371607,-5.54124676,-58.82432983,-3.92092158,11.53816952,28.22397163,0.86840958,-5.39406729,-30.69661775,0.73839927,-6.54723385
57.53,8.54203936,-12.54448545,-5.04144204,-60.53516992,-5.01936807,10.54542925,27.87142334,1.1294876,-5.58869006,-30.73254922,1.33109945,-6.53390804
57.535,9.76538055,-12.83166669,-4.5797341,-62.15370047,-6.0389414,9.5294176,27.47076715,1.38950942,-5.74096406,-30.69059137,1.86450091,-6.52922153
57.54,10.95821893,-13.07171319,-4.16439859,-63.67598863,-6.97147982,8.49986242,27.02979569,1.64282565,-5.8504396,-30.58192526,2.34714201,-6.54049149
57.545,12.11713831,-13.26565817,-3.79605932,-65.0974975,-7.81553945,7.45636547,26.54852331,1.8880043,-5.91702268,-30.40596347,2.77021867,-6.565651
57.55,13.22074095,-13.44936481,-3.48147855,-66.4210213,-8.53747834,6.45597112,26.00396033,2.1478525,-5.95606126,-30.15479155,3.0803509,-6.59053737
57.555,14.31239972,-13.52366697,-3.21697689,-67.62508203,-9.21650375,5.37822159,25.46316704,2.3461813,-5.91753703,-29.86338561,3.4358997,-6.67048794
57.56,15.33724226,-13.61950055,-3.00324727,-68.73436746,-9.745253,4.38518988,24.84928736,2.57510259,-5.87269773,-29.49626607,3.62872176,-6.72069379
57.565,16.33270657,-13.62554031,-2.84595394,-69.72488738,-10.24096827,3.33480152,24.23164772,2.75063855,-5.76267268,-29.09943753,3.8473238,-6.83744775
57.57,17.27112772,-13.64579547,-2.73604052,-70.61427658,-10.5803267,2.39131898,23.55493729,2.94397522,-5.64165887,-28.6278819,3.93103623,-6.90625957
57.575,18.16705366,-13.59552152,-2.68543572,-71.37728906,-10.88878548,1.40815775,22.86063408,3.08924364,-5.47206484,-28.11406495,4.01453999,-7.03498772
57.58,19.0160352,-13.52389295,-2.68146467,-72.0382853,-11.10105829,0.4910887,22.14036213,3.21902419,-5.27637244,-27.57038981,4.03667466,-7.15855187
57.585,19.81900051,-13.42432868,-2.72196319,-72.59068086,-11.23798814,-0.38267963,21.39589695,3.32596081,-5.0582084,-26.99229277,4.0184497,-7.29183011
57.59,20.57655492,-13.30199431,-2.80675633,-73.03345204,-11.30337798,-1.19680001,20.62859296,3.41125187,-4.82184724,-26.37727717,3.95595324,-7.41943732
57.595,21.2905141,-13.15766591,-2.93119353,-73.36904042,-11.30438072,-1.95276492,19.84275862,3.47213854,-4.57322547,-25.73417201,3.86193694,-7.54544606
57.6,21.9616104,-12.99240297,-3.09164694,-73.59875819,-11.2518342,-2.64374978,19.04145055,3.5079302,-4.31506644,-25.06727119,3.74053376,-7.66635892
57.605,22.59244004,-12.80829829,-3.28368736,-73.72538411,-11.14897869,-3.260921,18.22764214,3.51869466,-4.05446292,-24.38048069,3.5977929,-7.77607819
57.61,23.18571519,-12.60876516,-3.50341629,-73.75006132,-11.00661916,-3.7995066,17.40568546,3.50466445,-3.79699873,-23.67700857,3.43871281,-7.8707463
57.615,23.7410152,-12.40015989,-3.74895658,-73.67683755,-10.83943125,-4.26123878,16.57607323,3.47107549,-3.54122617,-22.96026883,3.2679525,-7.94710113
57.62,24.263534,-12.18049402,-4.01353645,-73.50876387,-10.64951153,-4.63900439,15.74401275,3.41591586,-3.29675216,-22.23397036,3.09214721,-8.00260415
57.625,24.75360547,-11.95346891,-4.29420187,-73.2474988,-10.44852313,-4.93321439,14.91121249,3.34265546,-3.06433237,-21.50149965,2.91594174,-8.03525535
57.63,25.21026045,-11.72161678,-4.58992568,-72.89708979,-10.24485747,-5.14564865,14.0776094,3.25224203,-2.84575945,-20.76509905,2.74264516,-8.04529136
57.635,25.64367527,-11.48806659,-4.89177121,-72.46243518,-10.04352417,-5.27423064,13.25009432,3.14871399,-2.64488191,-20.0280246,2.57777338,-8.02660032
57.64,26.04306639,-11.25642559,-5.20171134,-71.94351232,-9.85383679,-5.32318276,12.42458527,3.03808328,-2.45784463,-19.29400868,2.42460196,-7.98368336
57.645,26.41902322,-11.02671672,-5.52118827,-71.34372738,-9.67773315,-5.29441296,11.60722087,2.91351954,-2.29991248,-18.56172836,2.28437574,-7.91355815
57.65,26.76946363,-10.80070642,-5.84068165,-70.66935275,-9.52174937,-5.19100232,10.79709894,2.78485764,-2.15429146,-17.83697639,2.16240838,-7.81500278
57.655,27.09301387,-10.58136622,-6.16395723,-69.9169299,-9.38835139,-5.01641073,9.99707185,2.65236312,-2.03340775,-17.12126344,2.05825461,-7.68965664
57.66,27.38764704,-10.37035025,-6.48956306,-69.09329321,-9.27533676,-4.77266018,9.20098798,2.5186087,-1.92934466,-16.41148605,1.97568805,-7.53568332
57.665,27.67461752,-10.17186081,-6.81458497,-68.20472264,-9.19563048,-4.47744417,8.43325952,2.38649391,-1.85603816,-15.72463935,1.91380083,-7.36127722
57.67,27.92942852,-9.97179745,-7.12418358,-67.24922743,-9.1298184,-4.1193808,7.66403499,2.25664027,-1.77324946,-15.04474874,1.87254124,-7.14977225
57.675,28.16801051,-9.78875018,-7.44128883,-66.22783279,-9.09707899,-3.71503148,6.9179058,2.13112858,-1.72002499,-14.38377444,1.85669788,-6.92279512
57.68,28.38298709,-9.61620702,-7.75719918,-65.13969737,-9.08596311,-3.26353339,6.18573248,2.00959739,-1.68318687,-13.73994839,1.86052699,-6.67184787
57.685,28.57368051,-9.45347314,-8.07223409,-63.9890356,-9.09586568,-2.76712805,5.46834728,1.89416251,-1.65467165,-13.11651852,1.88994382,-6.40035896
57.69,28.74369591,-9.30496191,-8.38792846,-62.77824985,-9.12265214,-2.23460717,4.76713531,1.78724126,-1.63704816,-12.51257927,1.94468513,-6.11268798
57.695,28.8947064,-9.16389542,-8.69564534,-61.50505285,-9.16520742,-1.67193549,4.0864157,1.68791609,-1.62637619,-11.93055368,2.01577409,-5.80858303
57.7,29.02695679,-9.03619149,-9.00313575,-60.17333958,-9.21849885,-1.08429839,3.42410561,1.59809986,-1.62454583,-11.3677153,2.1069389,-5.49389657
57.705,29.13385082,-8.91657452,-9.30653733,-58.78133206,-9.27336563,-0.46814467,2.77742063,1.51741549,-1.62481734,-10.83015452,2.21984008,-5.1641494
57.71,29.22194566,-8.80694822,-9.6107284,-57.32816212,-9.33556135,0.17123133,2.15244211,1.44451044,-1.62333884,-10.31435573,2.35480478,-4.83528806
57.715,29.28417252,-8.70464765,-9.91054966,-55.81597869,-9.38972174,0.83262064,1.54159371,1.3811914,-1.62859497,-9.82117006,2.50454435,-4.4938914
57.72,29.3253739,-8.60893092,-10.2039682,-54.24294407,-9.43592043,1.51074177,0.94987073,1.32688208,-1.63049237,-9.35031662,2.67176049,-4.15034156
57.725,29.34827443,-8.52132822,-10.50044312,-52.60939386,-9.47796304,2.20150887,0.38371662,1.28068209,-1.63927202,-8.90561439,2.85259796,-3.81916575
57.73,29.33980926,-8.4330752,-10.77480166,-50.91539158,-9.48656062,2.91804664,-0.17980319,1.24576097,-1.62731419,-8.47497626,3.05176626,-3.46726902
57.735,29.31426179,-8.35763738,-11.06416007,-49.15899259,-9.49341126,3.64170335,-0.71112421,1.21938505,-1.63674324,-8.07559102,3.26274173,-3.14350825
57.74,29.25581859,-8.26559868,-11.30830643,-47.34080898,-9.44885476,4.38802999,-1.24732417,1.19982784,-1.61511895,-7.68202116,3.48004661,-2.78803236
57.745,29.18464121,-8.19208191,-11.57348923,-45.46117717,-9.41049937,5.13843077,-1.74651871,1.19247256,-1.60865745,-7.31949764,3.71519031,-2.4777338
57.75,29.08157785,-8.10498934,-11.80175553,-43.51802596,-9.32562329,5.90942179,-2.24262875,1.1909743,-1.5858399,-6.96963781,3.95145502,-2.15374405
57.755,28.94711603,-8.01991721,-12.01602171,-41.51477893,-9.19552091,6.68602575,-2.7329777,1.20086285,-1.57133941,-6.63286187,4.19882588,-1.83196849
57.76,28.79670485,-7.92922682,-12.21006146,-39.4468919,-9.06067673,7.4659752,-3.197509,1.21874658,-1.54510791,-6.31890449,4.44627992,-1.53467397
57.765,28.61322927,-7.8411726,-12.38187176,-37.32334547,-8.88369201,8.26350447,-3.65895824,1.24927528,-1.51416485,-6.01645467,4.7050617,-1.23822705
57.77,28.40781272,-7.75064436,-12.52709088,-35.14288569,-8.67640897,9.04851423,-4.10916404,1.29183129,-1.49066058,-5.72626824,4.96319341,-0.9584099
57.775,28.1557254,-7.65954729,-12.64018111,-32.91385196,-8.39144524,9.8256591,-4.58136041,1.34912287,-1.48771761,-5.43516986,5.23736648,-0.66710268
57.78,27.91168953,-7.58268216,-12.73273956,-30.63758096,-8.17933606,10.615811,-5.00123016,1.42448618,-1.42529335,-5.17852871,5.5069597,-0.41381067
57.785,27.63441565,-7.50385339,-12.78257696,-28.32255126,-7.90779365,11.37607012,-5.43433334,1.51400054,-1.38616723,-4.91994855,5.77657808,-0.16574101
57.79,27.32921858,-7.43692627,-12.79932353,-25.9803278,-7.60854664,12.10837164,-5.87660226,1.62398083,-1.34562395,-4.66502594,6.05936138,0.08146491
57.795,27.0093737,-7.38028373,-12.77778502,-23.61760866,-7.31809486,12.80940633,-6.31136805,1.75191779,-1.29376226,-4.42373889,6.3432178,0.31894639
57.8,26.68241549,-7.34014708,-12.71803644,-21.24837996,-7.04245486,13.46481499,-6.73662723,1.90129476,-1.23174471,-4.19728552,6.62623157,0.54244367
57.805,26.34333504,-7.3186129,-12.62196596,-18.89068131,-6.762297,14.06746462,-7.16866161,2.0704446,-1.16815202,-3.97502123,6.91875832,0.76011318
57.81,25.99678231,-7.32176,-12.49293009,-16.55795511,-6.49223579,14.60353987,-7.60546842,2.26296858,-1.09116493,-3.75916937,7.21888303,0.97636823
57.815,25.65483888,-7.34439493,-12.33664006,-14.27050747,-6.24776314,15.0787245,-8.03892261,2.46957238,-1.01034806,-3.55571634,7.52577808,1.18229015
57.82,25.32446979,-7.39298093,-12.15111453,-12.05183213,-6.02025814,15.48362899,-8.46967608,2.69631554,-0.91901819,-3.36510279,7.84094809,1.38009081
57.825,25.0138422,-7.46799258,-11.93847994,-9.92440089,-5.81169776,15.81975163,-8.88845933,2.93928242,-0.81920548,-3.20301295,8.16500351,1.56639164
57.83,24.71922839,-7.56414452,-11.72786507,-7.9111285,-5.59992578,16.09416549,-9.32115005,3.18897837,-0.71185292,-3.03871917,8.5025367,1.77043614
57.835,24.47447835,-7.68090126,-11.49526435,-6.03392415,-5.40918845,16.29307316,-9.73002437,3.44970213,-0.59583992,-2.90456917,8.85078951,1.94918551
57.84,24.33355916,-7.83059011,-11.23388977,-4.32072184,-5.24949295,16.41999053,-10.08133418,3.73800366,-0.45346837,-2.78934664,9.17213169,2.02566919
57.845,24.0857782,-7.9298875,-11.05568083,-2.71716593,-5.04598465,16.50506971,-10.53032983,3.93978191,-0.35057576,-2.70404192,9.58561865,2.31406016
57.85,24.0020041,-8.07337403,-10.83423706,-1.31812661,-4.89673704,16.56096743,-10.88172829,4.1928004,-0.2137065,-2.64488907,9.93199018,2.39369401
57.855,23.85857546,-8.15253067,-10.66383423,-0.05127116,-4.71943021,16.49344125,-11.28984772,4.3522375,-0.11483394,-2.62324926,10.38425716,2.68870566
57.86,23.80309768,-8.23382251,-10.49647265,1.0247281,-4.57490008,16.41331984,-11.65661212,4.51314165,-0.01447866,-2.632796,10.81415935,2.89781679
57.865,23.80876864,-8.31431925,-10.3574555,1.91246749,-4.44390572,16.34481477,-11.99076247,4.66132518,0.10864745,-2.69098819,11.21535386,2.9853076
57.87,23.81104336,-8.31427105,-10.24569435,2.65351887,-4.33471785,16.08683744,-12.33411623,4.7096503,0.17372409,-2.78273543,11.70469221,3.31492359
57.875,23.873015,-8.30590107,-10.14337734,3.19978102,-4.25324871,15.86327228,-12.6539246,4.75224367,0.22274654,-2.92496943,12.1877396,3.5544606
57.88,23.96278252,-8.25925041,-10.09230035,3.57835595,-4.16390895,15.59153822,-12.94665015,4.73168805,0.30656745,-3.12348316,12.65566727,3.76122786
57.885,24.08614815,-8.17804764,-10.06038734,3.7825431,-4.11668132,15.27027093,-13.22292289,4.66981075,0.35394818,-3.37737481,13.15005803,3.99480247
57.89,24.24208261,-8.05070604,-10.04118673,3.81747553,-4.10560341,14.90751271,-13.48023473,4.55829633,0.35519013,-3.68838041,13.65399954,4.24280584
57.895,24.42269575,-7.89698673,-10.06588242,3.68464089,-4.11778339,14.51426456,-13.71973611,4.39912108,0.38264511,-4.0544572,14.15249663,4.47324313
57.9,24.62984907,-7.70184257,-10.10314777,3.39568548,-4.17157925,14.06893716,-13.93725664,4.18914684,0.37013927,-4.48282076,14.65554066,4.72280897
57.905,24.86135669,-7.47065846,-10.15187197,2.95281611,-4.2673768,13.57840517,-14.13346665,3.93215964,0.32776815,-4.97516034,15.14826051,4.98440602
57.91,25.11316246,-7.2143258,-10.22448009,2.36315789,-4.40739754,13.04915453,-14.30947852,3.63356346,0.27093159,-5.53161215,15.62878503,5.24169426
57.915,25.38491443,-6.92276685,-10.27723021,1.63944526,-4.59230456,12.46314432,-14.45797685,3.28972949,0.17019425,-6.16354801,16.0821549,5.52508827
57.92,25.67449742,-6.62279326,-10.37379623,0.77680096,-4.83354818,11.84326732,-14.58991912,2.91722842,0.07090627,-6.8561757,16.52251722,5.78928194
57.925,25.97804517,-6.29419633,-10.4317422,-0.19789501,-5.11577295,11.16514517,-14.69107198,2.50571255,-0.07306517,-7.6312208,16.92154283,6.07629354
57.93,26.29517343,-5.9621672,-10.52171273,-1.29058821,-5.45597489,10.45352706,-14.77417097,2.07005715,-0.22060859,-8.46755961,17.29785887,6.34837999
57.935,26.62287391,-5.6142243,-10.57408292,-2.47751623,-5.83886936,9.68385375,-14.82488431,1.60641342,-0.40619522,-9.38659896,17.62573271,6.63951476
57.94,26.9562602,-5.25989449,-10.62460863,-3.75054213,-6.25704584,8.88787671,-14.85182019,1.12190344,-0.60616953,-10.37742613,17.90811124,6.91964479
57.945,27.29553127,-4.89714762,-10.63464776,-5.09579391,-6.70645074,8.04517673,-14.8461263,0.61863718,-0.8361752,-11.44899353,18.12968022,7.21500608
57.95,27.63583719,-4.53396744,-10.63448938,-6.5019598,-7.1828177,7.17875757,-14.80828416,0.10102106,-1.08105251,-12.59758995,18.29628881,7.50619127
57.955,27.97319212,-4.1680687,-10.62022885,-7.95648707,-7.6622101,6.3022755,-14.73880943,-0.43045929,-1.34119366,-13.82237747,18.39844021,7.78774316
57.96,28.3045567,-3.802592,-10.57877852,-9.44284946,-8.14235644,5.41309975,-14.63020831,-0.97422462,-1.61634387,-15.12725642,18.42935847,8.06969625
57.965,28.62604625,-3.43862132,-10.53804436,-10.95203482,-8.60133707,4.53494552,-14.48602259,-1.52954216,-1.90023172,-16.50452646,18.38867015,8.33544095
57.97,28.9319076,-3.07312938,-10.46542387,-12.4642325,-9.02378448,3.67217252,-14.29733701,-2.09250804,-2.18792225,-17.96526022,18.25558618,8.59454644
57.975,29.22331698,-2.7155346,-10.40834811,-13.9758274,-9.40695658,2.83577311,-14.06850799,-2.66356584,-2.48414259,-19.49103403,18.04461777,8.83156201
57.98,29.49274333,-2.35166035,-10.29616256,-15.45573082,-9.74042649,2.02813338,-13.78337069,-3.23660226,-2.76308824,-21.10714125,17.74039328,9.05772062
57.985,29.74265881,-1.99123504,-10.20696077,-16.9125667,-10.00455295,1.26005951,-13.448159,-3.82128718,-3.03509194,-22.78886965,17.34986516,9.24996651
57.99,29.97216984,-1.63754802,-10.12910908,-18.3355811,-10.19130526,0.53860387,-13.05901252,-4.41231579,-3.29667067,-24.53553684,16.8682721,9.40552112
57.995,30.1758745,-1.28241104,-10.03869578,-19.70704364,-10.2896354,-0.12491996,-12.60806859,-5.009724,-3.52708252,-26.35474311,16.29363816,9.52060781
58,30.3594837,-0.9334738,-9.96186575,-21.03230925,-10.29592437,-0.73694602,-12.09722059,-5.61017165,-3.73457335,-28.23223706,15.63037011,9.58857835
58.005,30.52532853,-0.59077815,-9.89532605,-22.30418433,-10.21092297,-1.29996963,-11.5194053,-6.21031661,-3.91122399,-30.16698179,14.88227336,9.60478192
58.01,30.67094188,-0.25225972,-9.8374038,-23.51845957,-10.0310137,-1.80747566,-10.87553337,-6.81189764,-4.05011999,-32.15083167,14.05140901,9.56559979
58.015,30.79778802,0.0778553,-9.7914076,-24.67478623,-9.7568069,-2.26503679,-10.16669745,-7.40730133,-4.15011517,-34.1772338,13.14767507,9.46877046
58.02,30.90363827,0.40069254,-9.76024485,-25.76044476,-9.4017696,-2.67238448,-9.38837649,-7.99703984,-4.21365126,-36.24036186,12.17817581,9.30824739
58.025,30.99581633,0.71336338,-9.73999778,-26.78609014,-8.96123526,-3.04024507,-8.54357245,-8.57359429,-4.22920332,-38.32710184,11.15246627,9.08466152
58.03,31.07388619,1.01440657,-9.73177658,-27.74747515,-8.44500177,-3.367488,-7.63370737,-9.13251888,-4.20110108,-40.42788968,10.0850887,8.79440578
58.035,31.12258048,1.30856627,-9.73733302,-28.6327094,-7.86941123,-3.65279754,-6.67253195,-9.67703161,-4.13713898,-42.532769,8.98397031,8.4495516
58.04,31.15984705,1.58826886,-9.75404724,-29.45369778,-7.23562622,-3.90539624,-5.65234056,-10.19393394,-4.03123816,-44.62914532,7.86334138,8.03408755
58.045,31.16316652,1.86198978,-9.78470418,-30.1978504,-6.57042113,-4.12437083,-4.59553232,-10.69070006,-3.89674039,-46.70391364,6.73606055,7.56988574
58.05,31.15026324,2.11803719,-9.80464649,-30.87243434,-5.85259897,-4.32104257,-3.49105629,-11.14404882,-3.72483687,-48.7502389,5.6249399,7.0483451
58.055,31.10535756,2.36475534,-9.8413086,-31.4724233,-5.13064914,-4.49061668,-2.3576234,-11.57024884,-3.53144917,-50.75641425,4.53346027,6.47834547
58.06,31.029599,2.59908016,-9.87538907,-31.99777947,-4.39278325,-4.6445275,-1.20050062,-11.95715593,-3.31747828,-52.71207912,3.47748861,5.87018786
58.065,30.92582757,2.81844604,-9.90471347,-32.45169891,-3.65365214,-4.78217795,-0.02288388,-12.30019629,-3.08953241,-54.60912611,2.47095148,5.22352437
58.07,30.81655537,3.00816142,-9.92336583,-32.85679218,-2.89039097,-4.90632327,1.17957881,-12.57917819,-2.85643109,-56.43597812,1.52126594,4.53790056
58.075,30.6380271,3.2081865,-9.94982142,-33.16354872,-2.19644801,-5.02159997,2.36578344,-12.84526045,-2.6205575,-58.19246235,0.63784712,3.84358976
58.08,30.39559109,3.42054071,-9.98546427,-33.37410196,-1.5893782,-5.11998034,3.53608082,-13.0980276,-2.38039354,-59.87277851,-0.16465747,3.14623384
58.085,30.17680001,3.57379578,-9.97889231,-33.56524787,-0.91782709,-5.2276093,4.73104496,-13.24857786,-2.15643482,-61.46046311,-0.90910299,2.40336307
58.09,29.87799702,3.74778454,-9.97714409,-33.6531892,-0.35685806,-5.32120799,5.88911385,-13.39776555,-1.94027308,-62.96332682,-1.54836777,1.69869215
58.095,29.54949672,3.90635525,-9.95598113,-33.67464223,0.1681787,-5.41323688,7.0357359,-13.49633183,-1.73345146,-64.36629179,-2.11331728,0.98636696
58.1,29.18442024,4.05081967,-9.91864041,-33.63470076,0.64992083,-5.50675082,8.15815448,-13.55417983,-1.55150204,-65.66983633,-2.58897443,0.29763198
58.105,28.78619794,4.184029,-9.86506324,-33.52700625,1.07881698,-5.59488314,9.26008127,-13.57260262,-1.38719011,-66.87016935,-2.98786802,-0.38053118
58.11,28.3542309,4.30719109,-9.80030461,-33.37134156,1.4477278,-5.67971815,10.32866698,-13.56146913,-1.25344023,-67.96801557,-3.30132435,-1.02125233
58.115,27.88442207,4.42195561,-9.71981909,-33.14996592,1.76025847,-5.75984997,11.36554879,-13.51928568,-1.14200171,-68.95609901,-3.5377752,-1.62669569
58.12,27.37975292,4.52487379,-9.62528914,-32.87446357,2.02252354,-5.83788499,12.36792885,-13.44946169,-1.05875041,-69.83631137,-3.69813566,-2.18408588
58.125,26.83926818,4.61846914,-9.51820658,-32.54696435,2.23521816,-5.91117792,13.33073108,-13.35588162,-1.0011379,-70.6062047,-3.78388448,-2.68283275
58.13,26.21695624,4.69689887,-9.41434878,-32.16055502,2.45110721,-6.00048961,14.20781446,-13.24069553,-0.96471411,-71.25872702,-3.71045253,-3.00627567
58.135,25.6788491,4.76529571,-9.27503985,-31.74382805,2.52709253,-6.04379975,15.15644746,-13.09586408,-0.96304167,-71.8088073,-3.79213288,-3.54181717
58.14,25.01586432,4.82114962,-9.17244426,-31.26283503,2.63181074,-6.07967613,15.9810766,-12.94783859,-0.96823252,-72.24332656,-3.63739287,-3.77792044
58.145,24.37292392,4.88673937,-9.03558404,-30.76202452,2.65837705,-6.09007711,16.81095678,-12.79618614,-0.99043749,-72.58988143,-3.51925125,-4.04841823
58.15,23.70560106,4.92588446,-8.90434877,-30.2127648,2.66862722,-6.10065708,17.5995634,-12.61981288,-1.04478157,-72.81214455,-3.36987958,-4.25158599
58.155,23.01951481,4.95370905,-8.77390945,-29.63253912,2.65458044,-6.09354303,18.35389158,-12.43400964,-1.11243695,-72.92970124,-3.19324832,-4.38224426
58.16,22.31353093,4.97572264,-8.64247224,-29.02274545,2.61528917,-6.07040506,19.07147056,-12.24311328,-1.19295735,-72.94994776,-2.99342549,-4.4453283
58.165,21.59189111,4.98623207,-8.51787503,-28.3840859,2.55900743,-6.02811329,19.75397985,-12.04548685,-1.28455853,-72.86571063,-2.77794026,-4.43592793
58.17,20.84660179,4.99199994,-8.3909787,-27.72022826,2.49089891,-5.96542902,20.39097977,-11.84797403,-1.39126723,-72.68397066,-2.54878264,-4.34074444
58.175,20.05413591,5.00013703,-8.25627856,-27.0281937,2.44042045,-5.88901303,20.95218184,-11.67117621,-1.53735872,-72.40081412,-2.29197605,-4.12053476
58.18,19.28028443,4.98701157,-8.16104962,-26.32242661,2.37332165,-5.77433989,21.52127404,-11.47096683,-1.64971498,-72.0337128,-2.07006548,-3.91052952
58.185,18.4986824,4.96470542,-8.07588368,-25.60285343,2.30940175,-5.63245396,22.05719352,-11.26825187,-1.76619203,-71.57674656,-1.8626456,-3.6535397
58.19,17.70690044,4.93431794,-8.00421176,-24.87007203,2.25118078,-5.46374622,22.55839055,-11.06562163,-1.88454397,-71.03410069,-1.67353174,-3.35920122
58.195,16.91401844,4.9020859,-7.94940232,-24.1276112,2.2014177,-5.26992468,23.03330241,-10.86778531,-2.00088622,-70.41015204,-1.51510838,-3.04129671
58.2,16.1205089,4.8632963,-7.90935517,-23.37719836,2.15789364,-5.05124774,23.48150011,-10.66932101,-2.11390852,-69.70564862,-1.38845534,-2.70894692
58.205,15.32447323,4.82203456,-7.88540421,-22.62197154,2.12757247,-4.80790815,23.8992219,-10.47544095,-2.22509401,-68.92550739,-1.29248724,-2.36823349
58.21,14.52776932,4.7790415,-7.87733283,-21.86435423,2.10799992,-4.53742265,24.28731189,-10.2847972,-2.33081365,-68.07059664,-1.22796917,-2.03173346
58.215,13.73943755,4.73676617,-7.88347929,-21.10799944,2.09591491,-4.24896471,24.65565297,-10.10027428,-2.43035962,-67.1455821,-1.20459948,-1.70726585
58.22,12.94794088,4.69514179,-7.90655638,-20.34967474,2.10595106,-3.93583493,24.99023518,-9.92341834,-2.53037507,-66.15302748,-1.20777641,-1.39994114
58.225,12.16745524,4.65672301,-7.94188071,-19.59562792,2.11851339,-3.60522999,25.30600917,-9.75229377,-2.62060005,-65.09499815,-1.25048592,-1.11774503
58.23,11.39037533,4.62540899,-7.98607141,-18.84574271,2.15190955,-3.25801883,25.59441435,-9.59160372,-2.70543235,-63.97453082,-1.3177648,-0.87003549
58.235,10.62259083,4.6007721,-8.04595614,-18.10022651,2.19532768,-2.89942988,25.86183001,-9.44335125,-2.78858298,-62.79378066,-1.41216433,-0.66064225
58.24,9.86321464,4.58457084,-8.11215186,-17.36116681,2.25019061,-2.52884091,26.10630219,-9.30591581,-2.86565552,-61.55511405,-1.53020789,-0.48894522
58.245,9.11240201,4.57859758,-8.17727117,-16.62899244,2.31107433,-2.14564867,26.33048552,-9.17849683,-2.93166576,-60.26108527,-1.67136421,-0.35510096
58.25,8.38544743,4.58553329,-8.24592662,-15.90453795,2.3684164,-1.77167071,26.5468458,-9.06580068,-2.99209261,-58.91391881,-1.82551675,-0.26073732
58.255,7.64720311,4.60260406,-8.3395815,-15.18906163,2.46032172,-1.3710899,26.71751935,-8.97718057,-3.06796611,-57.50965456,-1.9830928,-0.2188548
58.26,6.93596682,4.6363964,-8.4074623,-14.48030358,2.5410501,-0.98409494,26.88958955,-8.89659776,-3.1205199,-56.05971901,-2.15188421,-0.20527197
58.265,6.22376362,4.68182253,-8.50080233,-13.78231309,2.64429481,-0.58500749,27.02621413,-8.84259739,-3.19136343,-54.55754792,-2.31374046,-0.23950409
58.27,5.53222224,4.74490498,-8.56865823,-13.09055923,2.73973764,-0.19489594,27.15610638,-8.79927858,-3.24359715,-53.00903944,-2.47791231,-0.29660704
58.275,4.85032615,4.82317628,-8.63791408,-12.40886096,2.84313231,0.19284981,27.26487299,-8.77774753,-3.30106705,-51.41350183,-2.63221376,-0.38434842
58.28,4.17757987,4.91657783,-8.70984539,-11.73710376,2.95603709,0.58120331,27.35227383,-8.77678128,-3.36216059,-49.77188291,-2.76611251,-0.49745027
58.285,3.51953609,5.02750523,-8.76482363,-11.07274221,3.06772336,0.96156069,27.4252582,-8.7943552,-3.41902614,-48.08615006,-2.88921205,-0.62420295
58.29,2.87186623,5.15344284,-8.80952046,-10.41882291,3.1854203,1.33681939,27.47843617,-8.83165095,-3.47950612,-46.35687447,-2.99690466,-0.76198028
58.295,2.23401736,5.29356682,-8.85137663,-9.77432409,3.30904611,1.71148571,27.51216227,-8.88538583,-3.53849634,-44.58477351,-3.0675383,-0.90399484
58.3,1.61419087,5.45053243,-8.87087386,-9.14242032,3.43257856,2.07109612,27.53167518,-8.96192317,-3.60494022,-42.77137345,-3.13008587,-1.03846586
58.305,0.99905621,5.61991105,-8.88454635,-8.52044809,3.56854785,2.4320613,27.52674036,-9.05311982,-3.67054485,-40.91752803,-3.15862268,-1.16500235
58.31,0.40378017,5.80320222,-8.88248927,-7.9130541,3.6986495,2.78249352,27.50809591,-9.16353131,-3.74187461,-39.0241752,-3.15928948,-1.27079704
58.315,-0.18050408,5.99980321,-8.87092059,-7.32063455,3.84009041,3.1260741,27.46859637,-9.29391732,-3.82281803,-37.09544034,-3.13745817,-1.35259053
58.32,-0.75612576,6.20737676,-8.83949121,-6.7415416,3.99071873,3.47032086,27.40838414,-9.4347824,-3.89468488,-35.1332051,-3.08507829,-1.40270214
58.325,-1.30941147,6.42608772,-8.79522337,-6.18302576,4.14306067,3.80048436,27.33708857,-9.59296066,-3.9731219,-33.14213187,-3.00901782,-1.41602266
58.33,-1.8495712,6.65646884,-8.73450083,-5.64223645,4.30540187,4.12506535,27.2487247,-9.76523991,-4.05156212,-31.12552144,-2.91251933,-1.39040751
58.335,-2.38092343,6.89413928,-8.65937147,-5.1238462,4.48251854,4.45234649,27.13677723,-9.94845216,-4.12559046,-29.08686062,-2.79602696,-1.32098106
58.34,-2.89441832,7.14158851,-8.56854939,-4.62759029,4.66898166,4.77190293,27.01354664,-10.14480048,-4.19690732,-27.03496827,-2.66761381,-1.20822973
58.345,-3.38498311,7.39467629,-8.46478021,-4.16118907,4.86219153,5.08375644,26.87999006,-10.35338961,-4.27289757,-24.9733368,-2.535629,-1.05561096
58.35,-3.86884982,7.65323566,-8.34290076,-3.72389606,5.07789019,5.403421,26.72560252,-10.56921199,-4.33088994,-22.91373017,-2.39550249,-0.8543345
58.355,-4.328483,7.91860574,-8.20996741,-3.31459884,5.30461871,5.71218583,26.57160626,-10.79701187,-4.38691635,-20.86695699,-2.26661719,-0.62226488
58.36,-4.77156061,8.18702465,-8.06171639,-2.94110756,5.54813816,6.02457672,26.40888301,-11.03252091,-4.42711712,-18.84223823,-2.14660441,-0.35538427
58.365,-5.19632609,8.45834402,-7.90079557,-2.60517273,5.81083242,6.33799003,26.24130073,-11.27632297,-4.45206406,-16.85074782,-2.04613256,-0.06175926
58.37,-5.55785122,8.76928921,-7.71391855,-2.32742874,6.04168485,6.59029334,26.12401437,-11.55908104,-4.42159375,-14.92563221,-2.02177574,0.19812438
58.375,-5.98542393,9.00419345,-7.5515108,-2.05567362,6.40829261,6.96724415,25.91140858,-11.78356226,-4.44723919,-13.02902604,-1.91360494,0.58059951
58.38,-6.36181554,9.27627067,-7.37861603,-1.84133624,6.7401858,7.29318658,25.7488705,-12.04168101,-4.4089681,-11.23130619,-1.88038719,0.92802946
58.385,-6.7087853,9.54004282,-7.20486692,-1.6741259,7.09780668,7.61450367,25.6069723,-12.29768634,-4.34866479,-9.52963145,-1.87096296,1.26669054
58.39,-7.03655504,9.79311636,-7.03487933,-1.55118058,7.48115643,7.94518799,25.48016866,-12.54669467,-4.26473168,-7.9349059,-1.88121179,1.6055162
58.395,-7.3400141,10.0308301,-6.87188439,-1.47733366,7.89087508,8.27913338,25.37613149,-12.78610732,-4.16008958,-6.46138584,-1.91762844,1.93278896
58.4,-7.62599866,10.24864339,-6.72605166,-1.45038351,8.32413513,8.62820588,25.29122374,-13.00799428,-4.03452298,-5.11598885,-1.96934736,2.24890002
58.405,-7.89062923,10.43944773,-6.59791416,-1.47168997,8.78094211,8.98572304,25.23025772,-13.2067084,-3.89193471,-3.90756993,-2.04230607,2.54358848
58.41,-8.13522607,10.60139217,-6.49112147,-1.54233642,9.26029962,9.35203385,25.1925692,-13.37804116,-3.73365583,-2.84006537,-2.13653794,2.81407335
58.415,-8.3600909,10.72631413,-6.41244779,-1.66363502,9.76130229,9.73428495,25.17738227,-13.51443998,-3.56459868,-1.91828444,-2.24915315,3.05731969
58.42,-8.56897727,10.81234059,-6.3652782,-1.83262047,10.27776938,10.13572865,25.18356926,-13.61180363,-3.38313904,-1.14517585,-2.37966347,3.27031549
58.425,-8.75916172,10.85512054,-6.35166669,-2.05158088,10.81169873,10.55193105,25.21219495,-13.66654016,-3.19371292,-0.52286819,-2.53071874,3.44826881
58.43,-8.93624604,10.85258969,-6.37728043,-2.31518458,11.35654738,10.99826373,25.26203559,-13.67466422,-2.99484437,-0.0535322,-2.70140735,3.5885352
58.435,-9.09851377,10.80419782,-6.43304902,-2.62926544,11.90647905,11.43122692,25.3320405,-13.63147557,-2.79321432,0.26661995,-2.89241169,3.68762729
58.44,-9.2455451,10.70070561,-6.53636656,-2.99103316,12.46658403,11.91521113,25.42456817,-13.53662966,-2.58555198,0.4283562,-3.10475962,3.73863131
58.445,-9.38793294,10.55844893,-6.69671196,-3.3924442,13.01080845,12.41677471,25.53593793,-13.39549111,-2.36360076,0.44176309,-3.34259212,3.74613904
58.45,-9.5186936,10.3583911,-6.8797496,-3.83406007,13.56089918,12.91542264,25.66252267,-13.19962782,-2.14615045,0.31640248,-3.5981532,3.70118228
58.455,-9.64249808,10.11533298,-7.15331513,-4.32269349,14.08653444,13.45924869,25.80737332,-12.94695966,-1.88810586,0.04942196,-3.87608002,3.602663
58.46,-9.75128108,9.81186229,-7.39422445,-4.85752704,14.62322717,13.96365904,25.96958995,-12.65373,-1.69152619,-0.36236425,-4.17997984,3.45419301
58.465,-9.85519925,9.46503337,-7.73028505,-5.43646824,15.12329088,14.51757698,26.14876255,-12.30469909,-1.44616794,-0.90391771,-4.49968832,3.24534139
58.47,-9.95253402,9.07041106,-8.09110944,-6.0579528,15.59230758,15.06954562,26.34059736,-11.91270001,-1.20507764,-1.57022719,-4.83771953,2.98497376
58.475,-10.04305783,8.63132099,-8.49236983,-6.72332905,16.02345839,15.63018785,26.54532286,-11.47860461,-0.95868618,-2.35433917,-5.18823359,2.66969009
58.48,-10.12402829,8.15047817,-8.90772969,-7.43858318,16.42389502,16.17595305,26.75816611,-11.01306059,-0.72658323,-3.24667862,-5.55197685,2.31706294
58.485,-10.19727925,7.63171646,-9.35170247,-8.20225629,16.77375708,16.71920679,26.9780593,-10.51588246,-0.49373773,-4.23765026,-5.91707568,1.92177369
58.49,-10.25948653,7.07668583,-9.8146956,-9.01646001,17.07303366,17.26836659,27.20171035,-9.99336301,-0.26783626,-5.31412825,-6.28481072,1.48162801
58.495,-10.31122016,6.48922597,-10.27970958,-9.88294288,17.31284361,17.78812364,27.42431857,-9.45140114,-0.0571422,-6.46509691,-6.63876025,1.02188982
58.5,-10.34798236,5.87348426,-10.74133838,-10.80713268,17.49054897,18.28802286,27.64202971,-8.8993085,0.13443823,-7.67728261,-6.9764742,0.54261844
58.505,-10.36565029,5.2310609,-11.18747324,-11.79350696,17.60179546,18.75091314,27.85097175,-8.3393306,0.29948679,-8.93659116,-7.28588145,0.05885303
58.51,-10.36121885,4.56664974,-11.60768695,-12.84401826,17.64354243,19.17162208,28.04688812,-7.78101025,0.43419275,-10.22938993,-7.55890961,-0.42093673
58.515,-10.33012879,3.88340476,-11.99562491,-13.96208132,17.60210217,19.54714048,28.22525623,-7.2279259,0.53984418,-11.54040373,-7.78627575,-0.89735709
58.52,-10.2670244,3.18494633,-12.32806267,-15.1503456,17.48144897,19.85485042,28.38335311,-6.6869803,0.60588879,-12.85788221,-7.9577529,-1.34469285
58.525,-10.16419163,2.47461823,-12.6090061,-16.41334509,17.28287277,20.09732502,28.52104732,-6.16418588,0.62519854,-14.16976582,-8.07226571,-1.76727887
58.53,-10.0170561,1.75645818,-12.82473949,-17.75323078,16.98953627,20.26183353,28.63402925,-5.66087095,0.60885099,-15.46292617,-8.11354667,-2.15755208
58.535,-9.85524541,1.04627519,-12.96378825,-19.15205073,16.5600545,20.28140934,28.70051403,-5.17342824,0.58224796,-16.73382792,-7.99038035,-2.41742526
58.54,-9.55258307,0.30752897,-13.01845111,-20.67913704,16.14180138,20.36812047,28.78624857,-4.7214341,0.47563834,-17.94856695,-7.98628372,-2.83586946
58.545,-9.21572635,-0.41357578,-13.00279723,-22.26495802,15.58095617,20.29354085,28.83723402,-4.29045758,0.36421775,-19.13062529,-7.82081205,-3.14819798
58.55,-8.79607342,-1.12750656,-12.87891722,-23.93874643,14.93059964,20.12217589,28.87053339,-3.88687144,0.2164353,-20.25992818,-7.57887092,-3.4105301
58.555,-8.29781804,-1.82917138,-12.68910667,-25.6910908,14.18496143,19.85746496,28.88564166,-3.5196321,0.01905454,-21.33813824,-7.2545614,-3.63432844
58.56,-7.70372232,-2.51017429,-12.37905445,-27.52303952,13.3556317,19.49196541,28.89940774,-3.17167094,-0.18070201,-22.36695725,-6.85210308,-3.80999303
58.565,-7.03367566,-3.17719273,-12.01103193,-29.42268421,12.43489421,19.06327906,28.88816597,-2.85165505,-0.42143611,-23.33360556,-6.39421792,-3.95520553
58.57,-6.25703632,-3.8130904,-11.56894027,-31.40316577,11.44496333,18.53685479,28.87446098,-2.55956759,-0.67290088,-24.23216267,-5.85021473,-4.06566758
58.575,-5.40329855,-4.42925077,-11.06350051,-33.43366145,10.3804394,17.95753976,28.84362243,-2.28287684,-0.94137693,-25.07083065,-5.26354283,-4.14900923
58.58,-4.46454491,-5.01466123,-10.50430255,-35.51216517,9.25668044,17.3142806,28.8042725,-2.02372405,-1.21976181,-25.84626461,-4.62491327,-4.20758302
58.585,-3.44578404,-5.57025398,-9.90165187,-37.63096985,8.08338628,16.61895845,28.7540601,-1.7752239,-1.50168252,-26.55385057,-3.94315168,-4.24519363
58.59,-2.36735215,-6.10080153,-9.27287307,-39.77053896,6.86832714,15.89291307,28.68102827,-1.53047721,-1.7885008,-27.19227174,-3.24150365,-4.27343424
58.595,-1.22561367,-6.59345128,-8.62354068,-41.92318029,5.63454851,15.12385776,28.59496178,-1.29540169,-2.06596559,-27.7643643,-2.51689997,-4.28625264
58.6,-0.03381152,-7.05922722,-7.95740925,-44.0711612,4.37269322,14.31491128,28.48537347,-1.06120125,-2.349165,-28.26348341,-1.7970903,-4.2892215
58.605,1.21866416,-7.46575678,-7.31056468,-46.201865,3.14288462,13.47357182,28.39865058,-0.84532225,-2.59740945,-28.72832378,-0.99548512,-4.28690136
58.61,2.46638648,-7.86401789,-6.66373113,-48.30027107,1.90836489,12.62370313,28.23476821,-0.60775878,-2.84227522,-29.09082144,-0.28346867,-4.29741293
58.615,3.73296081,-8.22904902,-6.04414286,-50.35728416,0.70066324,11.75947043,28.04991083,-0.37025036,-3.07004919,-29.39335164,0.40929276,-4.30625259
58.62,5.01122652,-8.55263469,-5.43977273,-52.35703735,-0.46065732,10.88087939,27.83317548,-0.12934934,-3.2535752,-29.61828278,1.08343496,-4.32004307
58.625,6.28600318,-8.84792546,-4.87514338,-54.2953121,-1.56877815,9.99103277,27.5857258,0.11289174,-3.41960233,-29.7851192,1.71668057,-4.34494687
58.63,7.5503303,-9.11217313,-4.34413975,-56.16183213,-2.61040583,9.08452186,27.3000639,0.35695034,-3.55585587,-29.88586943,2.30054727,-4.38467147
58.635,8.77396433,-9.37708374,-3.85765572,-57.95256496,-3.56937009,8.19631715,26.94689392,0.62354882,-3.68585457,-29.9099452,2.78228011,-4.43831909
58.64,10.00861744,-9.57498513,-3.40897703,-59.65484174,-4.45988728,7.26852024,26.59839508,0.86140417,-3.75916409,-29.89293233,3.27796008,-4.50980669
58.645,11.21321256,-9.75147074,-3.00630775,-61.26536576,-5.25442943,6.35593514,26.20717085,1.10250108,-3.80034063,-29.81130868,3.70965122,-4.59146049
58.65,12.39732253,-9.89440079,-2.65218515,-62.78070875,-5.96549077,5.43085761,25.79308052,1.33048117,-3.81111323,-29.6844227,4.09220167,-4.68877187
58.655,13.5514583,-10.01072053,-2.34591706,-64.19605794,-6.58686805,4.51204003,25.34848771,1.55027345,-3.79149035,-29.50747582,4.42135525,-4.8009689
58.66,14.67368196,-10.10217397,-2.08520591,-65.50604658,-7.12065014,3.59938234,24.87211542,1.76110943,-3.74123451,-29.27795927,4.69742728,-4.92668084
58.665,15.76172727,-10.16988155,-1.87748571,-66.71122827,-7.56760781,2.69858582,24.3709433,1.95560307,-3.66895699,-29.01246811,4.91775976,-5.06401043
58.67,16.81002737,-10.21798593,-1.71716666,-67.80615149,-7.92308775,1.82814419,23.83856984,2.1385933,-3.57040377,-28.70291633,5.09451619,-5.21142294
58.675,17.82617414,-10.24584583,-1.60000094,-68.78984003,-8.20785328,0.9586255,23.28351704,2.30490646,-3.45522576,-28.35355952,5.21310399,-5.36346506
58.68,18.79909809,-10.26395652,-1.52875634,-69.65866776,-8.39858488,0.13385249,22.69745952,2.45930563,-3.32552025,-27.96144904,5.28462965,-5.50911068
58.685,19.7364192,-10.25304779,-1.5069266,-70.40858927,-8.54137934,-0.67316611,22.09679445,2.58513123,-3.17189549,-27.54078514,5.33493079,-5.67537682
58.69,20.63082341,-10.23140737,-1.52580595,-71.04424527,-8.61491547,-1.43654977,21.47477856,2.69576561,-3.00870414,-27.0922612,5.34909907,-5.83771111
58.695,21.4848862,-10.19969734,-1.58488209,-71.56699731,-8.62446288,-2.14822434,20.83304525,2.78813874,-2.83763418,-26.61877684,5.33329886,-5.9925105
58.7,22.29638871,-10.15557213,-1.68353088,-71.97191629,-8.5852421,-2.81364418,20.17326771,2.86009637,-2.65896823,-26.11923338,5.29589707,-6.14649684
58.705,23.06446715,-10.10472849,-1.81651275,-72.26445151,-8.49426956,-3.40860246,19.49507896,2.91489752,-2.47878422,-25.59761818,5.23945707,-6.28365981
58.71,23.78852437,-10.04449511,-1.98431569,-72.44161868,-8.36888962,-3.94679963,18.80008821,2.949938,-2.29590543,-25.05417124,5.16862975,-6.41474626
58.715,24.46943969,-9.97855803,-2.18347501,-72.50504601,-8.21204596,-4.40829389,18.09088275,2.96714033,-2.1158897,-24.4912777,5.08930434,-6.52918626
58.72,25.1380572,-9.8977133,-2.38757594,-72.47018033,-7.96053317,-4.75162936,17.3948077,2.96369977,-1.95180658,-23.92113631,5.03479027,-6.57708512
58.725,25.69837313,-9.83064919,-2.66338066,-72.30170501,-7.83679604,-5.10996216,16.62900162,2.95144522,-1.76737327,-23.3134427,4.91797511,-6.7081137
58.73,26.3152787,-9.74427948,-2.91495952,-72.0497608,-7.58412845,-5.30964234,15.9410737,2.91368186,-1.64566126,-22.71364224,4.85989028,-6.70954599
58.735,26.75557254,-9.67061502,-3.23136564,-71.67371569,-7.43276938,-5.49645862,15.11957107,2.88052524,-1.4423438,-22.07719586,4.74919057,-6.81022055
58.74,27.28831765,-9.56736449,-3.52317869,-71.2141599,-7.21163587,-5.58814631,14.41324815,2.81009038,-1.3397985,-21.4482465,4.66535385,-6.79435786
58.745,27.63043003,-9.50315496,-3.88642194,-70.63959661,-7.06042036,-5.56850316,13.56150959,2.75558911,-1.16554443,-20.78698154,4.59806551,-6.84553706
58.75,28.0043619,-9.41878476,-4.22299882,-69.98292424,-6.89915597,-5.48618922,12.7617394,2.68508926,-1.03805316,-20.12238539,4.53362485,-6.83812688
58.755,28.33618583,-9.3340907,-4.57416885,-69.23346695,-6.75667535,-5.3339081,11.95613618,2.60682143,-0.91824104,-19.4513657,4.48119238,-6.80638607
58.76,28.62597529,-9.24997742,-4.93719827,-68.39649862,-6.63562281,-5.1127571,11.14201299,2.52119116,-0.81293282,-18.77181616,4.43760021,-6.75589274
58.765,28.87324324,-9.16638414,-5.30708017,-67.47444917,-6.53681974,-4.82566731,10.31886844,2.43191797,-0.71738278,-18.08531438,4.40572394,-6.68735467
58.77,29.08252706,-9.08189313,-5.68195746,-66.4706814,-6.46208628,-4.47810118,9.49136073,2.33836347,-0.63306386,-17.3948069,4.3822137,-6.60002025
58.775,29.25236381,-8.99760495,-6.05914053,-65.38909108,-6.40598244,-4.07426664,8.65781105,2.24374599,-0.55821807,-16.69952222,4.3705178,-6.49544344
58.78,29.38847052,-8.91295879,-6.43988498,-64.23226906,-6.37388165,-3.61894608,7.82549095,2.14718058,-0.49160852,-16.00562906,4.37112782,-6.37643123
58.785,29.49094345,-8.82648787,-6.81944003,-63.00248119,-6.35839316,-3.11616348,6.99376371,2.04944859,-0.43583716,-15.31249543,4.37708383,-6.24053818
58.79,29.55761495,-8.73956693,-7.19764772,-61.70248206,-6.35261595,-2.56702486,6.16038829,1.95205156,-0.38835094,-14.62194091,4.39046127,-6.08779109
58.795,29.59832352,-8.65111666,-7.57403612,-60.33557883,-6.3585762,-1.98150656,5.33706908,1.85520017,-0.34839602,-13.93838383,4.41549561,-5.92503845
58.8,29.60851491,-8.55980254,-7.94846034,-58.89981583,-6.37143787,-1.35557224,4.52235345,1.7584139,-0.31677634,-13.26645103,4.4471152,-5.75135092
58.805,29.59567935,-8.46739094,-8.30986082,-57.40428539,-6.37739475,-0.70178849,3.71651177,1.66671033,-0.28261674,-12.60188852,4.48987613,-5.56639856
58.81,29.55696925,-8.37179521,-8.66732402,-55.84411239,-6.37857811,-0.0154762,2.92538301,1.57575767,-0.25651004,-11.95295731,4.53920766,-5.37337474
58.815,29.49889938,-8.27649479,-9.02497061,-54.22184004,-6.37463145,0.6977323,2.15703498,1.48544148,-0.24338634,-11.3240811,4.59677955,-5.17990297
58.82,29.41315741,-8.17256954,-9.35566717,-52.53937155,-6.33999585,1.44029017,1.39505671,1.40268544,-0.21113895,-10.70823581,4.66169001,-4.97039851
58.825,29.31372037,-8.07376428,-9.68940081,-50.79844897,-6.29364162,2.20146091,0.66419009,1.32297915,-0.19745695,-10.11746681,4.73892419,-4.76815265
58.83,29.19466461,-7.96795466,-10.00702447,-48.99425573,-6.22470271,2.98741402,-0.04242894,1.24652587,-0.18249361,-9.55197861,4.81840581,-4.56247618
58.835,29.05085492,-7.85407272,-10.29138642,-47.13377206,-6.10454974,3.79289791,-0.73622984,1.17817892,-0.14956359,-9.00655753,4.90399711,-4.34283629
58.84,28.89634829,-7.74326409,-10.56812165,-45.21435928,-5.96721087,4.60836565,-1.39372647,1.11671943,-0.12518847,-8.49081505,5.00230397,-4.13442516
58.845,28.71803973,-7.62937072,-10.82502471,-43.23733942,-5.78196696,5.44107485,-2.03000737,1.06034529,-0.10041242,-8.00290306,5.1060691,-3.92204479
58.85,28.52923188,-7.51439244,-11.05641447,-41.20138834,-5.58315676,6.28163986,-2.63062714,1.01473897,-0.06281396,-7.54573896,5.22317268,-3.71826221
58.855,28.31431341,-7.40134232,-11.26673324,-39.10880475,-5.33340598,7.12735254,-3.21012884,0.9796779,-0.02805202,-7.11785527,5.34843603,-3.51338009
58.86,28.08541407,-7.28976033,-11.44840494,-36.96345909,-5.05553006,7.96278892,-3.75740194,0.95604729,0.00915359,-6.7236844,5.48272765,-3.31474381
58.865,27.83508921,-7.18590123,-11.6081851,-34.76994906,-4.74425259,8.79403389,-4.2851613,0.94738128,0.05385914,-6.35474028,5.63378388,-3.11693171
58.87,27.5560748,-7.09710492,-11.74904776,-32.53337741,-4.39028172,9.6110777,-4.80137436,0.95793631,0.09568323,-6.00922752,5.80521668,-2.91827489
58.875,27.27237504,-7.01073537,-11.84702235,-30.25300286,-4.0639024,10.40576673,-5.27307231,0.98097793,0.15814822,-5.7097339,5.98333496,-2.72678628
58.88,26.96674132,-6.93970101,-11.92496804,-27.94142016,-3.7135247,11.16248125,-5.73352283,1.02493364,0.2208229,-5.433554,6.18000021,-2.53736346
58.885,26.64141023,-6.88727688,-11.97694781,-25.60675454,-3.36384278,11.87755436,-6.17928138,1.08947346,0.28993464,-5.18488145,6.39680437,-2.34655311
58.89,26.3071946,-6.85211481,-12.00227401,-23.25734211,-3.04079579,12.53657602,-6.60208443,1.17475492,0.36713457,-4.9706696,6.62875336,-2.15856797
58.895,25.95833778,-6.84174292,-12.00835683,-20.90996646,-2.74065415,13.14390886,-7.01383024,1.28159967,0.45303619,-4.78575235,6.88189548,-1.96624221
58.9,25.60199953,-6.85381979,-11.99678894,-18.57756286,-2.47065136,13.68285316,-7.41569199,1.40981217,0.54380008,-4.62944027,7.15544814,-1.7713661
58.905,25.23854774,-6.89169956,-11.97220751,-16.27707495,-2.23714596,14.15373253,-7.81170848,1.55918318,0.64008535,-4.50111213,7.45007435,-1.56901773
58.91,24.87699723,-6.95264244,-11.94299948,-14.0271804,-2.0487988,14.55435798,-8.19586953,1.72464118,0.73995001,-4.40644974,7.76124982,-1.36128235
58.915,24.52607315,-7.03019837,-11.90795909,-11.84891733,-1.90366944,14.88878239,-8.57321712,1.90257913,0.83907297,-4.33583807,8.09485736,-1.1534221
58.92,24.18753761,-7.13192392,-11.88241715,-9.7688028,-1.81479749,15.16723242,-8.94543802,2.09568898,0.93957726,-4.30045545,8.45967832,-0.93900361
58.925,23.87400484,-7.24998704,-11.85868716,-7.80728106,-1.75871439,15.38639921,-9.3088284,2.29889927,1.04086439,-4.30030635,8.83931193,-0.71588529
58.93,23.58475554,-7.37443091,-11.85073644,-5.97959363,-1.73422313,15.55392828,-9.67113591,2.50130348,1.13289881,-4.3304811,9.23923271,-0.47539384
58.935,23.33063251,-7.4968176,-11.85637464,-4.29872841,-1.74506253,15.66745888,-10.02147588,2.69573323,1.21569756,-4.40174465,9.65505166,-0.22979843
58.94,23.11279066,-7.60768436,-11.87699384,-2.77491447,-1.78930039,15.73254203,-10.36301884,2.87546805,1.28870833,-4.51400096,10.08663958,0.02273573
58.945,22.9298199,-7.69714552,-11.91808734,-1.41648285,-1.86006794,15.7495365,-10.69838327,3.02925178,1.34008482,-4.66717876,10.53218383,0.29151541
58.95,22.78359573,-7.75894621,-11.97539602,-0.22834323,-1.9589076,15.71970441,-11.02551315,3.15385018,1.36993981,-4.86518645,10.98979284,0.57488367
58.955,22.67657587,-7.78692956,-12.04299059,0.78103547,-2.08393307,15.64574635,-11.34588795,3.24559127,1.37132829,-5.10795306,11.45386887,0.87509156
58.96,22.60977986,-7.77706156,-12.12133685,1.61290405,-2.23531563,15.52672282,-11.64912523,3.29793863,1.35573256,-5.40650718,11.91807185,1.17308663
58.965,22.58378502,-7.72569543,-12.23242252,2.26066564,-2.41576368,15.354407,-11.93373193,3.30641977,1.31268974,-5.76518916,12.38517548,1.46432072
58.97,22.58682834,-7.62615149,-12.31604978,2.72724753,-2.61537715,15.13576379,-12.21200904,3.26985408,1.22042375,-6.18645401,12.84154479,1.80746917
58.975,22.63370218,-7.48408306,-12.40955233,3.00755608,-2.841894,14.87275642,-12.47527347,3.19184785,1.1052425,-6.65819708,13.28968145,2.13934088
58.98,22.71403985,-7.29752525,-12.48332109,3.11002421,-3.08604502,14.55950821,-12.724366,3.07216951,0.93923424,-7.19504671,13.73450044,2.4804231
58.985,22.82986065,-7.07357153,-12.60542702,3.04002872,-3.37499184,14.20153178,-12.93398699,2.89624955,0.79755788,-7.81411561,14.12462125,2.78285614
58.99,22.98232436,-6.80009596,-12.68326531,2.78497763,-3.67827904,13.77832119,-13.13417648,2.67734447,0.58742546,-8.49683654,14.51744821,3.11477454
58.995,23.16804314,-6.4930508,-12.75260389,2.35906913,-4.00038393,13.30986238,-13.30941229,2.41988559,0.34806677,-9.25566015,14.86809869,3.43319553
59,23.3861456,-6.14912427,-12.79479886,1.76701855,-4.34465495,12.77590118,-13.45704581,2.11868901,0.07396661,-10.09309786,15.18162637,3.76085381
59.005,23.63629199,-5.79240113,-12.85310286,1.01368759,-4.73997605,12.19804588,-13.57464195,1.78784885,-0.21044289,-11.00974886,15.45501009,4.06850662
59.01,23.91774107,-5.40478134,-12.84824599,0.10601522,-5.13425544,11.54315632,-13.66249907,1.42292959,-0.54445227,-12.01091253,15.67814943,4.39585556
59.015,24.22869369,-5.00234552,-12.80611422,-0.94476217,-5.54641116,10.82907409,-13.71481486,1.03171383,-0.90448398,-13.0991734,15.84280833,4.72605034
59.02,24.56846852,-4.59250198,-12.73769135,-2.1317422,-5.98099549,10.06376906,-13.73112192,0.6182033,-1.28330561,-14.27046529,15.95219972,5.05076842
59.025,24.93322099,-4.17582172,-12.61296441,-3.43856166,-6.41715471,9.2416076,-13.70464226,0.1860181,-1.68420008,-15.53405626,15.99141456,5.38407683
59.03,25.32126345,-3.7629619,-12.4743947,-4.85841566,-6.86885153,8.38659784,-13.63931727,-0.26012058,-2.10133664,-16.8777476,15.97230187,5.70666825
59.035,25.72792532,-3.3485573,-12.28503754,-6.3700552,-7.30524315,7.48784822,-13.5254241,-0.72186335,-2.53192184,-18.31190856,15.87476855,6.03614451
59.04,26.14800042,-2.94384206,-12.05632711,-7.95853423,-7.73064253,6.57300893,-13.36208113,-1.19057144,-2.96870753,-19.83368275,15.69981147,6.36994626
59.045,26.57289719,-2.54621736,-11.78495612,-9.60026938,-8.13429627,5.65195904,-13.14360268,-1.66819043,-3.39651586,-21.44664428,15.4445682,6.7049445
59.05,26.9997293,-2.16228953,-11.51798588,-11.29033079,-8.50205365,4.74846352,-12.87879001,-2.1557452,-3.82869651,-23.13101967,15.11135255,7.0281012
59.055,27.41409556,-1.78340823,-11.20205837,-12.98266274,-8.83771064,3.86026148,-12.54623117,-2.65477777,-4.22484473,-24.91225293,14.70217909,7.35178527
59.06,27.81579592,-1.41581347,-10.90311238,-14.67995654,-9.11749653,3.01060799,-12.16270798,-3.16658252,-4.61374111,-26.7600288,14.21193314,7.66062471
59.065,28.20166112,-1.05798626,-10.61916005,-16.36226166,-9.33729864,2.197197,-11.72008782,-3.69520018,-4.98183853,-28.67411228,13.64227111,7.95461163
59.07,28.55384283,-0.70533365,-10.33742375,-17.99726796,-9.48379691,1.44895936,-11.215184,-4.24166909,-5.30084725,-30.65895888,12.99765283,8.22476961
59.075,28.88191404,-0.3613177,-10.08297218,-19.58547659,-9.55629162,0.75374916,-10.64733869,-4.80619158,-5.58699976,-32.69845604,12.2808434,8.46956551
59.08,29.1803762,-0.02459856,-9.85561952,-21.11233645,-9.54464678,0.11984676,-10.015004,-5.38799858,-5.82602469,-34.78753176,11.50141286,8.67925724
59.085,29.4473551,0.30520506,-9.65739598,-22.57053848,-9.44348561,-0.44504579,-9.32003652,-5.98450256,-6.01362579,-36.9151292,10.66274482,8.85141501
59.09,29.68734164,0.62491294,-9.49454315,-23.95171364,-9.26059118,-0.94984968,-8.55415713,-6.59557398,-6.15419236,-39.07669863,9.77420535,8.98067008
59.095,29.89689493,0.9363642,-9.36182612,-25.25480938,-8.98231776,-1.39683095,-7.72613031,-7.21322086,-6.23451851,-41.25602723,8.8536972,9.06113444
59.1,30.07389625,1.24079172,-9.2671629,-26.47232248,-8.62730071,-1.78055023,-6.8395512,-7.83747593,-6.26114696,-43.43919717,7.90311145,9.09214257
59.105,30.22404915,1.53297481,-9.19900643,-27.60403327,-8.18538539,-2.1174968,-5.89019021,-8.45612845,-6.22977767,-45.61923221,6.94563617,9.06768486
59.11,30.33723447,1.81722398,-9.16392601,-28.64352733,-7.67725645,-2.3998089,-4.89151261,-9.0696859,-6.14472133,-47.77844995,5.98568819,8.9910809
59.115,30.42116435,2.08694891,-9.15545526,-29.59379865,-7.09964208,-2.64055335,-3.83909721,-9.66704287,-6.00859049,-49.91292215,5.0389139,8.85905043
59.12,30.46872262,2.34826655,-9.1764058,-30.45074179,-6.47706153,-2.83566376,-2.74573301,-10.24773901,-5.82514207,-52.00236687,4.1163835,8.67258144
59.125,30.48742982,2.59512643,-9.21140277,-31.21618934,-5.80170488,-2.99470799,-1.60617258,-10.79769872,-5.59328683,-54.04470529,3.23251949,8.43060055
59.13,30.46552141,2.83074323,-9.26925777,-31.88842017,-5.10001912,-3.11919463,-0.4384712,-11.31965381,-5.32667103,-56.02684041,2.39273092,8.14037926
59.135,30.40053897,3.05384706,-9.3622582,-32.47838522,-4.39245451,-3.21648467,0.74354085,-11.81777543,-5.0398903,-57.93841047,1.60135405,7.80717264
59.14,30.33528489,3.24364115,-9.4081289,-32.98827694,-3.59875679,-3.28882315,1.97728339,-12.22917548,-4.71577191,-59.77147752,0.89564353,7.42208483
59.145,30.1962397,3.44039068,-9.49402031,-33.39110265,-2.86716971,-3.3329453,3.1998623,-12.63151226,-4.37472851,-61.52175532,0.23568469,7.0037891
59.15,30.01888671,3.62273206,-9.58387877,-33.71134231,-2.14451512,-3.35887125,4.42775647,-12.98739041,-4.02444933,-63.18173446,-0.35491056,6.55339057
59.155,29.79993716,3.79183994,-9.67146797,-33.94817275,-1.44371827,-3.36621495,5.65186185,-13.29621762,-3.67353623,-64.74406987,-0.87446649,6.07890734
59.16,29.50576736,3.97118742,-9.7799606,-34.08703538,-0.82708165,-3.36805405,6.84418232,-13.59076636,-3.32507718,-66.20803978,-1.32251861,5.5784822
59.165,29.22926249,4.09937851,-9.83479628,-34.17076092,-0.1485041,-3.33678192,8.06602384,-13.77718501,-2.98314906,-67.55761044,-1.70668336,5.05286902
59.17,28.85518408,4.2526557,-9.92125729,-34.15930389,0.3909583,-3.31131478,9.22095975,-13.97513877,-2.66565547,-68.80273319,-2.01364383,4.52698415
59.175,28.46095333,4.3799241,-9.97622509,-34.07683112,0.92390843,-3.26597276,10.36864195,-14.10219876,-2.36301293,-69.92858422,-2.26456261,3.98820716
59.18,28.02818675,4.49314706,-10.01838717,-33.93238415,1.40506039,-3.20604799,11.48125356,-14.18897226,-2.09647848,-70.93752288,-2.45413767,3.45687594
59.185,27.56194306,4.58947554,-10.03954395,-33.72405519,1.84489389,-3.12706901,12.56228546,-14.22821451,-1.86112868,-71.82491294,-2.59594096,2.9300483
59.19,27.03805913,4.68606971,-10.05199337,-33.44408928,2.20256461,-3.04702982,13.58518063,-14.24660325,-1.66736271,-72.59241625,-2.67473295,2.43407058
59.195,26.46683185,4.7809404,-10.04930963,-33.09030114,2.49267984,-2.95598361,14.56158599,-14.2418572,-1.50539299,-73.23513104,-2.70198119,1.96169688
59.2,25.87742343,4.85196783,-10.02694225,-32.70102195,2.74863213,-2.83919657,15.50252852,-14.19615882,-1.3840707,-73.76154225,-2.70741551,1.50358735
59.205,25.24990968,4.90572326,-9.99283118,-32.25013606,2.95853372,-2.70373195,16.39025108,-14.12371402,-1.31344178,-74.15691924,-2.68225475,1.08366473
59.21,24.5825843,4.96078224,-9.91961082,-31.76422744,3.10754837,-2.61166824,17.21732305,-14.03832672,-1.27786535,-74.44623572,-2.56996429,0.76407766
59.215,23.89529995,4.99074917,-9.86858458,-31.21783927,3.21412003,-2.38659645,18.00880589,-13.93275878,-1.29371376,-74.60082452,-2.55423263,0.38211337
59.22,23.18727345,5.00907929,-9.79535379,-30.63642627,3.26130174,-2.27947083,18.75211465,-13.81488883,-1.3483596,-74.64380875,-2.39337889,0.16574396
59.225,22.45213444,5.03604621,-9.69751361,-30.02569689,3.26774016,-2.05214443,19.45213646,-13.69396754,-1.41567698,-74.59524039,-2.28907985,-0.09185517
59.23,21.68914073,5.031988,-9.59603221,-29.37935712,3.25544132,-1.80592106,20.08623046,-13.55635148,-1.54519481,-74.41766658,-2.18997878,-0.28408321
59.235,20.86653297,5.01274862,-9.47488231,-28.70480273,3.28968061,-1.5132229,20.62065977,-13.41689838,-1.73531774,-74.12080519,-2.12256583,-0.41731261
59.24,20.05927719,4.9892998,-9.35789982,-28.00456786,3.2381132,-1.2385701,21.15025948,-13.27971885,-1.9318522,-73.73484799,-2.01210034,-0.48131415
59.245,19.23808609,4.95180588,-9.23213727,-27.28433487,3.16829941,-0.94446052,21.63135392,-13.13941086,-2.16158946,-73.24994022,-1.91045797,-0.49193138
59.25,18.40769936,4.90415079,-9.1029241,-26.54572319,3.08931319,-0.63543899,22.07227177,-13.00312645,-2.41621099,-72.6718624,-1.82131211,-0.45408259
59.255,17.57095352,4.84855046,-8.97207096,-25.79443149,3.00460978,-0.30800398,22.47166991,-12.8720381,-2.69313252,-72.00364124,-1.74586597,-0.37237113
59.26,16.72814903,4.78307886,-8.84205714,-25.03153982,2.9173301,0.03646459,22.83177456,-12.74644941,-2.99124848,-71.25047555,-1.68593687,-0.25150722
59.265,15.87988816,4.71069489,-8.71363054,-24.26349216,2.83336046,0.39965151,23.15011645,-12.62787856,-3.30400005,-70.41420127,-1.64092633,-0.09693313
59.27,15.03972249,4.6317779,-8.5919951,-23.48551872,2.74528063,0.76916167,23.44726089,-12.51609851,-3.62795873,-69.50489851,-1.61680833,0.08261382
59.275,14.19734483,4.5482443,-8.47578236,-22.70709948,2.66894285,1.15269504,23.70767658,-12.41323825,-3.96110538,-68.52243732,-1.60626006,0.28230081
59.28,13.36528351,4.46273757,-8.36404868,-21.92858223,2.59572692,1.54377256,23.94419156,-12.31832071,-4.29818762,-67.47110605,-1.61551081,0.49796285
59.285,12.53670079,4.37559272,-8.265411,-21.1533757,2.53671908,1.94128983,24.15321818,-12.23526832,-4.63794588,-66.35765042,-1.63616446,0.71862134
59.29,11.71742529,4.29001757,-8.16585162,-20.38057539,2.48875793,2.34657146,24.33951134,-12.15744904,-4.9723672,-65.18262161,-1.67304966,0.94542103
59.295,10.9109643,4.20662514,-8.08338068,-19.61445886,2.45154569,2.75022775,24.50780174,-12.09126901,-5.30397716,-63.95119146,-1.72128195,1.16642824
59.3,10.11165155,4.12681513,-8.02497014,-18.85628231,2.42705255,3.15678536,24.65267304,-12.03899191,-5.63404944,-62.66555346,-1.77391723,1.37491737
59.305,9.33042232,4.05486767,-7.96553491,-18.10558059,2.4071959,3.56297217,24.78788089,-11.99270101,-5.94574024,-61.32893606,-1.83921571,1.57487053
59.31,8.56868111,3.99166677,-7.91663016,-17.36514899,2.4025822,3.95767609,24.91565157,-11.95647425,-6.24366693,-59.94673232,-1.90967551,1.75803862
59.315,7.81766522,3.93814976,-7.8819367,-16.63600995,2.41437822,4.35042094,25.02696823,-11.93080945,-6.52742076,-58.51869926,-1.9802927,1.92126968
59.32,7.08154826,3.89647536,-7.86850527,-15.91780354,2.43099995,4.74038434,25.12760814,-11.91628384,-6.7934512,-57.04685527,-2.04677024,2.05919233
59.325,6.3677071,3.86720037,-7.85714771,-15.21389006,2.46181637,5.117432,25.22454624,-11.90941334,-7.03872811,-55.53470604,-2.11572331,2.1780628
59.33,5.67009804,3.85354196,-7.86602669,-14.5226438,2.49883184,5.48768735,25.3142495,-11.91433457,-7.26235936,-53.98335492,-2.17495056,2.27001288
59.335,4.98420397,3.85555028,-7.89252714,-13.84499481,2.54943157,5.85651497,25.39294894,-11.92905898,-7.46183148,-52.39467265,-2.22052629,2.33423654
59.34,4.33022575,3.87225882,-7.90761271,-13.18404582,2.60831266,6.20145432,25.4774691,-11.95064961,-7.63846051,-50.76900888,-2.27412991,2.38710059
59.345,3.68309096,3.90808264,-7.94998898,-12.53671735,2.67812004,6.5484779,25.54821732,-11.98539056,-7.79014102,-49.10908703,-2.30681539,2.4109058
59.35,3.05957589,3.96195466,-8.00757528,-11.9062424,2.74955142,6.8851413,25.61869524,-12.02981029,-7.91538219,-47.4144633,-2.31919905,2.4127139
59.355,2.45418743,4.0334549,-8.06020553,-11.29256155,2.83637262,7.21122055,25.68269698,-12.08330369,-8.0159785,-45.6860011,-2.33166689,2.40272323
59.36,1.86926852,4.12443408,-8.11929084,-10.69613249,2.92575895,7.52807912,25.74402505,-12.14791149,-8.09034737,-43.92505416,-2.3294631,2.3789416
59.365,1.29935015,4.23344814,-8.19732009,-10.11789386,3.02563464,7.84126051,25.79724546,-12.22348627,-8.1411237,-42.13320196,-2.3023491,2.33785713
59.37,0.75209115,4.36210324,-8.26066146,-9.55891738,3.13154166,8.141693,25.84546021,-12.31046335,-8.16643274,-40.30912775,-2.27757544,2.29673619
59.375,0.22214435,4.50927549,-8.32993357,-9.01856812,3.2433124,8.43718479,25.88677666,-12.40949811,-8.16797192,-38.45575952,-2.23296373,2.24816731
59.38,-0.20585021,4.68197274,-8.35773327,-8.50903964,3.29053829,8.60984779,25.99723958,-12.53232203,-8.1578181,-36.58414614,-2.1287601,2.21206124
59.385,-0.78864816,4.8560488,-8.46335427,-8.00081415,3.49810492,9.00554177,25.94015728,-12.6430391,-8.1051488,-34.66837575,-2.112103,2.14688376
59.39,-1.19076772,5.0636639,-8.4799239,-7.53342702,3.56653233,9.17650072,26.02295738,-12.79502815,-8.05763184,-32.74743415,-1.99165361,2.11508973
59.395,-1.72859148,5.27221481,-8.57456433,-7.07485774,3.78581984,9.55929309,25.9539773,-12.93617591,-7.96504859,-30.78903019,-1.95540391,2.06717898
59.4,-2.107147,5.512446,-8.56628589,-6.65545161,3.87488495,9.72803661,26.00440674,-13.12093751,-7.88240513,-28.83132302,-1.83219962,2.04623327
59.405,-2.6052313,5.74775441,-8.63705624,-6.24754784,4.11158944,10.09220775,25.91867702,-13.2909382,-7.76389176,-26.84370516,-1.78610263,2.02114485
59.41,-2.97426648,6.01518766,-8.6007776,-5.88037419,4.23028771,10.28584917,25.92370071,-13.51035151,-7.65439534,-24.86624421,-1.6797923,2.01609679
59.415,-3.37762041,6.28660853,-8.5712094,-5.53628567,4.41242301,10.54889066,25.87028891,-13.7379676,-7.53372185,-22.88300268,-1.61632269,2.01831215
59.42,-3.81585311,6.55378953,-8.59003548,-5.2100794,4.67558001,10.86109482,25.76861522,-13.95461707,-7.37648465,-20.90438593,-1.55485227,2.03109585
59.425,-4.14994751,6.86718308,-8.48661613,-4.93528939,4.8446186,11.03053254,25.74318375,-14.24066888,-7.22060416,-18.96923389,-1.49166161,2.06729449
59.43,-4.56148409,7.1349643,-8.44179619,-4.67221185,5.11617815,11.35154527,25.60819836,-14.48956977,-7.08292407,-17.02569742,-1.45452415,2.09041765
59.435,-4.88083001,7.46220689,-8.30876754,-4.46192418,5.31936676,11.50731718,25.56279308,-14.80867813,-6.90182597,-15.1651948,-1.41475532,2.15001491
59.44,-5.27237496,7.73421232,-8.1971732,-4.26026288,5.61648315,11.82781275,25.40954641,-15.09372153,-6.77506163,-13.31584032,-1.40123069,2.18339281
59.445,-5.5811414,8.0627084,-8.031943,-4.1119417,5.84788631,11.97434036,25.35289567,-15.4356674,-6.57685269,-11.58037813,-1.37956016,2.26219896
59.45,-5.94928476,8.32861479,-7.86600648,-3.97966406,6.17785893,12.28710255,25.2004245,-15.74668678,-6.45694214,-9.88727696,-1.37731969,2.30466183
59.455,-6.28501803,8.61401086,-7.68039878,-3.89009905,6.48453369,12.52576225,25.09061678,-16.08159224,-6.29675375,-8.31152908,-1.36785728,2.37624943
59.46,-6.60585642,8.88540954,-7.47451904,-3.83482871,6.80372122,12.75535031,24.99466568,-16.4148782,-6.13483392,-6.84486285,-1.36237955,2.4484082
59.465,-6.91898613,9.13544357,-7.25726792,-3.81602914,7.14145292,12.9925171,24.90515021,-16.73960984,-5.97695383,-5.49441492,-1.35649238,2.51806444
59.47,-7.22302489,9.36256558,-7.03614458,-3.82741045,7.49441162,13.2217721,24.83092839,-17.05002559,-5.82263446,-4.27059962,-1.3445559,2.58123503
59.475,-7.51652903,9.56211871,-6.81139113,-3.87685537,7.85924769,13.45099357,24.76895263,-17.34140173,-5.66715017,-3.17673765,-1.33122249,2.63982887
59.48,-7.80387398,9.72588181,-6.59049779,-3.95862718,8.2400747,13.69403843,24.71704847,-17.60408299,-5.51934562,-2.21610438,-1.31570136,2.69008586
59.485,-8.08525942,9.85449416,-6.37561909,-4.07151583,8.6344953,13.94641352,24.67718206,-17.83556933,-5.37564397,-1.3926567,-1.30019742,2.73309543
59.49,-8.35769003,9.94272747,-6.17382099,-4.21849796,9.03794038,14.20556061,24.65041497,-18.02942891,-5.23518461,-0.70822624,-1.28339277,2.76641171
59.495,-8.6225329,9.98911009,-5.98945712,-4.39568074,9.44986303,14.47364569,24.63745018,-18.18184228,-5.10019177,-0.16277441,-1.26794171,2.78853699
59.5,-8.88025164,9.98924305,-5.82730409,-4.60385311,9.86882541,14.76336655,24.63595723,-18.28850688,-4.97044517,0.24386385,-1.25959614,2.80008858
59.505,-9.12985885,9.94570424,-5.6906258,-4.84205156,10.29092568,15.05408103,24.6486983,-18.34795729,-4.84434874,0.51354946,-1.25313746,2.79780169
59.51,-9.37305964,9.85460825,-5.58233046,-5.10771086,10.71374626,15.36994335,24.67385357,-18.35670988,-4.72334672,0.6492303,-1.26158205,2.78386002
59.515,-9.60335185,9.71612369,-5.50838313,-5.413642,11.13471263,15.68402152,24.70940581,-18.31548367,-4.60536832,0.65568115,-1.27354008,2.75316383
59.52,-9.830922,9.53094776,-5.4570115,-5.73813848,11.5493176,16.02522275,24.75768361,-18.2221543,-4.48392658,0.53621062,-1.31369571,2.71504977
59.525,-10.0574803,9.30204947,-5.45919081,-6.08523056,11.95878239,16.40840563,24.82515222,-18.08101293,-4.38405599,0.27705289,-1.38775018,2.65622863
59.53,-10.26556755,9.02781117,-5.51644301,-6.48775412,12.35363882,16.80726908,24.89175949,-17.88829564,-4.2716119,-0.07812123,-1.48781957,2.58456391
59.535,-10.47006593,8.70826478,-5.59225135,-6.9051555,12.73215448,17.20431659,24.97346001,-17.64906503,-4.1622326,-0.54792471,-1.61351473,2.49412606
59.54,-10.66580851,8.34509032,-5.71711737,-7.35501247,13.09370285,17.62145026,25.06527653,-17.36079176,-4.05488686,-1.11877065,-1.77587265,2.38239689
59.545,-10.85321182,7.94034974,-5.88897863,-7.83621219,13.42762367,18.05322039,25.16590181,-17.02788201,-3.94951831,-1.78333118,-1.97592377,2.24670814
59.55,-11.02718324,7.49554739,-6.08645778,-8.3559619,13.73135602,18.4932568,25.27134787,-16.65588218,-3.8416148,-2.52757491,-2.21589152,2.09029693
59.555,-11.19004788,7.01313235,-6.33020382,-8.91270007,13.99797565,18.94517715,25.382558,-16.24512649,-3.73369797,-3.34688329,-2.49411013,1.90420352
59.56,-11.33547915,6.49308778,-6.59196514,-9.51399714,14.23294155,19.39592603,25.49516464,-15.80093305,-3.62755898,-4.22666522,-2.81498049,1.69758689
59.565,-11.4656335,5.93973642,-6.88373329,-10.1592142,14.42231785,19.84503745,25.60836809,-15.32689572,-3.52105033,-5.16002318,-3.17002048,1.46394278
59.57,-11.57652522,5.35312109,-7.20032303,-10.85321534,14.56620434,20.29321046,25.72029225,-14.82408302,-3.41420361,-6.13682016,-3.556581,1.19835116
59.575,-11.66471844,4.7360231,-7.52740407,-11.60201046,14.66051055,20.7263589,25.82726241,-14.29848476,-3.3101413,-7.14526961,-3.96949783,0.90875178
59.58,-11.73076957,4.09064179,-7.86872893,-12.40496339,14.6960464,21.14199003,25.92927172,-13.75018842,-3.19935845,-8.18059118,-4.38938767,0.5832059
59.585,-11.76309717,3.41391911,-8.19889079,-13.2742282,14.68212667,21.52002733,26.02166418,-13.18389629,-3.10825224,-9.22598049,-4.829403,0.25221206
59.59,-11.76705804,2.71360687,-8.52180858,-14.20681426,14.59808453,21.87189016,26.10366565,-12.59853052,-2.99462975,-10.27946894,-5.2464099,-0.12000249
59.595,-11.7300342,1.98711935,-8.82236175,-15.21301781,14.46097614,22.16273927,26.1733113,-12.00764015,-2.92390256,-11.3305574,-5.67337103,-0.47902126
59.6,-11.65372815,1.24000438,-9.09325417,-16.29370924,14.25032168,22.40237383,26.2288473,-11.40477554,-2.84542893,-12.37416966,-6.05992796,-0.85882785
59.605,-11.52941391,0.47120361,-9.33669088,-17.45572232,13.9746614,22.57249069,26.27107893,-10.79717742,-2.80552316,-13.40392085,-6.42440668,-1.2321567
59.61,-11.35647458,-0.31387009,-9.52396224,-18.69566003,13.62452285,22.68057449,26.29753984,-10.18334379,-2.75615107,-14.41355261,-6.73296202,-1.62187458
59.615,-11.12544617,-1.11220644,-9.65282337,-20.02162878,13.20082288,22.71298911,26.31119032,-9.56595154,-2.71242452,-15.40078863,-6.98506942,-2.02138615
59.62,-10.83347949,-1.91436104,-9.72688813,-21.43315426,12.7029069,22.65486824,26.31455359,-8.95630206,-2.69195065,-16.36802991,-7.16280785,-2.42020998
59.625,-10.49212369,-2.73565533,-9.75398835,-22.92788615,12.12548384,22.50885233,26.28330947,-8.34912452,-2.73876983,-17.29574362,-7.28125091,-2.70695966
59.63,-10.05730916,-3.55413546,-9.66097466,-24.51328402,11.48099879,22.27170698,26.25946611,-7.74247826,-2.75767472,-18.19478255,-7.3466081,-3.07479299
59.635,-9.55925107,-4.3740951,-9.53388724,-26.1853849,10.75736623,21.94588033,26.21370816,-7.14644925,-2.82706778,-19.05669651,-7.32911387,-3.38713528
59.64,-8.97214846,-5.17123162,-9.3094728,-27.93638128,9.96680723,21.51136674,26.1766203,-6.56903396,-2.89721562,-19.89744821,-7.19972292,-3.71699512
59.645,-8.32058914,-5.97504598,-9.02297228,-29.76236264,9.10057362,21.00386977,26.10681745,-5.98785469,-3.01544198,-20.6804697,-7.04477188,-3.97006713
59.65,-7.58029384,-6.7533506,-8.65590934,-31.65778532,8.16825389,20.38929074,26.04408135,-5.42615963,-3.15232021,-21.43938832,-6.78791911,-4.21798425
59.655,-6.78194025,-7.51686505,-8.2449452,-33.61063922,7.17911244,19.71969725,25.95386717,-4.87069787,-3.31429195,-22.14974523,-6.472892,-4.42375452
59.66,-5.90374917,-8.25403465,-7.76594245,-35.61741243,6.13416047,18.95957801,25.85879525,-4.32648021,-3.49837655,-22.81821755,-6.0905967,-4.60486006
59.665,-4.93177902,-8.93376768,-7.23014519,-37.66627843,5.05227395,18.1110987,25.78887226,-3.81737733,-3.68910077,-23.46814845,-5.58270607,-4.77265367
59.67,-3.94312272,-9.61639318,-6.67375324,-39.73620805,3.93479279,17.24832742,25.64436812,-3.28508171,-3.89530146,-24.02696311,-5.10957177,-4.88931286
59.675,-2.86699289,-10.23293181,-6.07829235,-41.82256502,2.78709973,16.28495164,25.53752744,-2.79340115,-4.12824225,-24.5789214,-4.52961969,-4.99140466
59.68,-1.76430643,-10.82009824,-5.46144235,-43.90801528,1.62809271,15.28440414,25.38356411,-2.29673181,-4.36023682,-25.05363606,-3.95605557,-5.05909833
59.685,-0.63937361,-11.36532198,-4.8525118,-45.97201911,0.47344156,14.26399862,25.2049886,-1.80950611,-4.59032698,-25.48021594,-3.34178104,-5.11707582
59.69,0.50891898,-11.86224322,-4.23688349,-48.01128363,-0.66882174,13.19741197,24.99580743,-1.33257131,-4.81395473,-25.84277738,-2.72460758,-5.15360448
59.695,1.67372005,-12.30867721,-3.63922259,-50.01125957,-1.78630967,12.10009315,24.76804482,-0.87324133,-5.03575932,-26.16310057,-2.10321281,-5.17057896
59.7,2.84799855,-12.70208568,-3.05396713,-51.96142915,-2.86737242,10.97975809,24.5080284,-0.4243005,-5.23201014,-26.41298418,-1.48541213,-5.16830419
59.705,4.01436481,-13.04443792,-2.50092984,-53.85108244,-3.89490298,9.84546543,24.21428235,0.01028367,-5.41214891,-26.60835711,-0.88088306,-5.16483234
59.71,5.17244234,-13.33332499,-1.98157559,-55.67274174,-4.86302329,8.69642025,23.88853357,0.42758624,-5.56945826,-26.74692839,-0.29927446,-5.15581276
59.715,6.31654983,-13.56920313,-1.50112539,-57.41853987,-5.76225604,7.53937165,23.52965337,0.82771155,-5.698396,-26.82568388,0.25022861,-5.14221691
59.72,7.44303012,-13.75432672,-1.06865916,-59.08223796,-6.58545779,6.38778599,23.14079515,1.20926382,-5.79787948,-26.84895788,0.77064089,-5.12580359
59.725,8.54353271,-13.88848703,-0.6830107,-60.65722302,-7.32607554,5.23780775,22.71507025,1.56995145,-5.86474965,-26.81384133,1.24426782,-5.11695035
59.73,9.61969768,-13.97307879,-0.350464,-62.13998443,-7.9828887,4.09967778,22.26195923,1.90796453,-5.89782611,-26.72694278,1.67709859,-5.10919857
59.735,10.66847818,-14.01264231,-0.07599116,-63.5260112,-8.54959076,2.98488574,21.78192657,2.22168633,-5.89832024,-26.59239214,2.0643097,-5.1049337
59.74,11.68738199,-14.00431511,0.14214682,-64.81167586,-9.03006709,1.89238046,21.27627048,2.50740437,-5.86123621,-26.4113646,2.40151254,-5.10440105
59.745,12.67345134,-13.96100804,0.30256112,-65.99236314,-9.41906904,0.8345755,20.74407333,2.77142412,-5.79372972,-26.18241199,2.69810787,-5.1142168
59.75,13.62325783,-13.89140415,0.40537808,-67.07164444,-9.70841587,-0.1692781,20.18527708,3.01596492,-5.70006216,-25.91334351,2.91158383,-5.11770551
59.755,14.54060946,-13.78128036,0.44907637,-68.03488968,-9.91501647,-1.12922837,19.60344773,3.22865746,-5.56744382,-25.59256936,3.09963808,-5.13161149
59.76,15.42576999,-13.61513204,0.43728063,-68.8860033,-10.07121845,-2.05384785,19.0165125,3.39255663,-5.39667537,-25.25939412,3.30076422,-5.18556502
59.765,16.27295652,-13.45096242,0.36770564,-69.62990514,-10.12105083,-2.88452951,18.40310684,3.54793964,-5.21155494,-24.88140083,3.39932361,-5.20465084
59.77,17.08730022,-13.25499916,0.25040347,-70.26400279,-10.1088529,-3.66167146,17.78248261,3.67071016,-4.99727471,-24.48836179,3.48272257,-5.24249447
59.775,17.86603823,-13.03770947,0.0823433,-70.78415254,-10.03548282,-4.35940933,17.1493563,3.76276635,-4.76046809,-24.07096419,3.53610059,-5.28529003
59.78,18.61035131,-12.80393065,-0.12789325,-71.19348478,-9.90090398,-4.97073677,16.50654612,3.82838586,-4.50607009,-23.63427836,3.56303058,-5.33103214
59.785,19.32083459,-12.55847231,-0.37675138,-71.49277824,-9.71064698,-5.48715683,15.85541478,3.86953583,-4.23950511,-23.18009852,3.56670597,-5.37517301
59.79,19.99767546,-12.30406202,-0.66231992,-71.68164866,-9.47904736,-5.91129376,15.19835244,3.88678477,-3.96020913,-22.71151441,3.55101283,-5.41792762
59.795,20.63999918,-12.04072558,-0.97856314,-71.76370325,-9.21354441,-6.24028766,14.53573989,3.88081909,-3.67292463,-22.23311666,3.51940701,-5.46282485
59.8,21.25038251,-11.77589935,-1.32047487,-71.7391882,-8.92189451,-6.46740293,13.86955522,3.85612361,-3.37812553,-21.74562402,3.47596728,-5.50294953
59.805,21.82553236,-11.5110146,-1.68653128,-71.61147047,-8.61232797,-6.59128423,13.19882468,3.81496148,-3.07754538,-21.25145789,3.42450913,-5.54125514
59.81,22.36817388,-11.24850012,-2.06995892,-71.38270545,-8.29034451,-6.6116181,12.52558161,3.75962235,-2.77784224,-20.75190404,3.3703968,-5.57371346
59.815,22.87750812,-10.99113962,-2.46521938,-71.05661092,-7.96431328,-6.52742005,11.84832,3.69315208,-2.47860682,-20.24777432,3.31455153,-5.60240113
59.82,23.35801757,-10.73786634,-2.8670001,-70.63632758,-7.64198161,-6.34925413,11.1710033,3.61510191,-2.18647104,-19.74170966,3.26191373,-5.6208525
59.825,23.79972894,-10.49780636,-3.27617882,-70.12209574,-7.32716938,-6.06513202,10.48605804,3.53613844,-1.89564025,-19.23184816,3.21482516,-5.63782707
59.83,24.21870362,-10.25376783,-3.67250115,-69.5203693,-7.03373052,-5.70452681,9.80535646,3.44750657,-1.60428946,-18.7240144,3.17678782,-5.63825879
59.835,24.59755574,-10.03819573,-4.0838599,-68.82904781,-6.75476522,-5.25393603,9.11622786,3.36224412,-1.34386034,-18.2113449,3.14576843,-5.63908107
59.84,24.9494096,-9.82796412,-4.48175241,-68.05754535,-6.49964658,-4.72995339,8.42489437,3.27575475,-1.08463815,-17.69730936,3.12279814,-5.62793983
59.845,25.27538651,-9.62780334,-4.87572426,-67.20434873,-6.28240103,-4.15488094,7.73791429,3.18837569,-0.84984062,-17.18578646,3.11422374,-5.60787663
59.85,25.56783511,-9.43806028,-5.24923273,-66.2730691,-6.08362272,-3.51575776,7.04288309,3.10895055,-0.61391023,-16.67119778,3.11071917,-5.57449813
59.855,25.83166751,-9.26316619,-5.60824451,-65.26527352,-5.91285473,-2.83487177,6.34408514,3.03760566,-0.39090589,-16.1545444,3.11684898,-5.52964948
59.86,26.06639323,-9.09838533,-5.96469398,-64.1793248,-5.78101429,-2.11873927,5.65110042,2.966727,-0.19332405,-15.64277164,3.13776642,-5.47668278
59.865,26.27506518,-8.9408211,-6.29739696,-63.02323859,-5.67573041,-1.37723403,4.955679,2.90340717,-0.0020767,-15.12847999,3.16309115,-5.40805117
59.87,26.45206797,-8.79944791,-6.62326145,-61.79430125,-5.59272185,-0.61457285,4.25943021,2.84883897,0.17029855,-14.61656778,3.20595072,-5.33115467
59.875,26.60277969,-8.66857982,-6.93397783,-60.49428521,-5.53466983,0.15526066,3.56629335,2.80286747,0.32790684,-14.10702094,3.25933643,-5.24258806
59.88,26.72329698,-8.54866869,-7.23422658,-59.12458001,-5.49370589,0.933549,2.87392073,2.76448336,0.46896844,-13.59991128,3.32198446,-5.14154239
59.885,26.81941012,-8.43930136,-7.52036317,-57.68598,-5.47009648,1.70141225,2.18729492,2.73555783,0.59411155,-13.09649308,3.39236878,-5.02813282
59.89,26.88623408,-8.34021344,-7.79256175,-56.17944396,-5.45095808,2.45716751,1.50283141,2.71732341,0.70654362,-12.59517431,3.4701023,-4.89965412
59.895,26.92484097,-8.25035134,-8.058656,-54.60505647,-5.43866345,3.20171582,0.82514418,2.70581777,0.80390711,-12.10148411,3.55972708,-4.759887
59.9,26.93634401,-8.17002691,-8.31529536,-52.96310935,-5.42592175,3.92519051,0.15494911,2.70399617,0.8886525,-11.61430573,3.65815938,-4.60730222
59.905,26.91979093,-8.09685995,-8.56557441,-51.25371349,-5.41020006,4.62533594,-0.5059198,2.70898636,0.95779561,-11.13554686,3.76135958,-4.44010571
59.91,26.87486677,-8.03493909,-8.80921924,-49.47978603,-5.38230304,5.30082938,-1.15874245,2.7257951,1.02211896,-10.6664278,3.88093545,-4.26142213
59.915,26.80539735,-7.9824388,-9.05658507,-47.64018352,-5.34840644,5.94401061,-1.79510733,2.74820433,1.06322971,-10.20927461,4.00376868,-4.07293894
59.92,26.7005944,-7.93820573,-9.29941307,-45.73493344,-5.29268621,6.56348235,-2.4259208,2.78170743,1.10257663,-9.76489796,4.13757877,-3.86605891
59.925,26.5744219,-7.89924802,-9.53995905,-43.76701498,-5.22479551,7.14603304,-3.03665685,2.82182018,1.13370963,-9.33519422,4.27563131,-3.64927965
59.93,26.41232053,-7.8701493,-9.78317873,-41.73882869,-5.13035824,7.70288131,-3.63985229,2.87190393,1.16164071,-8.92157791,4.42566893,-3.41580682
59.935,26.22531828,-7.84944644,-10.03187844,-39.64832906,-5.02275681,8.22966633,-4.22334226,2.93070359,1.18443416,-8.52444713,4.58494044,-3.17398143
59.94,26.00003567,-7.83715599,-10.28238934,-37.50530097,-4.87745673,8.72927437,-4.80195354,2.99920464,1.20743925,-8.14638419,4.7534811,-2.90911169
59.945,25.75584931,-7.83870872,-10.5455339,-35.31353262,-4.73384474,9.20630428,-5.3551045,3.0797811,1.22749592,-7.79160365,4.93895345,-2.64594211
59.95,25.48133415,-7.84860261,-10.81195806,-33.07782954,-4.55970199,9.65715847,-5.89737273,3.17132945,1.24976805,-7.45811967,5.13271792,-2.36626246
59.955,25.17783986,-7.87221181,-11.08789312,-30.80655871,-4.37019353,10.08965051,-6.42842005,3.27584663,1.27428751,-7.14780741,5.34483492,-2.07425676
59.96,24.85465874,-7.90438091,-11.36957828,-28.50925293,-4.1630536,10.49677232,-6.9441476,3.39243011,1.29948935,-6.86223484,5.56805766,-1.77345034
59.965,24.51649769,-7.94977292,-11.65643032,-26.19521508,-3.96329527,10.88970471,-7.44020858,3.52155587,1.33635308,-6.60348267,5.81070997,-1.46858666
59.97,24.16892197,-8.00597509,-11.9471417,-23.87627879,-3.77316556,11.26551236,-7.91421857,3.66167985,1.3846591,-6.37621158,6.06951871,-1.16083058
59.975,23.80535228,-8.07347181,-12.2350341,-21.56728757,-3.56748473,11.62247902,-8.38332902,3.81614357,1.43542061,-6.17286985,6.34708486,-0.83959111
59.98,23.43807125,-8.15276575,-12.5127559,-19.28434185,-3.36914658,11.96117169,-8.83960379,3.9845099,1.49358481,-5.99814939,6.64811012,-0.51138645
59.985,23.06933149,-8.23857433,-12.7720914,-17.04335787,-3.15910259,12.28039327,-9.29336819,4.16276012,1.54737865,-5.83913929,6.96202555,-0.16860122
59.99,22.71933577,-8.33396215,-13.01826931,-14.85324093,-3.00513044,12.56522195,-9.7031347,4.34981065,1.62831304,-5.73885313,7.31167337,0.15357251
59.995,22.36553981,-8.43830161,-13.24950774,-12.74544583,-2.81800363,12.84899891,-10.13568064,4.54622981,1.6857914,-5.63611994,7.65922345,0.5211953
60,22.06593534,-8.54046744,-13.44532691,-10.72270681,-2.69203309,13.05046668,-10.49296251,4.73578347,1.79183047,-5.59916094,8.04067952,0.82939902
60.005,21.78009724,-8.65781677,-13.61062954,-8.81795941,-2.56025887,13.24396359,-10.85706769,4.93777383,1.89602081,-5.580688,8.44043726,1.16404186
60.01,21.52561985,-8.77638368,-13.7357084,-7.04247389,-2.4332064,13.40468653,-11.20556121,5.13725587,1.99693942,-5.59515302,8.86220685,1.49936991
60.015,21.30160957,-8.887933,-13.82810264,-5.40205581,-2.3134185,13.53550484,-11.54200157,5.32451028,2.08710431,-5.63828799,9.306236,1.84254157
60.02,21.12326616,-8.99663782,-13.87079548,-3.90749899,-2.20595129,13.61770977,-11.84909263,5.50331251,2.19525166,-5.72036798,9.75890549,2.15509748
60.025,20.97057302,-9.08843375,-13.89274326,-2.55916904,-2.10998756,13.67597884,-12.15165303,5.65599202,2.28492599,-5.82701601,10.23238325,2.48767667
60.03,20.84848199,-9.16417718,-13.8861871,-1.36457513,-2.03582118,13.71462323,-12.44725644,5.78656192,2.34700579,-5.9622281,10.72041591,2.83476209
60.035,20.76410808,-9.21650713,-13.85356674,-0.32268758,-1.95456677,13.6965463,-12.70634319,5.87619702,2.45550559,-6.15003053,11.21333584,3.12501868
60.04,20.7040864,-9.24408537,-13.80576722,0.56323638,-1.8985667,13.66688895,-12.964023,5.93288597,2.53443692,-6.36263958,11.71903861,3.43659324
60.045,20.67056313,-9.24257892,-13.74240387,1.29206974,-1.86382853,13.62206762,-13.21524967,5.95155428,2.59310264,-6.60385905,12.22899294,3.75444302
60.05,20.66143275,-9.20957776,-13.66979508,1.86533021,-1.84858473,13.56023273,-13.45620612,5.92802427,2.63715574,-6.88113266,12.74007855,4.06976894
60.055,20.67694606,-9.1429743,-13.58907959,2.28143641,-1.85706594,13.4863135,-13.68886909,5.86120666,2.66417806,-7.19191138,13.24830785,4.37975064
60.06,20.71580532,-9.0408101,-13.50486121,2.54417502,-1.89156522,13.40026911,-13.91376632,5.74806117,2.67281289,-7.53480915,13.74777094,4.68950012
60.065,20.77540143,-8.89818697,-13.39087146,2.65796825,-1.95975028,13.31249421,-14.14139061,5.59597039,2.61310891,-7.90354304,14.24464333,5.03379976
60.07,20.85745402,-8.72680197,-13.31804645,2.62315529,-2.05430123,13.19691483,-14.34247163,5.38853004,2.60329762,-8.32431706,14.71155192,5.32108336
60.075,20.9626978,-8.51496612,-13.22007416,2.44286293,-2.18585982,13.07475593,-14.54258079,5.13932127,2.53823341,-8.77256096,15.16565181,5.63328172
60.08,21.09107245,-8.26878563,-13.11718794,2.12027832,-2.35587781,12.93752603,-14.7350932,4.84920811,2.44011491,-9.2567862,15.59050219,5.94583212
60.085,21.24297278,-7.99225931,-13.00312066,1.65967823,-2.56426727,12.77459027,-14.91898901,4.52058705,2.29927917,-9.77809621,15.98568015,6.28008
60.09,21.41784961,-7.68543666,-12.88106491,1.06942766,-2.81165899,12.58834515,-15.0902148,4.15511654,2.13003326,-10.34122525,16.34388979,6.60909414
60.095,21.61391859,-7.35040135,-12.76086699,0.36172197,-3.1137012,12.37511951,-15.24154103,3.75366224,1.93754193,-10.95711107,16.66472773,6.93810712
60.1,21.83451916,-6.99722029,-12.61999184,-0.46484286,-3.4510546,12.12711777,-15.38111763,3.3260588,1.70600543,-11.60862384,16.93836419,7.2837501
60.105,22.07739806,-6.62165017,-12.4494067,-1.40132849,-3.80700723,11.83585351,-15.50438594,2.87397582,1.43084533,-12.30989468,17.16536419,7.64082078
60.11,22.34088601,-6.23399423,-12.29872369,-2.43007701,-4.23476285,11.52125698,-15.60143715,2.39978441,1.1378121,-13.06685849,17.33608395,7.99545534
60.115,22.6235709,-5.83044468,-12.09633568,-3.54862832,-4.65169711,11.15110169,-15.67809629,1.909391,0.80223199,-13.87741565,17.45424522,8.37254579
60.12,22.92497566,-5.42231519,-11.91092082,-4.74349435,-5.12564049,10.75498291,-15.72688203,1.40660444,0.43991307,-14.7436226,17.51146947,8.75317442
60.125,23.23939602,-5.00531354,-11.69184546,-6.00293359,-5.58748215,10.31478926,-15.74584094,0.89315527,0.0492636,-15.6740031,17.50491991,9.14648098
60.13,23.56471215,-4.58982464,-11.46679701,-7.31503885,-6.05811894,9.84111672,-15.7324901,0.37733819,-0.36160096,-16.66791513,17.43338537,9.55134905
60.135,23.89491366,-4.17066495,-11.22276548,-8.664144,-6.50706275,9.33413424,-15.68060579,-0.14879511,-0.78969739,-17.73092823,17.28821481,9.96290274
60.14,24.22754715,-3.75817395,-10.98614254,-10.0434432,-6.9442014,8.81471157,-15.59258515,-0.67346554,-1.23173595,-18.85958619,17.06879434,10.37297703
60.145,24.5563031,-3.34983356,-10.75182072,-11.4377616,-7.34674927,8.28345084,-15.46456506,-1.2002065,-1.68297247,-20.05683645,16.76703141,10.7812281
60.15,24.87327839,-2.94928917,-10.50068444,-12.82592093,-7.6939348,7.72656704,-15.28405084,-1.72596734,-2.11552407,-21.3387273,16.39160283,11.19511318
60.155,25.18081599,-2.5582451,-10.26681972,-14.20935363,-7.99782424,7.17032856,-15.05816607,-2.25162737,-2.55204416,-22.68780042,15.93416164,11.59715753
60.16,25.47453536,-2.17616555,-10.03473788,-15.57144075,-8.24583277,6.60827467,-14.77844424,-2.77541735,-2.97659568,-24.11263823,15.39936207,11.99128146
60.165,25.75014593,-1.80445534,-9.81251462,-16.90356116,-8.42319675,6.04650034,-14.44097241,-3.30057943,-3.3797221,-25.61342205,14.7832842,12.36675241
60.17,26.00575032,-1.44152011,-9.60077487,-18.19695688,-8.52775861,5.49058757,-14.04415473,-3.8251962,-3.75613044,-27.1864568,14.08552472,12.72123142
60.175,26.23983809,-1.088736,-9.4007429,-19.44574298,-8.5556405,4.94286237,-13.58485154,-4.35163854,-4.10122599,-28.83043888,13.31002776,13.04845762
60.18,26.45898191,-0.74511147,-9.21128861,-20.64446499,-8.50491098,4.38710565,-13.05170301,-4.8786649,-4.40611518,-30.54627868,12.47318922,13.34316462
60.185,26.65184305,-0.4140348,-9.04324371,-21.78741936,-8.37648848,3.85607891,-12.45633105,-5.40599824,-4.68418291,-32.32468012,11.55416201,13.60333592
60.19,26.81930227,-0.08657964,-8.87365615,-22.86624907,-8.17343141,3.34055066,-11.7919724,-5.93361719,-4.90274943,-34.15848938,10.5806184,13.82510411
60.195,26.98232414,0.23648423,-8.71691551,-23.89930354,-7.89048496,2.81548746,-11.05048794,-6.4606871,-5.0635323,-36.04181334,9.57096273,13.99879899
60.2,27.11689612,0.55009931,-8.57547461,-24.86016858,-7.54448621,2.31460696,-10.24465612,-6.98449279,-5.1853988,-37.96618117,8.5104727,14.13109468
60.205,27.22661941,0.8575995,-8.45108593,-25.75529747,-7.13387518,1.82597305,-9.37498895,-7.50574482,-5.25494303,-39.923217,7.42423704,14.21783018
60.21,27.31780092,1.16039689,-8.33510586,-26.58234976,-6.66866284,1.3477213,-8.43937011,-8.01992266,-5.27601513,-41.90096139,6.32458488,14.25450222
60.215,27.38195554,1.46058841,-8.23022661,-27.33882938,-6.15087751,0.88343349,-7.44935643,-8.52713081,-5.2488305,-43.88824398,5.22392102,14.24482499
60.22,27.41404622,1.7581991,-8.13542058,-28.02226336,-5.59980739,0.4398629,-6.41487275,-9.02409518,-5.17922792,-45.86938209,4.13100305,14.19015016
60.225,27.44374549,2.04466139,-8.046167,-28.64980503,-4.98911781,-0.01463626,-5.31771683,-9.49721095,-5.06755734,-47.83976543,3.08842491,14.07838673
60.23,27.42010011,2.33335907,-7.96553027,-29.19199184,-4.38630028,-0.42834534,-4.20069973,-9.96007139,-4.91781032,-49.78107611,2.0595693,13.93023821
60.235,27.3175628,2.63003186,-7.91908257,-29.64772721,-3.81750539,-0.78827144,-3.09602944,-10.42658148,-4.74813359,-51.68057566,1.04358159,13.76306774
60.24,27.26688031,2.90007968,-7.81567625,-30.05254835,-3.15719367,-1.19987871,-1.8867642,-10.81991587,-4.52080741,-53.5452935,0.1561327,13.50272305
60.245,27.13815385,3.17485264,-7.74829271,-30.37598662,-2.54955695,-1.55734794,-0.70140733,-11.2119371,-4.2831464,-55.3494389,-0.69448919,13.22730737
60.25,26.96893375,3.44401365,-7.68004205,-30.62796124,-1.95746288,-1.89306081,0.48950165,-11.5750087,-4.02931645,-57.08881966,-1.47212835,12.91038578
60.255,26.72503754,3.71888294,-7.63751721,-30.7965448,-1.42899061,-2.17997821,1.65422803,-11.9307475,-3.76460295,-58.7556845,-2.18224351,12.56457574
60.26,26.47655865,3.97163006,-7.56596214,-30.91001672,-0.88333004,-2.47466548,2.84470053,-12.22857859,-3.48657844,-60.34552001,-2.79196683,12.16623223
60.265,26.22148822,4.20148159,-7.46591027,-30.97077723,-0.33536185,-2.76729225,4.04972603,-12.46980873,-3.21183229,-61.84937689,-3.30325656,11.74040988
60.27,25.8483601,4.44956829,-7.40994493,-30.9416547,0.09692142,-2.98554421,5.17505306,-12.72689252,-2.9422331,-63.26274337,-3.73303534,11.29268869
60.275,25.48071084,4.66730385,-7.32812538,-30.86536991,0.52885628,-3.20848045,6.32136233,-12.921407,-2.67638217,-64.58292265,-4.08559919,10.79216476
60.28,25.06461346,4.87457837,-7.23856368,-30.7289423,0.91493713,-3.40132766,7.43191402,-13.08475674,-2.42860405,-65.80237919,-4.34496142,10.28153774
60.285,24.61844829,5.0645271,-7.14219419,-30.53988808,1.25854779,-3.5715085,8.52074635,-13.211482,-2.19822594,-66.91907441,-4.53085588,9.73917412
60.29,24.16074373,5.22615716,-7.02466198,-30.30703841,1.58623366,-3.7356249,9.59854454,-13.28784155,-1.99197544,-67.92778545,-4.66083495,9.17122551
60.295,23.6152264,5.39495643,-6.92675214,-30.01302978,1.81775203,-3.83469327,10.59439391,-13.36971639,-1.8125152,-68.83238956,-4.68163348,8.61579302
60.3,23.07100406,5.53082333,-6.80878703,-29.68530902,2.04017351,-3.93446188,11.58301147,-13.39888532,-1.65902506,-69.62647311,-4.67904472,8.0118504
60.305,22.47893953,5.65220688,-6.69462975,-29.29260551,2.20916474,-3.99681234,12.52162958,-13.40972367,-1.54032286,-70.2986116,-4.60141084,7.41763001
60.31,21.86308819,5.75997896,-6.56465634,-28.89663569,2.35131493,-4.03679008,13.41579064,-13.39661977,-1.44489072,-70.88042684,-4.45490761,6.85587808
60.315,21.22568224,5.8426456,-6.43345701,-28.45034968,2.46950116,-4.0612784,14.27789428,-13.35497526,-1.3830297,-71.33972682,-4.28148792,6.27564661
60.32,20.57746609,5.89487965,-6.29739269,-27.96049532,2.53367581,-4.05271687,15.10484576,-13.28163754,-1.37824916,-71.66827358,-4.16443568,5.61814606
60.325,19.90037862,5.93737656,-6.15852965,-27.45539357,2.58728293,-4.02387362,15.88431698,-13.20016231,-1.39064404,-71.90213883,-3.95757701,5.04596848
60.33,19.20617798,5.95912722,-6.01387947,-26.9284182,2.62266797,-3.97491679,16.62079991,-13.09900366,-1.43661603,-72.02642653,-3.74597411,4.48258102
60.335,18.49644372,5.95864822,-5.86656234,-26.38111956,2.64492255,-3.90632952,17.31420734,-12.97941921,-1.51543714,-72.04059816,-3.5314488,3.93599885
60.34,17.77521965,5.94249523,-5.71943091,-25.81476517,2.65212137,-3.81649046,17.96963341,-12.85008017,-1.62309788,-71.95085451,-3.31798677,3.42215813
60.345,17.04612971,5.90853277,-5.57278561,-25.2336232,2.651233,-3.70976429,18.58899147,-12.70997606,-1.75666569,-71.75928091,-3.11046713,2.93986
60.35,16.30757265,5.85316324,-5.42626839,-24.64140553,2.64739895,-3.58509559,19.16480723,-12.55405142,-1.91738613,-71.46314207,-2.92469769,2.48573703
60.355,15.5671678,5.78532972,-5.28422393,-24.03794886,2.64098699,-3.44559023,19.71012835,-12.39395288,-2.09816213,-71.07290678,-2.75701213,2.07014898
60.36,14.82491448,5.70212984,-5.14590346,-23.42696812,2.63641075,-3.29231368,20.22126102,-12.22575183,-2.29780539,-70.58759101,-2.61564589,1.69058739
60.365,14.07808464,5.60283503,-5.01274859,-22.80902062,2.63571855,-3.12291938,20.69511271,-12.04789954,-2.51313235,-70.00913848,-2.50709337,1.34827962
60.37,13.34150231,5.49660605,-4.88906018,-22.18892056,2.64105819,-2.94744297,21.14851674,-11.87140951,-2.73896038,-69.34765734,-2.42466961,1.0440445
60.375,12.60231805,5.37926716,-4.77157018,-21.56399962,2.65702108,-2.75914205,21.56675769,-11.68960608,-2.97476562,-68.59816947,-2.38010042,0.77446205
60.38,11.87044728,5.25402561,-4.6644948,-20.93863137,2.68113729,-2.56152112,21.96255137,-11.50584138,-3.21529072,-67.77192798,-2.36612882,0.53970366
60.385,11.14349853,5.12456606,-4.57088895,-20.31308012,2.71857686,-2.35607791,22.32937854,-11.32198021,-3.45819001,-66.86331751,-2.3848601,0.33757178
60.39,10.42690075,4.99129201,-4.48725648,-19.68844507,2.76613164,-2.14524024,22.67718089,-11.13691487,-3.6985881,-65.88254618,-2.43254396,0.16632601
60.395,9.71360417,4.85750981,-4.42003266,-19.06493927,2.8262439,-1.92301582,22.99873089,-10.95531162,-3.93586777,-64.83047706,-2.5059224,0.01930369
60.4,9.01271345,4.72336863,-4.36503584,-18.4443805,2.89702389,-1.69747401,23.30351153,-10.77352898,-4.16506891,-63.70934456,-2.60270043,-0.10008538
60.405,8.31906867,4.59495256,-4.32710206,-17.82541893,2.98073456,-1.46359885,23.58771414,-10.59712845,-4.38375771,-62.52286084,-2.71579515,-0.19984282
60.41,7.63744556,4.46697436,-4.28873826,-17.21249556,3.07728992,-1.22497223,23.85569462,-10.41620219,-4.58664535,-61.27234925,-2.8506113,-0.27728859
60.415,6.9662335,4.34813592,-4.28623665,-16.60341828,3.18076409,-0.98071438,24.10517624,-10.24852149,-4.78267962,-59.959658,-2.98777451,-0.33912599
60.42,6.30496661,4.23808908,-4.29695068,-16.00046631,3.29700403,-0.72831942,24.33654136,-10.08572109,-4.96342124,-58.58685779,-3.12988046,-0.38750029
60.425,5.6544082,4.13711748,-4.32643913,-15.40336003,3.42164044,-0.46779833,24.55050593,-9.92860586,-5.12826926,-57.15447041,-3.27067514,-0.42322545
60.43,5.01876186,4.04678955,-4.35644665,-14.81215322,3.55478242,-0.20518198,24.75443198,-9.77302978,-5.26794017,-55.6671307,-3.40953349,-0.4421589
60.435,4.40154932,3.97068079,-4.40352129,-14.22872517,3.68740337,0.0558307,24.94933873,-9.62648507,-5.38834006,-54.12408884,-3.53349747,-0.44668401
60.44,3.78393605,3.90863312,-4.48702747,-13.65406632,3.83682948,0.33888831,25.1114904,-9.49635938,-5.50526524,-52.52224766,-3.63894234,-0.45448882
60.445,3.28895262,3.87513011,-4.56205432,-13.09257957,3.88275,0.47987188,25.37940948,-9.37238599,-5.56723812,-50.88531165,-3.67663269,-0.39734224
60.45,2.6052408,3.82892025,-4.65322396,-12.52933355,4.13596689,0.89478326,25.40927427,-9.25350155,-5.66655612,-49.15891206,-3.78842724,-0.42832732
60.455,2.13011347,3.82500235,-4.74376321,-11.98963121,4.19841421,1.04948494,25.63447127,-9.14614331,-5.69320782,-47.41185718,-3.78395827,-0.36670431
60.46,1.46677389,3.81855781,-4.86989365,-11.44517353,4.46549602,1.49536093,25.62786908,-9.05320319,-5.74978522,-45.58204177,-3.83143947,-0.35885669
60.465,1.02885612,3.85257096,-4.95908691,-10.92648844,4.52961525,1.63348944,25.8264037,-8.97114551,-5.73955757,-43.73083899,-3.77100711,-0.29383826
60.47,0.38824646,3.87697762,-5.09500627,-10.40558063,4.80359793,2.1016514,25.77515253,-8.89765334,-5.7621157,-41.79367597,-3.75954448,-0.23323069
60.475,-0.02373054,3.94788001,-5.18746105,-9.91412516,4.87624613,2.24030301,25.92874126,-8.84153902,-5.71909552,-39.83781967,-3.64188421,-0.16941845
60.48,-0.64233155,4.0134558,-5.338542,-9.41734974,5.15561965,2.72540903,25.83329204,-8.80000476,-5.70878441,-37.80389441,-3.55397891,-0.06265061
60.485,-1.03013514,4.11657756,-5.41244423,-8.95458345,5.24241034,2.86542818,25.93685815,-8.76824148,-5.63687109,-35.75056096,-3.40478033,0.01592177
60.49,-1.61647923,4.21714242,-5.52469172,-8.49516394,5.52522712,3.34750003,25.79572436,-8.75811458,-5.6022646,-33.62767062,-3.28282988,0.19323986
60.495,-2.0960967,4.35662007,-5.64853803,-8.0533784,5.72477447,3.67012791,25.73943056,-8.76935875,-5.52565151,-31.48715246,-3.09146027,0.31484181
60.5,-2.55369622,4.5063159,-5.71608463,-7.63700422,5.92687503,3.97867374,25.65965849,-8.79515488,-5.44556497,-29.30856975,-2.923139,0.47696499
60.505,-3.00527296,4.67568305,-5.77651254,-7.24033836,6.13876774,4.28936269,25.55417202,-8.84322495,-5.35372444,-27.1101422,-2.74678102,0.64855007
60.51,-3.45279606,4.86387111,-5.83029174,-6.86387635,6.36682304,4.6031189,25.42271634,-8.91218978,-5.25239671,-24.89832856,-2.56336244,0.8247794
60.515,-3.890919,5.06883832,-5.86342978,-6.51076538,6.60847507,4.91343356,25.2730546,-9.00173573,-5.13803874,-22.68673297,-2.39001881,1.00808155
60.52,-4.31523755,5.29193467,-5.87339815,-6.18294859,6.86286072,5.21155281,25.11244673,-9.11693344,-5.02397214,-20.48663623,-2.24456371,1.19729662
60.525,-4.73897715,5.52557438,-5.87146404,-5.88349165,7.13308132,5.51899615,24.9318464,-9.24689785,-4.88857818,-18.31307024,-2.09920547,1.3850878
60.53,-5.10498886,5.76739969,-5.82143371,-5.61445289,7.37162229,5.76107352,24.78281785,-9.40224377,-4.78467215,-16.17324486,-2.03244743,1.56129021
60.535,-5.5261945,6.0347101,-5.76781828,-5.37954777,7.71573049,6.07901175,24.57544022,-9.59048394,-4.65685901,-14.10752957,-1.95873263,1.755087
60.54,-5.95318825,6.27838157,-5.74215685,-5.1534174,8.05538265,6.4049313,24.36277464,-9.75641156,-4.52327988,-12.11254904,-1.86068669,1.93634321
60.545,-6.33756385,6.53900205,-5.66388085,-4.97935626,8.40679461,6.69386251,24.18441245,-9.95581122,-4.4007178,-10.22293747,-1.82915412,2.10992809
60.55,-6.71374453,6.79831354,-5.57374598,-4.84116997,8.78504413,6.98345526,24.01963879,-10.16343447,-4.28158065,-8.45340522,-1.81176777,2.27628454
60.555,-7.08276893,7.041532,-5.48917304,-4.74314085,9.18502737,7.28262827,23.87026895,-10.36455985,-4.16723264,-6.8186284,-1.79834021,2.4351993
60.56,-7.43186413,7.26984789,-5.39557705,-4.68859769,9.60573597,7.56635717,23.75268858,-10.55732888,-4.06328261,-5.33167245,-1.79822036,2.57793988
60.565,-7.77067491,7.47239011,-5.30348051,-4.67774681,10.05768014,7.86374112,23.6541741,-10.73352603,-3.97286379,-3.99410874,-1.80924462,2.70842865
60.57,-8.0958335,7.64593287,-5.21970648,-4.71281789,10.52718923,8.1638938,23.58329512,-10.88617407,-3.89295855,-2.81904899,-1.82659686,2.8235013
60.575,-8.40427901,7.78057653,-5.14631281,-4.79677958,11.01968213,8.46563775,23.53954247,-11.00585685,-3.83144473,-1.80777959,-1.85046828,2.91714048
60.58,-8.69714461,7.87662535,-5.08804287,-4.93415513,11.53052491,8.77758836,23.52054023,-11.09179347,-3.78421736,-0.96343049,-1.88321379,2.99206588
60.585,-8.97780315,7.92227488,-5.05235809,-5.11653256,12.05574899,9.11349486,23.52573698,-11.13215374,-3.75684739,-0.28614084,-1.92328916,3.04428064
60.59,-9.24096311,7.92530075,-5.03894969,-5.35458299,12.59638963,9.45915762,23.55612701,-11.13363556,-3.74543915,0.22283606,-1.97572801,3.07188411
60.595,-9.48412244,7.87893248,-5.05093297,-5.65247761,13.14882809,9.81628206,23.61015331,-11.09026664,-3.75187764,0.56616143,-2.04141344,3.07183693
60.6,-9.70711906,7.78244164,-5.09624444,-6.01658646,13.7035111,10.18425042,23.68845236,-11.00220573,-3.76952228,0.73914092,-2.12499861,3.04584463
60.605,-9.91409414,7.63521213,-5.16215823,-6.42883705,14.26806966,10.56716541,23.78941059,-10.86748298,-3.80319138,0.75545026,-2.2248452,2.98558573
60.61,-10.09879919,7.43706511,-5.26063976,-6.90648927,14.8310859,10.95619042,23.90970735,-10.69054749,-3.84697123,0.61744201,-2.34556448,2.89343856
60.615,-10.2636854,7.19173899,-5.38880997,-7.4462166,15.38133512,11.35415363,24.05153425,-10.4741297,-3.90214267,0.3270842,-2.49084693,2.76800452
60.62,-10.40840607,6.8976195,-5.55755315,-8.04889867,15.92380907,11.77541221,24.21317456,-10.21652939,-3.96331245,-0.10989063,-2.66459294,2.60520599
60.625,-10.54373744,6.55887002,-5.79728318,-8.70123317,16.43037248,12.23020434,24.39577604,-9.91547731,-4.00835551,-0.69050154,-2.85751194,2.39982842
60.63,-10.63234001,6.17907886,-5.98278102,-9.45223051,16.93410229,12.64347482,24.58583798,-9.60844633,-4.10224436,-1.3838065,-3.10347125,2.17073392
60.635,-10.70738846,5.75824738,-6.24715165,-10.25793809,17.39913555,13.10642405,24.79611124,-9.26355797,-4.16982983,-2.20369449,-3.37113086,1.89385815
60.64,-10.75785701,5.30106135,-6.53690989,-11.1350579,17.82074686,13.57983464,25.01700114,-8.89956274,-4.23528485,-3.13028675,-3.67245094,1.57892175
60.645,-10.78110482,4.80939752,-6.84578225,-12.08482523,18.19820476,14.05365805,25.24687018,-8.51921419,-4.2983793,-4.15218989,-4.00277063,1.23187326
60.65,-10.77483737,4.28591452,-7.170815,-13.11095701,18.52373759,14.52974045,25.48222595,-8.12890393,-4.35890432,-5.25768478,-4.35978145,0.85553535
60.655,-10.73803579,3.73363232,-7.5094785,-14.21298809,18.78934725,15.01413145,25.72013003,-7.73114579,-4.41191916,-6.43113197,-4.7379533,0.44884661
60.66,-10.66661281,3.15349509,-7.85623415,-15.39497815,18.98950208,15.50303577,25.95734577,-7.32881438,-4.45676704,-7.66205423,-5.13101537,0.01520135
60.665,-10.55983512,2.54743885,-8.19958932,-16.65660704,19.11961421,15.96882068,26.18778959,-6.92730498,-4.51054697,-8.93464245,-5.52662593,-0.42165423
60.67,-10.41411036,1.91599322,-8.53744011,-17.99783033,19.17102299,16.43423912,26.41043764,-6.5255138,-4.55783539,-10.23576753,-5.9173705,-0.87406493
60.675,-10.22607594,1.25971745,-8.86273985,-19.42025553,19.1365347,16.88277863,26.61957832,-6.12609002,-4.60991925,-11.55110958,-6.29125161,-1.32834829
60.68,-9.99166671,0.58207689,-9.16225528,-20.92456966,19.0067741,17.31706268,26.81166732,-5.73086625,-4.65286088,-12.8662047,-6.63724909,-1.78367713
60.685,-9.70994571,-0.11802927,-9.43586233,-22.50757424,18.78086804,17.71867138,26.98475204,-5.34212977,-4.71618699,-14.17234573,-6.94538597,-2.22224848
60.69,-9.37072767,-0.84091358,-9.66486987,-24.17379459,18.45447405,18.10157687,27.1393177,-4.95289081,-4.76694533,-15.45817046,-7.20602848,-2.65736229
60.695,-8.97667969,-1.58427812,-9.86122748,-25.91515217,18.02005947,18.44365864,27.27162384,-4.5735822,-4.84809866,-16.71530076,-7.40963413,-3.06551768
60.7,-8.52354603,-2.34405036,-10.00340952,-27.72705241,17.47812021,18.74647726,27.3855945,-4.19614496,-4.92611271,-17.94002111,-7.54094548,-3.4582504
60.705,-8.00711445,-3.12079828,-10.09816389,-29.60979046,16.82470581,19.00843103,27.47634615,-3.82672345,-5.02998759,-19.11817985,-7.60726163,-3.81929917
60.71,-7.4252248,-3.91608174,-10.13475979,-31.55599095,16.0531341,19.22588753,27.54558191,-3.4553295,-5.14251523,-20.25037416,-7.59086387,-4.15626305
60.715,-6.76777809,-4.71725423,-10.10757585,-33.56050603,15.18233884,19.39468238,27.60402417,-3.09026257,-5.26288441,-21.33274166,-7.49802403,-4.47756548
60.72,-6.04844788,-5.52669672,-10.02012101,-35.60983383,14.19646732,19.51193661,27.64093329,-2.72654437,-5.39899633,-22.36349955,-7.32308325,-4.7651734
60.725,-5.25369572,-6.33642545,-9.8657252,-37.69999244,13.11077225,19.5738541,27.66589849,-2.36803911,-5.54996761,-23.33935193,-7.06943317,-5.03052106
60.73,-4.396921,-7.14473824,-9.64956453,-39.81691994,11.9264888,19.58186049,27.67135697,-2.010177,-5.7143846,-24.2570344,-6.74157956,-5.26664252
60.735,-3.47805937,-7.94130615,-9.37105551,-41.95106217,10.66290236,19.53335268,27.65898947,-1.65494463,-5.88425882,-25.11634448,-6.33862539,-5.47999618
60.74,-2.50037377,-8.72602479,-9.03252654,-44.08875973,9.326439,19.42815301,27.62595071,-1.30294918,-6.06255132,-25.91413178,-5.87188925,-5.67116471
60.745,-1.47862061,-9.48462004,-8.6427861,-46.21577143,7.93156118,19.27497915,27.56885712,-0.95214539,-6.25180479,-26.64602583,-5.34558442,-5.84718865
60.75,-0.36354448,-10.20447545,-8.183682,-48.33308339,6.52907849,19.02035473,27.53356854,-0.62260655,-6.44200084,-27.3357928,-4.70984764,-6.01730924
60.755,0.75011697,-10.90344895,-7.6938739,-50.41131335,5.07679896,18.75631249,27.4311874,-0.28251432,-6.630457,-27.94015925,-4.09301426,-6.15676617
60.76,1.89832481,-11.56065199,-7.15476762,-52.44818891,3.62435214,18.43472249,27.29834,0.05330482,-6.81392878,-28.46982621,-3.45406955,-6.28400934
60.765,3.06888998,-12.17608304,-6.59254368,-54.43424362,2.19048801,18.06830563,27.14167518,0.38045621,-7.00318712,-28.94453485,-2.7915865,-6.4083194
60.77,4.26095917,-12.74268704,-5.99905503,-56.36283009,0.78606988,17.65652611,26.95153199,0.70055251,-7.18045826,-29.34528648,-2.1324046,-6.51878362
60.775,5.47732297,-13.24601405,-5.3864343,-58.22418964,-0.56890687,17.23475178,26.74667499,1.01003604,-7.32762779,-29.68024692,-1.45158349,-6.61166129
60.78,6.66837117,-13.71020246,-4.75246581,-60.01311726,-1.84285995,16.72501031,26.46577539,1.32120942,-7.4818919,-29.93171557,-0.81287159,-6.74438584
60.785,7.86920141,-14.1134324,-4.11562033,-61.72478894,-3.04768085,16.19838003,26.1643546,1.61915755,-7.61622003,-30.11950544,-0.1942026,-6.86133157
60.79,9.06658702,-14.45535546,-3.47970794,-63.35459444,-4.16392974,15.64221368,25.83205913,1.90441929,-7.73008485,-30.24082241,0.39961216,-6.97829874
60.795,10.24931035,-14.73992272,-2.85266642,-64.89761321,-5.18403774,15.05941229,25.46224406,2.17897645,-7.82510801,-30.2947474,0.95359034,-7.1001163
60.8,11.4133665,-14.96641736,-2.23828872,-66.35109636,-6.10319639,14.44664147,25.05477972,2.44179743,-7.89793196,-30.28064274,1.46447178,-7.22924455
60.805,12.53044096,-15.161797,-1.64997863,-67.71269152,-6.9244344,13.83519792,24.58470651,2.71042645,-7.96142927,-30.19244376,1.87828333,-7.35335413
60.81,13.63993426,-15.27881185,-1.08305676,-68.97836007,-7.63248214,13.17243824,24.10239213,2.94763994,-7.98955596,-30.0511592,2.28856433,-7.49839394
60.815,14.7226578,-15.33849835,-0.54930576,-70.14604647,-8.2363692,12.48134599,23.59272428,3.16631826,-7.9927353,-29.85219671,2.65299728,-7.64893345
60.82,15.76175161,-15.35451708,-0.05644596,-71.21504332,-8.73340652,11.79010925,23.04443717,3.37414364,-7.97039894,-29.59761219,2.95857589,-7.80305015
60.825,16.76692724,-15.31787666,0.39407529,-72.18162108,-9.14114445,11.06714235,22.47013308,3.55917627,-7.92110123,-29.29031822,3.21814845,-7.96738178
60.83,17.72271435,-15.25729856,0.80088083,-73.04455464,-9.44672887,10.34958537,21.84813788,3.74276327,-7.85743929,-28.91099576,3.40027792,-8.11425635
60.835,18.64184096,-15.14758868,1.15931329,-73.81431498,-9.67433861,9.60813731,21.21661789,3.89827381,-7.76489009,-28.51763962,3.55560622,-8.280933
60.84,19.51507492,-14.99650282,1.45652034,-74.46429708,-9.84109183,8.8386512,20.55269526,4.02962847,-7.64363712,-28.05207904,3.66106523,-8.45072502
60.845,20.34220156,-14.81768358,1.70166466,-75.01878204,-9.94369401,8.06662867,19.87028216,4.14333595,-7.49817867,-27.56463781,3.72443192,-8.62368034
60.85,21.12153474,-14.62138816,1.89603217,-75.47335731,-9.97305943,7.30867496,19.16345499,4.24416783,-7.33665875,-27.04029105,3.74666747,-8.78337505
60.855,21.8541417,-14.40164009,2.03500606,-75.8264961,-9.95842761,6.54887191,18.43786625,4.32219706,-7.15238228,-26.48874535,3.74089686,-8.94546155
60.86,22.54063947,-14.16810793,2.12076632,-76.07911096,-9.89942878,5.79978542,17.69607115,4.384526,-6.95186259,-25.90856643,3.70456326,-9.09511232
60.865,23.18108414,-13.91873561,2.15325418,-76.23194414,-9.81387504,5.06301622,16.94034383,4.42428637,-6.73262722,-25.30776833,3.6503785,-9.24259161
60.87,23.77800946,-13.65866931,2.13750001,-76.28755868,-9.70474008,4.34875743,16.17420327,4.4438095,-6.49999664,-24.69000123,3.58252475,-9.38287255
60.875,24.33467381,-13.39993378,2.07276935,-76.25099705,-9.57585544,3.65694846,15.40081601,4.45104224,-6.25594399,-24.05647272,3.49879039,-9.50011909
60.88,24.8505411,-13.13500443,1.96467978,-76.11933287,-9.44229051,2.99671445,14.6223027,4.43739071,-6.0033964,-23.4142949,3.41326531,-9.611113
60.885,25.32795068,-12.8687901,1.81647886,-75.89846369,-9.31328097,2.3738391,13.84023741,4.40562797,-5.7430751,-22.7653885,3.32646206,-9.71011771
60.89,25.76973932,-12.60660866,1.63170325,-75.59048937,-9.19008437,1.78890881,13.05801315,4.36031567,-5.47805661,-22.1132956,3.24154258,-9.7928853
60.895,26.17661341,-12.35083494,1.41196534,-75.19748493,-9.07828777,1.24581637,12.27780186,4.30170138,-5.21232897,-21.46069288,3.16299331,-9.85997832
60.9,26.55171283,-12.10264775,1.16417685,-74.72305088,-8.99002216,0.75190168,11.49926786,4.23215779,-4.94263696,-20.80906158,3.09420871,-9.91266715
60.905,26.89424096,-11.8637508,0.88980502,-74.16852538,-8.92174907,0.30563803,10.72496728,4.15201703,-4.67653504,-20.1623923,3.03687767,-9.95069189
60.91,27.20913482,-11.63527869,0.59576483,-73.53780086,-8.87732754,-0.08540687,9.95695397,4.06471347,-4.41501938,-19.51984345,2.99412984,-9.97331242
60.915,27.500456,-11.41161753,0.29300868,-72.83203149,-8.85078034,-0.41850244,9.20064539,3.97010939,-4.15416515,-18.8880426,2.96619043,-9.97742054
60.92,27.75346337,-11.21695866,-0.04506709,-72.05373558,-8.86431143,-0.70487692,8.44053724,3.87389532,-3.91146923,-18.26065466,2.95936393,-9.9758969
60.925,27.99036046,-11.02509244,-0.37311416,-71.20897355,-8.89409114,-0.92833491,7.6919067,3.77661546,-3.67241824,-17.63983905,2.96430304,-9.95450009
60.93,28.19971922,-10.84719235,-0.71364468,-70.29374187,-8.94622419,-1.09535825,6.95182928,3.67651412,-3.44543954,-17.03144034,2.98909522,-9.92000012
60.935,28.38635001,-10.68268761,-1.05968747,-69.31085905,-9.01956843,-1.20263809,6.2225413,3.57748644,-3.23312807,-16.4341647,3.03450608,-9.87411073
60.94,28.55113224,-10.53771472,-1.40027882,-68.26621598,-9.10696977,-1.25692842,5.49761501,3.48852119,-3.03570764,-15.84450711,3.09784451,-9.81482461
60.945,28.68771586,-10.39887054,-1.73999579,-67.1533854,-9.21033401,-1.25366184,4.77781154,3.39919732,-2.84737587,-15.26550982,3.17586804,-9.74038647
60.95,28.80557544,-10.27156051,-2.07497565,-65.97804797,-9.32432557,-1.1915649,4.06997381,3.31399614,-2.67823965,-14.697857,3.2701327,-9.65543134
60.955,28.90251164,-10.15692621,-2.40075192,-64.74226463,-9.44070972,-1.07789798,3.36852832,3.23869916,-2.52635967,-14.13766368,3.38221625,-9.55959282
60.96,28.97945136,-10.05128551,-2.71686266,-63.44337984,-9.56021495,-0.90957136,2.67688205,3.17057569,-2.39045757,-13.58785816,3.50807976,-9.4538196
60.965,29.0315036,-9.95227768,-3.02320725,-62.0805825,-9.67953586,-0.68715507,1.99067075,3.10793672,-2.2727284,-13.04685185,3.64351912,-9.33514192
60.97,29.07348129,-9.86735804,-3.32361993,-60.65682688,-9.79439395,-0.41824907,1.32283101,3.05822475,-2.18073719,-12.51648357,3.79289587,-9.21809392
60.975,29.07847969,-9.77711894,-3.59257162,-59.17341636,-9.88827189,-0.10133104,0.6438323,3.01673394,-2.08497044,-11.99058148,3.95151475,-9.07522266
60.98,29.06897391,-9.69390379,-3.85452601,-57.62378307,-9.97406432,0.26173092,-0.01720604,2.98203324,-2.01579846,-11.47365518,4.11822719,-8.93102346
60.985,29.03907292,-9.61368232,-4.1015849,-56.01227442,-10.04143545,0.66640654,-0.66945511,2.95702893,-1.96024247,-10.96430508,4.29337991,-8.7821846
60.99,28.9846573,-9.53475306,-4.33480636,-54.33549953,-10.0878961,1.11410576,-1.31306394,2.93987787,-1.92008079,-10.46534581,4.47588421,-8.62862857
60.995,28.90731929,-9.45397285,-4.54982816,-52.59366349,-10.10877499,1.59909328,-1.94838428,2.93072798,-1.89269381,-9.97318123,4.66059571,-8.46659519
61,28.80412858,-9.37157608,-4.75053758,-50.78696492,-10.10142397,2.12260418,-2.57520639,2.92822779,-1.87744357,-9.49020908,4.85209667,-8.3002243
61.005,28.68190902,-9.29017421,-4.94445539,-48.91406239,-10.07174186,2.67765758,-3.18400169,2.9329456,-1.87917884,-9.02031424,5.04957534,-8.14097746
61.01,28.53191497,-9.20495843,-5.11942531,-46.97332196,-10.01097466,3.26833349,-3.78198553,2.94430519,-1.8873805,-8.56077255,5.25277805,-7.97901405
61.015,28.34354785,-9.10602728,-5.25835804,-44.96709694,-9.89724245,3.89234099,-4.38550233,2.96139034,-1.88570385,-8.10589819,5.45463424,-7.78962965
61.02,28.14270056,-9.00756636,-5.39513469,-42.89498197,-9.77453054,4.53565392,-4.95619167,2.98275871,-1.89951383,-7.67176191,5.66422455,-7.62164411
61.025,27.90757552,-8.90071577,-5.5075699,-40.75650958,-9.60105798,5.19780864,-5.52070043,3.00857177,-1.91588156,-7.24816233,5.87097012,-7.44148285
61.03,27.64595529,-8.79458769,-5.6028479,-38.55723066,-9.40463478,5.88126735,-6.06794088,3.042944,-1.92885191,-6.8426899,6.08929953,-7.26559113
61.035,27.34205756,-8.68935846,-5.69161708,-36.30054994,-9.13191855,6.5598015,-6.61776729,3.08354091,-1.97128878,-6.44640872,6.30959904,-7.07188131
61.04,27.04034968,-8.57966186,-5.73826415,-33.98978031,-8.91012608,7.2665376,-7.11409745,3.13169407,-1.96140373,-6.0910564,6.54280112,-6.90927434
61.045,26.69123218,-8.48215585,-5.78304576,-31.63414787,-8.60999007,7.96806801,-7.62383517,3.19146834,-1.9805136,-5.73785364,6.7861637,-6.72879897
61.05,26.33148013,-8.38456049,-5.79799218,-29.2394468,-8.31685466,8.6532887,-8.0998239,3.25934055,-1.97884886,-5.41997056,7.0379582,-6.55737773
61.055,25.93629692,-8.29881291,-5.79220048,-26.82081428,-7.95799875,9.29886744,-8.58247776,3.34116881,-1.98912371,-5.11289566,7.30639909,-6.36770479
61.06,25.55692619,-8.22841562,-5.76433844,-24.3802168,-7.69238232,9.94705326,-9.00098766,3.43476501,-1.95487707,-4.85840068,7.58266896,-6.21377217
61.065,25.14994693,-8.17322837,-5.71653145,-21.94190858,-7.36741016,10.54211623,-9.42723309,3.54200675,-1.92914573,-4.61697584,7.87713966,-6.04445872
61.07,24.74184586,-8.13885397,-5.64708075,-19.51886758,-7.05741898,11.08451004,-9.83008208,3.66563704,-1.88855133,-4.41040441,8.18996747,-5.87483393
61.075,24.32790885,-8.12959377,-5.56312049,-17.13021487,-6.74539079,11.57213548,-10.22797038,3.80735334,-1.83849962,-4.22481394,8.52538355,-5.69246067
61.08,23.93168212,-8.13951346,-5.46378857,-14.78710631,-6.4783801,12.00014349,-10.58129872,3.95867766,-1.76845829,-4.09636357,8.87262292,-5.52571387
61.085,23.54854577,-8.17321201,-5.3602958,-12.52178577,-6.21450807,12.3695941,-10.919968,4.12303008,-1.69213649,-3.99886831,9.24178484,-5.35623907
61.09,23.18617956,-8.22826866,-5.25614987,-10.35389042,-5.95950938,12.68534571,-11.24358464,4.29985267,-1.60500026,-3.93335405,9.63068009,-5.17807382
61.095,22.85487551,-8.30038858,-5.16286147,-8.3050532,-5.71632082,12.95036121,-11.54573423,4.48222117,-1.51477829,-3.90605238,10.04241269,-4.99857652
61.1,22.56002979,-8.38331158,-5.08240762,-6.3928087,-5.48425851,13.171711,-11.82935898,4.6677588,-1.41800288,-3.91636423,10.47687456,-4.81500114
61.105,22.30550229,-8.46807781,-5.02656111,-4.62863026,-5.26133611,13.35066951,-12.08858648,4.84572704,-1.3226554,-3.97375613,10.92702195,-4.6317651
61.11,22.08705062,-8.54733846,-5.0081982,-3.02186551,-5.04704965,13.50287989,-12.33575335,5.0108197,-1.23512173,-4.06907518,11.39888928,-4.42986091
61.115,21.9101656,-8.61083871,-5.02121053,-1.57940708,-4.84142645,13.6254083,-12.56324338,5.15549135,-1.14808527,-4.21014003,11.88433933,-4.22626971
61.12,21.77181341,-8.65132193,-5.08205156,-0.3096292,-4.64851637,13.73570209,-12.78024915,5.27434367,-1.08665493,-4.39171118,12.38738989,-4.00143595
61.125,21.67193041,-8.66110148,-5.19060893,0.78816887,-4.46330753,13.82673008,-12.98180859,5.35907346,-1.03171942,-4.61765547,12.89774245,-3.76463973
61.13,21.60919677,-8.63631665,-5.34366913,1.70763705,-4.29375565,13.91581685,-13.17455416,5.40910052,-1.00083357,-4.8858704,13.42192922,-3.50738171
61.135,21.58363513,-8.57308113,-5.54081046,2.44808094,-4.13989461,13.99710021,-13.35892274,5.42249674,-0.98921411,-5.19452007,13.9487462,-3.24680116
61.14,21.59299936,-8.46999429,-5.79216812,3.00730522,-4.00385334,14.07461696,-13.53052959,5.39317209,-1.00421342,-5.55813911,14.4723054,-2.9708618
61.145,21.63394495,-8.32084487,-6.08274389,3.39375653,-3.88606165,14.15728874,-13.69721879,5.31624833,-1.03807545,-5.95693587,15.00077838,-2.67142391
61.15,21.70834122,-8.12894934,-6.41649611,3.60128094,-3.79155161,14.23388434,-13.86109992,5.19630587,-1.09796586,-6.3943713,15.51584418,-2.37382049
61.155,21.80802426,-7.88537802,-6.77687695,3.63653125,-3.69928511,14.32532393,-14.03506722,5.02839893,-1.22883217,-6.86056991,16.01271451,-2.03037705
61.16,21.94061825,-7.62661659,-7.19227603,3.50465267,-3.67739622,14.38592458,-14.18498497,4.82577048,-1.32214439,-7.38863249,16.48381893,-1.72397669
61.165,22.09891237,-7.3330122,-7.63001846,3.21026149,-3.6770414,14.44408246,-14.33910966,4.58224885,-1.46452095,-7.94954248,16.92464032,-1.40676819
61.17,22.28256926,-7.00658585,-8.0879972,2.75078313,-3.70634485,14.49232559,-14.49562556,4.29677501,-1.64251847,-8.54831269,17.33582111,-1.06375302
61.175,22.48835455,-6.66436032,-8.55615126,2.14237674,-3.77879654,14.51309278,-14.65136498,3.98010629,-1.84703076,-9.18766643,17.69962452,-0.72694966
61.18,22.71402766,-6.30819981,-9.02077307,1.38980011,-3.88952333,14.50451685,-14.80646926,3.63304397,-2.07578587,-9.86877605,18.01663607,-0.3773466
61.185,22.95855236,-5.94704525,-9.47887874,0.50334184,-4.04796946,14.4510346,-14.95723704,3.26075714,-2.32735625,-10.59363214,18.27927976,-0.03782047
61.19,23.21498532,-5.58220096,-9.89669769,-0.50335162,-4.23835134,14.3498225,-15.1027137,2.86301859,-2.60122432,-11.37025865,18.48369424,0.32237197
61.195,23.48840287,-5.2279496,-10.30014297,-1.62268398,-4.49153584,14.18555713,-15.24049594,2.45258395,-2.89000061,-12.18704736,18.6278812,0.65618997
61.2,23.77148299,-4.88110937,-10.65142821,-2.83966741,-4.78136149,13.95171085,-15.36770148,2.02642386,-3.2018555,-13.0541202,18.71146529,1.00328268
61.205,24.06480028,-4.54820036,-10.96382816,-4.14180119,-5.11654838,13.65096318,-15.48497646,1.59163171,-3.52580058,-13.9591594,18.72192942,1.32171089
61.21,24.36078173,-4.22471611,-11.1941139,-5.51262425,-5.47847461,13.26933182,-15.57956793,1.14687769,-3.86531718,-14.93031293,18.66340756,1.6580282
61.215,24.65695988,-3.91492288,-11.34066227,-6.93617204,-5.85968647,12.81526983,-15.64930273,0.69698561,-4.2124556,-15.96356815,18.52892583,1.99134637
61.22,24.95311592,-3.61867208,-11.43230901,-8.40283108,-6.2569015,12.30563561,-15.69488236,0.24327633,-4.56733852,-17.04758287,18.31412182,2.30449798
61.225,25.24420828,-3.33453536,-11.45657359,-9.89627822,-6.66151248,11.74345053,-15.7099378,-0.2160481,-4.9316501,-18.18948848,18.02189069,2.60910812
61.23,25.52774837,-3.0608846,-11.41861552,-11.40460744,-7.05626796,11.13546283,-15.69224518,-0.67698157,-5.30309478,-19.38945572,17.65218188,2.9073123
61.235,25.79430294,-2.78847891,-11.30318729,-12.90075136,-7.42520782,10.49574871,-15.62778455,-1.14573099,-5.66198973,-20.66774921,17.20870184,3.20181718
61.24,26.03999331,-2.52153573,-11.15003098,-14.38280517,-7.75331199,9.86300314,-15.52350228,-1.62747538,-6.01703005,-22.0077051,16.67950446,3.47653959
61.245,26.26800317,-2.25434168,-10.95260068,-15.83698258,-8.04254319,9.21113094,-15.3685392,-2.11944522,-6.37179385,-23.41737571,16.07873033,3.74257818
61.25,26.47284667,-1.98327797,-10.71834544,-17.25071715,-8.2740837,8.56404793,-15.15973672,-2.62841663,-6.71255285,-24.89516436,15.40209064,3.99503032
61.255,26.65284695,-1.70839546,-10.46740145,-18.61705298,-8.43219202,7.93594296,-14.89376653,-3.15685808,-7.03555156,-26.44093529,14.65075409,4.22911039
61.26,26.80793188,-1.42717694,-10.19750462,-19.92973612,-8.52133289,7.32584655,-14.5661403,-3.70211448,-7.34051559,-28.05626576,13.83386038,4.43951162
61.265,26.94074441,-1.13839125,-9.91889465,-21.18290882,-8.53049549,6.7349913,-14.1704708,-4.26716257,-7.61624795,-29.73922405,12.95422418,4.62429735
61.27,27.05225906,-0.84451775,-9.64368553,-22.37695163,-8.45547958,6.16720379,-13.70500235,-4.8548779,-7.86245774,-31.48266868,12.0143784,4.7782519
61.275,27.14278814,-0.54379881,-9.37217741,-23.50514242,-8.29722752,5.62548177,-13.16684747,-5.45714176,-8.07070599,-33.2872106,11.02401987,4.89602881
61.28,27.2134072,-0.23546569,-9.10826846,-24.56869034,-8.0626223,5.10860983,-12.5565545,-6.08090376,-8.24076886,-35.13956191,9.98549631,4.97359235
61.285,27.26540964,0.07294405,-8.86749557,-25.56253242,-7.73970288,4.60961058,-11.8685628,-6.71513957,-8.36418128,-37.04338812,8.91505674,5.0096053
61.29,27.2987314,0.38811929,-8.64156722,-26.48977267,-7.35123395,4.13343873,-11.11071776,-7.36264629,-8.44109023,-38.9804897,7.81678398,5.00007241
61.295,27.31730148,0.70426085,-8.43580512,-27.34997756,-6.89375299,3.67081051,-10.28030344,-8.01429248,-8.4665838,-40.94443683,6.70698972,4.94317624
61.3,27.3230635,1.01628718,-8.25152755,-28.14581729,-6.37802145,3.21684586,-9.38030539,-8.66176526,-8.44043203,-42.92481153,5.59350125,4.83714259
61.305,27.30251742,1.33748536,-8.09032226,-28.86347076,-5.82550719,2.78432828,-8.42360106,-9.31330643,-8.3688558,-44.90869926,4.48096522,4.68462653
61.31,27.28945399,1.63457761,-7.93625615,-29.53476266,-5.20346239,2.33950769,-7.39545635,-9.92565646,-8.24258993,-46.88446418,3.40099321,4.48339489
61.315,27.21760826,1.95565365,-7.82688732,-30.10588984,-4.61188998,1.93737059,-6.34003083,-10.55845028,-8.07631446,-48.84404503,2.33617046,4.23728099
61.32,27.17869694,2.23433857,-7.70970405,-30.6497507,-3.93997972,1.50194804,-5.20691091,-11.11916414,-7.86141291,-50.77366152,1.32059163,3.94087129
61.325,27.08965873,2.52005128,-7.62078401,-31.10862129,-3.29129115,1.09524283,-4.05627069,-11.66892488,-7.61217416,-52.66532753,0.3554984,3.61205398
61.33,26.94542444,2.81326648,-7.57464658,-31.48438921,-2.68842915,0.72321431,-2.898691,-12.21163181,-7.33149073,-54.50937862,-0.55031079,3.25450683
61.335,26.8460804,3.05372329,-7.48261689,-31.8278315,-2.0163422,0.31149201,-1.66567795,-12.64692691,-7.01163732,-56.29222749,-1.390956,2.84304607
61.34,26.69829717,3.29122042,-7.43534446,-32.10705651,-1.39793974,-0.06626623,-0.44133085,-13.06251866,-6.68392597,-58.01084396,-2.15609956,2.42118015
61.345,26.48959174,3.52654437,-7.4204919,-32.31468281,-0.84072342,-0.4111817,0.76415362,-13.45520694,-6.34289007,-59.6585914,-2.83660073,1.9807571
61.35,26.30839189,3.71620118,-7.35101097,-32.47295613,-0.25033393,-0.77589937,2.01728973,-13.73930586,-5.98565404,-61.2188675,-3.44670537,1.50847036
61.355,26.04940316,3.91012675,-7.3435567,-32.5645326,0.23956203,-1.08453542,3.22185408,-14.01824358,-5.63131328,-62.69875461,-3.96033238,1.04264624
61.36,25.78402827,4.0701444,-7.3111514,-32.60224591,0.71999855,-1.39046234,4.43610733,-14.21812154,-5.27671506,-64.0832504,-4.40068012,0.55941779
61.365,25.48777282,4.20944741,-7.28039043,-32.59016356,1.1607669,-1.67079233,5.62471322,-14.36632329,-4.94103758,-65.36864902,-4.75277868,0.08620229
61.37,25.164147,4.32519013,-7.24683462,-32.52943131,1.55809852,-1.9244295,6.78992204,-14.45962936,-4.6250983,-66.55288737,-5.02521452,-0.38090638
61.375,24.80615685,4.42040827,-7.2101617,-32.41628121,1.91488919,-2.14896202,7.9200799,-14.50365779,-4.3329861,-67.6288387,-5.21766033,-0.82996713
61.38,24.43090601,4.48971058,-7.17180962,-32.26219512,2.22694222,-2.3438959,9.02890751,-14.49864796,-4.06855224,-68.5999643,-5.34480468,-1.26996829
61.385,24.0172778,4.53998515,-7.13129758,-32.05823996,2.497852,-2.50410121,10.09142009,-14.45242942,-3.8354119,-69.458107,-5.39845878,-1.67756573
61.39,23.47926302,4.57104182,-7.05894832,-31.81163609,2.79623557,-2.65538253,10.99488699,-14.36517698,-3.67136615,-70.18258267,-5.30722467,-1.94698598
61.395,23.0798129,4.58585058,-7.05246891,-31.50199616,2.90895381,-2.71254501,12.07402902,-14.25572988,-3.46851224,-70.82582895,-5.32301028,-2.39294374
61.4,22.60047347,4.56760157,-6.9954247,-31.18501098,3.0915707,-2.77865736,13.02122692,-14.09180508,-3.33859938,-71.34239057,-5.21130266,-2.70178299
61.405,22.01676281,4.53290789,-6.93837832,-30.81598044,3.24083328,-2.83131404,13.84174288,-13.90727565,-3.2564199,-71.73000885,-5.00210751,-2.91164898
61.41,21.44591511,4.49100618,-6.89305714,-30.40651284,3.32650964,-2.82824375,14.66508537,-13.71025767,-3.19289523,-72.01373438,-4.80396341,-3.11978897
61.415,20.87579911,4.43233987,-6.84510918,-29.96919043,3.3898808,-2.79123974,15.46791541,-13.49166912,-3.15584817,-72.18878164,-4.59705377,-3.30036922
61.42,20.28546019,4.35827084,-6.79621137,-29.49756188,3.43434129,-2.73053608,16.22674889,-13.25792337,-3.15555214,-72.25028848,-4.38149395,-3.43507847
61.425,19.69130196,4.27449636,-6.74180078,-29.01050356,3.46930099,-2.61821414,16.9599679,-13.00597203,-3.1604351,-72.21482773,-4.14580169,-3.53395856
61.43,19.0704755,4.17446727,-6.69652253,-28.4872652,3.49418706,-2.48282082,17.63781728,-12.74510696,-3.20421466,-72.06197569,-3.90615369,-3.57986737
61.435,18.42379985,4.05994075,-6.64921938,-27.94250087,3.51157173,-2.30898552,18.26315622,-12.47358881,-3.26999119,-71.80504279,-3.65933438,-3.57385914
61.44,17.71514578,3.94816849,-6.588364,-27.36961199,3.58651581,-2.03772174,18.78516739,-12.22243123,-3.39863723,-71.43228934,-3.41353102,-3.46754065
61.445,17.01124688,3.81906423,-6.55058063,-26.77388178,3.60558819,-1.81938776,19.29811171,-11.95285291,-3.51396778,-70.96844832,-3.19794789,-3.37800631
61.45,16.30090551,3.68606541,-6.50980556,-26.16264138,3.61894621,-1.58954346,19.77653217,-11.68156143,-3.64131714,-70.41000913,-3.00723027,-3.26370201
61.455,15.5795554,3.54830908,-6.47128606,-25.53574363,3.63281638,-1.34537584,20.216338,-11.4104238,-3.77884009,-69.76042593,-2.84591287,-3.1300972
61.46,14.84755047,3.40627641,-6.43683251,-24.89278902,3.64917896,-1.0883135,20.61865799,-11.14050744,-3.92502447,-69.02146859,-2.71762978,-2.98254418
61.465,14.11258719,3.26218722,-6.4103765,-24.23918288,3.66420837,-0.82668225,20.99324509,-10.87458806,-4.07736636,-68.203681,-2.62555115,-2.83493407
61.47,13.36948129,3.12048111,-6.38729488,-23.57836803,3.68759848,-0.55485377,21.32855927,-10.61515538,-4.23283273,-67.29883551,-2.56914756,-2.68810744
61.475,12.62455279,2.97818645,-6.36990955,-22.90795519,3.71462827,-0.28145841,21.6367036,-10.35913317,-4.38959346,-66.31933024,-2.55126635,-2.54921052
61.48,11.87915624,2.83896125,-6.35730004,-22.2318357,3.74618802,-0.0072492,21.9180306,-10.10923362,-4.54480949,-65.26727806,-2.56960161,-2.42502563
61.485,11.13215236,2.70441789,-6.35352237,-21.55089765,3.78109971,0.26948983,22.17183814,-9.86652598,-4.69611167,-64.14541497,-2.61913136,-2.3228479
61.49,10.38833433,2.57426772,-6.35602493,-20.8680812,3.82086538,0.54277531,22.40252981,-9.63143794,-4.84505617,-62.95675891,-2.70218748,-2.24205635
61.495,9.65206827,2.45334826,-6.36212544,-20.18409805,3.86679191,0.80835737,22.61503349,-9.40553551,-4.98564683,-61.70644702,-2.81120112,-2.18818637
61.5,8.91947942,2.33945948,-6.37608455,-19.49979011,3.91504642,1.07124666,22.80568961,-9.18767512,-5.12044045,-60.39404562,-2.94326878,-2.16206867
61.505,8.19501579,2.2387456,-6.39676829,-18.81568978,3.96846337,1.32648694,22.98191433,-8.98386674,-5.24496781,-59.02869841,-3.08901066,-2.16606426
61.51,7.47778989,2.14769379,-6.42386844,-18.13670567,4.02340524,1.57761077,23.13899873,-8.78799565,-5.36066851,-57.6057483,-3.24579401,-2.1982122
61.515,6.76998475,2.0678882,-6.45629269,-17.45823913,4.08142491,1.82089613,23.28216035,-8.60399428,-5.46876167,-56.13056137,-3.41004092,-2.25611023
61.52,6.06941333,2.00085759,-6.49262975,-16.78487352,4.1421502,2.06200697,23.40788711,-8.43056962,-5.5643537,-54.60438407,-3.57378653,-2.34050412
61.525,5.38645082,1.95173072,-6.53767878,-16.11665076,4.20414238,2.29072376,23.5268036,-8.27324448,-5.65070472,-53.02964667,-3.72547958,-2.44120208
61.53,4.70989586,1.91033979,-6.57858866,-15.45289333,4.26463758,2.52098157,23.62874586,-8.12179891,-5.72405291,-51.40606725,-3.87089436,-2.56038021
61.535,4.04313346,1.8902395,-6.64213102,-14.79649881,4.33694874,2.74558536,23.71387568,-7.99475294,-5.79861349,-49.73636832,-3.9916899,-2.69543646
61.54,3.39545734,1.88361797,-6.70101933,-14.14752147,4.40520903,2.96365746,23.79303405,-7.87666363,-5.85860597,-48.02103957,-4.09008218,-2.82900562
61.545,2.7599585,1.89124868,-6.7601774,-13.50500214,4.47400168,3.18075839,23.8589,-7.77082786,-5.90814451,-46.26042696,-4.1612252,-2.96172553
61.55,2.13735026,1.91628958,-6.8194488,-12.87219832,4.54943064,3.39530149,23.91068285,-7.68159156,-5.95147292,-44.45589215,-4.20514408,-3.08554987
61.555,1.53231696,1.95402271,-6.8686002,-12.24871601,4.61916178,3.61258024,23.95139601,-7.59878439,-5.97516982,-42.60599367,-4.2114524,-3.18953857
61.56,0.9326753,2.01087857,-6.94232525,-11.63277352,4.7081864,3.82863927,23.97155123,-7.54342371,-6.01270115,-40.71539205,-4.17798982,-3.27795139
61.565,0.47072343,2.08978886,-6.99315101,-11.04356096,4.73187703,3.94477281,24.1029393,-7.49722774,-6.01178786,-38.80127454,-4.05675863,-3.3037279
61.57,-0.20836509,2.16113609,-7.03098157,-10.4391698,4.87942118,4.26169563,23.97260718,-7.45861009,-6.04574967,-36.80398856,-4.01406509,-3.34383664
61.575,-0.76487863,2.26591457,-7.10309647,-9.85766069,4.98748582,4.49319871,23.94896918,-7.4469683,-6.05579541,-34.79659881,-3.86306242,-3.31426459
61.58,-1.29294073,2.37681145,-7.12931459,-9.29618865,5.09035228,4.72124188,23.91473676,-7.44282889,-6.0558456,-32.74914412,-3.70039614,-3.23186001
61.585,-1.81651518,2.50473082,-7.16050909,-8.74660176,5.21072842,4.95822012,23.85510583,-7.45849068,-6.05472334,-30.67054012,-3.50286572,-3.09976743
61.59,-2.32559931,2.6459237,-7.18499088,-8.21560849,5.34739816,5.20082235,23.779467,-7.49241668,-6.05262763,-28.5676014,-3.2839769,-2.91442367
61.595,-2.82203265,2.80099661,-7.19770723,-7.70399606,5.49871245,5.4539621,23.68454633,-7.54451894,-6.04368612,-26.44348011,-3.04807454,-2.67365089
61.6,-3.305948,2.97068378,-7.2020089,-7.20974299,5.6729024,5.71006537,23.57882137,-7.6156248,-6.03094132,-24.31258865,-2.80257208,-2.38574167
61.605,-3.77166696,3.14743453,-7.19142828,-6.74791443,5.85878973,5.98015458,23.45486159,-7.7047479,-6.01521173,-22.17532771,-2.56174932,-2.0430378
61.61,-4.22894381,3.33812194,-7.16606256,-6.30583695,6.07278102,6.26115052,23.32019573,-7.81384515,-5.9935747,-20.05029429,-2.32710486,-1.65598955
61.615,-4.68003287,3.53792891,-7.13163165,-5.89505937,6.31478141,6.55971673,23.16902854,-7.94113175,-5.95738313,-17.94906445,-2.09029578,-1.23081559
61.62,-5.05335119,3.73546956,-7.07265939,-5.51746747,6.5130233,6.80510777,23.06741745,-8.07701594,-5.92368666,-15.87106281,-1.97125747,-0.83959797
61.625,-5.52406835,3.94948099,-7.01995743,-5.16638878,6.86605464,7.18207549,22.86532886,-8.24906003,-5.90528104,-13.86672612,-1.72381226,-0.30440355
61.63,-5.92777019,4.15860029,-6.94629571,-4.85831536,7.18576582,7.51939152,22.71022403,-8.42566179,-5.87617641,-11.92197744,-1.59566064,0.19035452
61.635,-6.31617378,4.37634715,-6.8620111,-4.59654413,7.53748493,7.87271546,22.56475046,-8.624756,-5.83512205,-10.07494532,-1.49220791,0.69071128
61.64,-6.68999901,4.58347289,-6.77625875,-4.37786782,7.92605308,8.24689528,22.42992317,-8.82807469,-5.79598074,-8.3339697,-1.40910082,1.19261378
61.645,-7.0424066,4.78212789,-6.6877554,-4.20581135,8.3464927,8.62484603,22.31868137,-9.035604,-5.75605104,-6.71705119,-1.3612431,1.67275972
61.65,-7.38123454,4.96667474,-6.60451088,-4.09027598,8.79895664,9.0328111,22.2216916,-9.24267373,-5.71186396,-5.23568368,-1.32939421,2.14248816
61.655,-7.69614565,5.12792104,-6.52884544,-4.03175684,9.28250633,9.44314876,22.15058425,-9.43989373,-5.67193,-3.89759303,-1.3283283,2.57417839
61.66,-7.99889307,5.25745556,-6.46642591,-4.02881468,9.7929802,9.89052323,22.09834823,-9.61673329,-5.63321924,-2.71253198,-1.34049202,2.9821798
61.665,-8.2810055,5.35613981,-6.42034523,-4.09065314,10.32979447,10.3554106,22.06865486,-9.77413353,-5.59794067,-1.68430406,-1.37716599,3.34859214
61.67,-8.53871967,5.41638516,-6.38810652,-4.21622614,10.89733919,10.81724462,22.06634824,-9.90341863,-5.572289,-0.81708439,-1.43874244,3.6592556
61.675,-8.77825851,5.4374939,-6.38331847,-4.41157681,11.4786392,11.31045636,22.08370531,-10.00188536,-5.54510997,-0.11350137,-1.51546666,3.92719332
61.68,-8.99679276,5.41574434,-6.40268935,-4.67650837,12.07368479,11.80873587,22.12496982,-10.06586395,-5.52395392,0.42174717,-1.61137527,4.13735874
61.685,-9.19568502,5.34995078,-6.46535288,-5.01838753,12.68051004,12.35733391,22.1838756,-10.09249524,-5.5067293,0.79357285,-1.72599603,4.29871035
61.69,-9.36189692,5.22538902,-6.53964839,-5.45036471,13.29129866,12.88361711,22.27139381,-10.06967387,-5.48943581,0.98679285,-1.85771745,4.39032533
61.695,-9.5134901,5.06187043,-6.64949835,-5.94009026,13.90637615,13.43284974,22.37868083,-10.01164751,-5.47046422,1.02457904,-2.00831075,4.42305698
61.7,-9.64064106,4.85526508,-6.80125558,-6.51406054,14.5153318,13.99760507,22.50584375,-9.91512959,-5.44391487,0.90232744,-2.18082818,4.39424628
61.705,-9.73961331,4.59901068,-6.9683127,-7.16938094,15.10520839,14.54631982,22.65560442,-9.77752178,-5.41847992,0.62290146,-2.36945007,4.29930269
61.71,-9.81455384,4.29951374,-7.17088137,-7.90508179,15.67948056,15.10253945,22.82986248,-9.6008319,-5.38107282,0.18373851,-2.57973732,4.14209001
61.715,-9.86003345,3.95706993,-7.39794119,-8.7268382,16.2286429,15.64883284,23.02506529,-9.38948551,-5.34131013,-0.40180334,-2.80899463,3.92183573
61.72,-9.87941317,3.57554716,-7.6532822,-9.62877689,16.74008647,16.18081194,23.24341776,-9.14494566,-5.2905136,-1.13191154,-3.05459431,3.64320494
61.725,-9.86661818,3.15484073,-7.92945937,-10.61618487,17.21032375,16.71270486,23.48330566,-8.87024865,-5.2325511,-1.99327002,-3.32060244,3.30211123
61.73,-9.82303849,2.70115554,-8.2176181,-11.68793526,17.62722244,17.21966363,23.7426101,-8.57227734,-5.16702413,-2.97885735,-3.60023793,2.9108695
61.735,-9.74630497,2.21689227,-8.51223208,-12.84174782,17.98120116,17.70606328,24.02004417,-8.2550658,-5.09384396,-4.07697496,-3.89339617,2.47261995
61.74,-9.63167086,1.70325135,-8.80697631,-14.08403793,18.27381467,18.16374198,24.31242867,-7.92088103,-5.01826096,-5.27412119,-4.19401531,1.9937665
61.745,-9.48020142,1.16490831,-9.09958665,-15.40163158,18.47909398,18.59693702,24.62155789,-7.57088012,-4.92578012,-6.55701856,-4.49773576,1.47157754
61.75,-9.28959035,0.61048859,-9.3539377,-16.81230278,18.61604246,18.97999321,24.92907348,-7.22945918,-4.86619408,-7.9130052,-4.80226131,0.95379966
61.755,-9.05692855,0.03302796,-9.59349092,-18.29976007,18.6675446,19.32261125,25.24084126,-6.88061856,-4.81080756,-9.32408628,-5.08779957,0.41528523
61.76,-8.78401968,-0.55864384,-9.7993004,-19.86166743,18.61155254,19.61744504,25.54817922,-6.53478463,-4.76826418,-10.77559751,-5.34775696,-0.12258668
61.765,-8.45388434,-1.15945305,-9.95256723,-21.50447168,18.44330037,19.88169141,25.85406292,-6.19240059,-4.70716739,-12.24543563,-5.60147235,-0.66759345
61.77,-8.08602322,-1.77128389,-10.05853353,-23.2139805,18.17760453,20.0798192,26.13664355,-5.86450293,-4.70020485,-13.72370096,-5.805595,-1.17838097
61.775,-7.65897993,-2.39407611,-10.11112171,-24.9984856,17.80111587,20.23182348,26.40428937,-5.54581578,-4.7128734,-15.19181187,-5.97017266,-1.67656209
61.78,-7.18117004,-3.02213416,-10.10552886,-26.84595759,17.30951434,20.32761945,26.64933838,-5.2397233,-4.75345336,-16.64040204,-6.07883583,-2.14332106
61.785,-6.64625647,-3.65612142,-10.0354784,-28.75478399,16.7056479,20.37303448,26.86759134,-4.9468295,-4.82285105,-18.05286129,-6.13038559,-2.57555618
61.79,-6.05661931,-4.29491571,-9.89951338,-30.71743394,15.98601468,20.370154,27.05634063,-4.66454296,-4.9238287,-19.42240277,-6.11819125,-2.96821057
61.795,-5.39787317,-4.93233596,-9.7065601,-32.73315413,15.16216515,20.30956414,27.22366848,-4.39633035,-5.04715913,-20.7376181,-6.02899954,-3.3324931
61.8,-4.68202623,-5.56717022,-9.44419595,-34.78648715,14.23100307,20.20430941,27.3636574,-4.13784547,-5.19955562,-22.00068891,-5.86861187,-3.65333149
61.805,-3.90534143,-6.19701529,-9.1215266,-36.87184014,13.20213574,20.05239007,27.47658803,-3.89098668,-5.37863565,-23.20330637,-5.62884621,-3.93635275
61.81,-3.06845423,-6.81853715,-8.74083886,-38.98132712,12.0850765,19.85540615,27.56248666,-3.65326579,-5.58068713,-24.34047936,-5.31183295,-4.17946507
61.815,-2.18283905,-7.43119175,-8.30767787,-41.101238,10.88551594,19.62493066,27.61180857,-3.42212499,-5.80704361,-25.40683704,-4.92611353,-4.38432014
61.82,-1.23810141,-8.02297567,-7.82136694,-43.22451322,9.62623748,19.34534936,27.63991006,-3.20185146,-6.05419266,-26.4059127,-4.46763487,-4.55295758
61.825,-0.2325045,-8.58624553,-7.29217611,-45.33978715,8.34560481,19.01285224,27.65758839,-2.99433563,-6.30377379,-27.34579386,-3.88801201,-4.7002678
61.83,0.77672709,-9.14543216,-6.72432868,-47.42985452,6.98771244,18.68724288,27.59121608,-2.77732523,-6.57562595,-28.18098366,-3.35176836,-4.79504588
61.835,1.85111884,-9.65890808,-6.12421799,-49.49458446,5.6474627,18.29339482,27.5345923,-2.58140441,-6.85526175,-28.96959291,-2.68110562,-4.87770196
61.84,2.90916365,-10.159022,-5.50348713,-51.51278977,4.27855336,17.91557142,27.38800652,-2.36722378,-7.13778887,-29.64664328,-2.06548056,-4.93277019
61.845,4.03264557,-10.59881002,-4.86295255,-53.48872866,2.97124844,17.46359719,27.26593333,-2.18529712,-7.42277551,-30.29081816,-1.3060108,-4.97387947
61.85,5.1393203,-11.02064482,-4.21007881,-55.40602609,1.68070105,17.00711708,27.06270096,-1.98741823,-7.70441932,-30.83127157,-0.59858427,-5.00426218
61.855,6.25431354,-11.40198021,-3.55178601,-57.26044352,0.43927254,16.52494731,26.82249976,-1.79315322,-7.98142893,-31.29724381,0.11522623,-5.02253425
61.86,7.37396539,-11.73942122,-2.88988518,-59.04643349,-0.74040012,16.02072149,26.54326636,-1.59991541,-8.24094309,-31.6820616,0.82795114,-5.02570293
61.865,8.47692112,-12.03859805,-2.24755321,-60.75648483,-1.83591286,15.50299199,26.21800943,-1.40669492,-8.48741354,-31.99782034,1.52643432,-5.04023634
61.87,9.57393758,-12.29379446,-1.61492966,-62.38855947,-2.85281841,14.95889107,25.8559085,-1.21617132,-8.71919023,-32.23834548,2.20268151,-5.04979683
61.875,10.64922453,-12.51040819,-1.00363316,-63.93778705,-3.77741397,14.39384345,25.44755734,-1.02347299,-8.93215983,-32.40395918,2.84099565,-5.07101439
61.88,11.70300656,-12.68573597,-0.41901282,-65.40025243,-4.60849933,13.80746997,24.99974553,-0.83181608,-9.12408917,-32.49809552,3.44100612,-5.10054404
61.885,12.72028959,-12.8454528,0.12709633,-66.77651981,-5.3499376,13.21984762,24.49771383,-0.62467646,-9.30265078,-32.51577505,3.95122666,-5.13746992
61.89,13.71672526,-12.94658189,0.64351674,-68.0578993,-5.9869925,12.59781663,23.97459508,-0.4326567,-9.44557472,-32.47840277,4.4560531,-5.19196826
61.895,14.67988072,-13.01320019,1.11547644,-69.24610957,-6.52409116,11.96591773,23.41385372,-0.24114981,-9.56041158,-32.37324222,4.90218854,-5.25617784
61.9,15.61438709,-13.03873287,1.54290584,-70.33791555,-6.9742885,11.30119761,22.82824986,-0.06053469,-9.64901964,-32.21409603,5.30495255,-5.33017078
61.905,16.50714596,-13.03753046,1.92044181,-71.33234268,-7.33342118,10.63439216,22.20761389,0.12135296,-9.70821833,-31.99400387,5.64562168,-5.41665225
61.91,17.36407789,-13.01107471,2.24555871,-72.22931431,-7.61806027,9.94214702,21.56067925,0.2961746,-9.74499073,-31.72596873,5.93052232,-5.5147842
61.915,18.17596634,-12.9687946,2.51543832,-73.02203407,-7.80946355,9.2669172,20.87668436,0.47603125,-9.75174424,-31.38589278,6.15119435,-5.61699948
61.92,18.95359648,-12.89714231,2.73392886,-73.7243827,-7.95589985,8.54981697,20.18219168,0.63952216,-9.73329577,-31.02814958,6.32440585,-5.73345679
61.925,19.68488528,-12.80226318,2.88944225,-74.31723339,-8.04334308,7.83602959,19.46021858,0.7922746,-9.68596563,-30.60970748,6.45354252,-5.85990368
61.93,20.37617013,-12.69855995,2.99162582,-74.81706015,-8.07553972,7.12770133,18.720524,0.9406449,-9.61348687,-30.15972957,6.53224206,-5.98907932
61.935,21.02703331,-12.5859889,3.03989388,-75.22019638,-8.06249859,6.42573334,17.96326517,1.08262033,-9.51730627,-29.67401609,6.56572216,-6.11861402
61.94,21.63363079,-12.46104191,3.03221769,-75.52427802,-8.02175309,5.73085588,17.18949782,1.21269694,-9.3955686,-29.15665531,6.56364287,-6.25420484
61.945,22.20104158,-12.33197415,2.97334262,-75.73501864,-7.94866666,5.05773551,16.40284976,1.33316661,-9.25513018,-28.61145416,6.53274583,-6.38860103
61.95,22.73090754,-12.20085801,2.86345257,-75.85065534,-7.85727459,4.41082755,15.60638419,1.44345233,-9.0952614,-28.03999362,6.47301823,-6.51549035
61.955,23.22451654,-12.06797509,2.70867074,-75.87738582,-7.74831055,3.79595469,14.80175519,1.542364,-8.92062449,-27.44830362,6.39555156,-6.63580674
61.96,23.6795482,-11.93523123,2.50783822,-75.8126036,-7.64021043,3.21193336,13.98898757,1.62919673,-8.73034535,-26.8371983,6.29990574,-6.74982056
61.965,24.10644317,-11.80815152,2.2686754,-75.66375514,-7.52583579,2.67622168,13.17601464,1.70648609,-8.53317381,-26.21082288,6.19466331,-6.84587655
61.97,24.49774569,-11.6846072,1.99032546,-75.4295247,-7.42349579,2.1822405,12.35757416,1.77257929,-8.32444195,-25.57088373,6.0815726,-6.93064042
61.975,24.85970088,-11.56697053,1.68061374,-75.11444469,-7.32923877,1.73806805,11.53966426,1.82893791,-8.11142445,-24.92191706,5.96575367,-7.0002631
61.98,25.1925052,-11.45413196,1.34063938,-74.72043851,-7.24949168,1.34749012,10.72200913,1.87415488,-7.89499858,-24.26452533,5.84997682,-7.05362855
61.985,25.49535668,-11.3517948,0.9732782,-74.24889962,-7.19106605,1.01102979,9.90473949,1.91190256,-7.67670254,-23.60127823,5.73716999,-7.09101261
61.99,25.77452573,-11.25451706,0.588266,-73.70559885,-7.15132754,0.73308796,9.09129522,1.94279392,-7.45349185,-22.93348948,5.63134959,-7.10695214
61.995,26.02079792,-11.17108134,0.17112701,-73.08587577,-7.13667205,0.51362979,8.27916694,1.96386969,-7.24394302,-22.2652439,5.53152263,-7.10973479
62,26.24761187,-11.09363305,-0.25904364,-72.39591879,-7.1435874,0.35956659,7.47755343,1.9777148,-7.04099641,-21.5978977,5.43594285,-7.08837605
62.005,26.45073996,-11.02458765,-0.70388028,-71.64403412,-7.17961616,0.26689299,6.67537092,1.98675538,-6.83462758,-20.927629,5.35247182,-7.05012326
62.01,26.61708065,-10.95658203,-1.14620496,-70.82322199,-7.23422115,0.22930494,5.86636191,1.99646623,-6.61708367,-20.25808032,5.30123318,-7.00746013
62.015,26.7710495,-10.90231971,-1.60471605,-69.93886345,-7.30934389,0.25729517,5.07583725,2.00063214,-6.42629008,-19.59519452,5.25450751,-6.93875236
62.02,26.8958745,-10.85552317,-2.07281952,-68.98945033,-7.40254403,0.34428107,4.28555177,2.00138247,-6.24274789,-18.93587294,5.21784908,-6.85158351
62.025,27.01014301,-10.81357089,-2.53949554,-67.98237243,-7.50995271,0.48782379,3.51137014,2.00279112,-6.07227643,-18.28132227,5.20283135,-6.7499776
62.03,27.10113436,-10.77680712,-3.0100704,-66.91308664,-7.63378463,0.68867331,2.74363607,2.00214758,-5.91055182,-17.63376497,5.19925013,-6.63030091
62.035,27.16944957,-10.74407329,-3.48056655,-65.78442765,-7.76593378,0.94151193,1.98310725,2.00210691,-5.76079854,-16.99321113,5.21069101,-6.49523999
62.04,27.22073098,-10.7153173,-3.94989896,-64.59717947,-7.90425608,1.24295357,1.23288219,2.00362646,-5.62413823,-16.36154818,5.23839946,-6.3461765
62.045,27.25596821,-10.68713575,-4.41662085,-63.35119459,-8.0503804,1.59241841,0.49686464,2.00543518,-5.49913473,-15.73937865,5.27980843,-6.18330095
62.05,27.27614768,-10.66075629,-4.87741779,-62.04849585,-8.19639017,1.98207279,-0.22414838,2.01100461,-5.3883881,-15.12971168,5.33545235,-6.00948318
62.055,27.27264932,-10.62951423,-5.33780063,-60.68695375,-8.34267972,2.41884742,-0.93822966,2.01341459,-5.28674782,-14.52837016,5.40086657,-5.81805147
62.06,27.25399486,-10.59729495,-5.79325121,-59.26865514,-8.47821704,2.88910564,-1.63541563,2.01902978,-5.1973472,-13.94231246,5.4898222,-5.62244827
62.065,27.22130705,-10.55806525,-6.23204804,-57.79179961,-8.60399512,3.38865271,-2.31926853,2.03000565,-5.11361119,-13.36423405,5.58068492,-5.40882844
62.07,27.17410748,-10.51410456,-6.67255776,-56.25650591,-8.72216557,3.9218398,-2.98186906,2.03865266,-5.04241673,-12.80473707,5.69103631,-5.19424634
62.075,27.10907635,-10.46289567,-7.10533635,-54.66230653,-8.82305816,4.48195451,-3.62926314,2.04931021,-4.98291953,-12.25920045,5.80899774,-4.96910776
62.08,27.02838723,-10.40291478,-7.53057479,-53.00859117,-8.90425615,5.06635922,-4.25800032,2.06118714,-4.92970493,-11.72992787,5.9407139,-4.73883796
62.085,26.93819758,-10.33818697,-7.96075125,-51.29541617,-8.97319513,5.6700909,-4.85624457,2.07276689,-4.90069287,-11.22434634,6.08562734,-4.51760936
62.09,26.82333182,-10.24827109,-8.35990873,-49.52074311,-9.00459848,6.30010517,-5.45010932,2.08364781,-4.84632847,-10.72569713,6.23094624,-4.26906527
62.095,26.68463034,-10.15251805,-8.76425615,-47.68421685,-9.00358551,6.94963608,-6.02572402,2.09449179,-4.81420531,-10.24941909,6.38995598,-4.01811558
62.1,26.53905785,-10.04488074,-9.16338095,-45.78867818,-8.98609239,7.61323049,-6.56819132,2.10498422,-4.78756091,-9.79685419,6.56640404,-3.78204062
62.105,26.36663778,-9.91480744,-9.54606814,-43.82641799,-8.9141263,8.28189586,-7.09908437,2.11259363,-4.76839467,-9.35899893,6.7280792,-3.52595625
62.11,26.19468459,-9.78301186,-9.92663137,-41.81175519,-8.85722281,8.98102575,-7.58599232,2.12599561,-4.72998811,-8.95196537,6.94611514,-3.31082699
62.115,25.99305787,-9.61991298,-10.29209866,-39.72541839,-8.7500502,9.69056626,-8.05775327,2.129398,-4.70066995,-8.56748256,7.13945204,-3.0800523
62.12,25.7700472,-9.44726552,-10.64700812,-37.58463265,-8.6022375,10.40512281,-8.51024751,2.13607911,-4.67156681,-8.20367454,7.3459006,-2.85045296
62.125,25.51773717,-9.26805144,-11.00012372,-35.39102274,-8.40404645,11.12876157,-8.95157032,2.14599142,-4.65336675,-7.85935417,7.56415505,-2.61797252
62.13,25.25080162,-9.07318969,-11.328937,-33.14593703,-8.19274271,11.86100746,-9.36543956,2.15877845,-4.61694593,-7.54660214,7.79587125,-2.39343435
62.135,24.97074515,-8.86572467,-11.64121074,-30.85585072,-7.95332348,12.58228649,-9.75467714,2.1737109,-4.58308057,-7.25749548,8.03263642,-2.1809811
62.14,24.65783383,-8.66344626,-11.94885442,-28.53286755,-7.67310815,13.31886082,-10.14489445,2.19973859,-4.54480101,-6.98392619,8.29341297,-1.95880866
62.145,24.347599,-8.44555622,-12.21069072,-26.17704456,-7.40695125,14.02745247,-10.49300129,2.22927341,-4.4893249,-6.75094569,8.55563978,-1.75802181
62.15,24.01854915,-8.23121161,-12.45704129,-23.80835424,-7.1118304,14.72538369,-10.83603377,2.26975808,-4.42940971,-6.53765456,8.83398157,-1.55590312
62.155,23.68741555,-8.01818619,-12.66621329,-21.43535235,-6.82514568,15.3919181,-11.15589601,2.32125417,-4.35627767,-6.35378083,9.12419157,-1.36428808
62.16,23.33382882,-7.81307924,-12.837343,-19.08049338,-6.47808604,16.01845183,-11.49014268,2.38835222,-4.28865506,-6.18486298,9.42513177,-1.15882033
62.165,23.02101131,-7.61896824,-12.97357137,-16.74267015,-6.25736409,16.59032298,-11.7517893,2.46590843,-4.17998889,-6.07163318,9.74078819,-0.9965335
62.17,22.68737304,-7.44049869,-13.07227594,-14.45726192,-5.97318617,17.12479415,-12.03545845,2.55883716,-4.07355431,-5.97282476,10.07119047,-0.81313208
62.175,22.36796655,-7.2746514,-13.12685286,-12.24362124,-5.70322623,17.59200336,-12.30758178,2.66320363,-3.95886916,-5.90067899,10.41430691,-0.63430554
62.18,22.07565841,-7.13819382,-13.12406799,-10.12322103,-5.44431398,17.97771088,-12.56067564,2.79302443,-3.83730905,-5.85830567,10.76113115,-0.46827444
62.185,21.81205858,-7.01629695,-13.09460902,-8.11663971,-5.20682668,18.2970549,-12.78962493,2.92296051,-3.70157383,-5.86234643,11.12542919,-0.31058071
62.19,21.57239098,-6.9141774,-13.02215951,-6.24149246,-4.96012626,18.55808648,-13.026087,3.0657693,-3.56534665,-5.87692987,11.49880359,-0.13877243
62.195,21.39400314,-6.83511435,-12.88107613,-4.51668194,-4.7420542,18.70416833,-13.21930839,3.223873,-3.40516713,-5.94541607,11.89097498,-0.06493136
62.2,21.22635552,-6.77055459,-12.7538384,-2.93967673,-4.51879186,18.81643821,-13.41905805,3.36556557,-3.2413111,-6.0453928,12.27777979,0.07896572
62.205,21.07054109,-6.69149944,-12.63463379,-1.50768539,-4.30165938,18.88669622,-13.62513597,3.47085985,-3.11682312,-6.1738249,12.66567349,0.31797858
62.21,20.96440267,-6.62771349,-12.46922512,-0.25400826,-4.09496451,18.87400149,-13.8081383,3.57854203,-2.96857897,-6.35481893,13.06345793,0.47001315
62.215,20.89653009,-6.57871489,-12.28906986,0.82006042,-3.89790579,18.84112324,-13.99432446,3.69037384,-2.81572652,-6.55868675,13.45103726,0.53710343
62.22,20.84300983,-6.49233853,-12.13689902,1.74575037,-3.73114485,18.69193108,-14.15879237,3.72467092,-2.68542703,-6.8224455,13.85567257,0.78665405
62.225,20.82448468,-6.40814725,-11.97210696,2.48694043,-3.57345861,18.53232463,-14.33210989,3.75391682,-2.57202381,-7.10920303,14.2514435,0.97805108
62.23,20.8320991,-6.31211933,-11.81661548,3.05392699,-3.43713086,18.33449566,-14.50036307,3.74995477,-2.46559844,-7.43984764,14.63847754,1.16573228
62.235,20.86492973,-6.20005358,-11.66702901,3.45080595,-3.32803447,18.10090979,-14.66620337,3.71183757,-2.37830136,-7.80943803,15.01521832,1.36832733
62.24,20.91419634,-6.07571911,-11.53966511,3.68572274,-3.21665045,17.87721969,-14.83993268,3.64496145,-2.29011394,-8.20527492,15.36939857,1.51041746
62.245,20.99978495,-5.92127602,-11.40093488,3.73581673,-3.18921712,17.5549057,-14.98538524,3.52418623,-2.25834904,-8.68718323,15.70710367,1.78514766
62.25,21.10183877,-5.74792885,-11.29750884,3.61388991,-3.1195582,17.31143099,-15.15646847,3.37152043,-2.20426196,-9.17106285,16.00669213,1.90479932
62.255,21.22333951,-5.57388313,-11.1815645,3.36225413,-3.18286078,16.91292856,-15.28904858,3.19073422,-2.2309871,-9.74638601,16.29098852,2.23378901
62.26,21.37297229,-5.36989355,-11.07960567,2.93524146,-3.23577032,16.55082412,-15.43392195,2.97106703,-2.2700721,-10.34283927,16.53826966,2.4834528
62.265,21.54045932,-5.15550774,-10.99169112,2.36355484,-3.33281315,16.17220951,-15.57114493,2.71834545,-2.32397951,-10.98707839,16.74038099,2.72753966
62.27,21.7317731,-4.92705297,-10.90168502,1.64882192,-3.48045045,15.76224834,-15.69684464,2.4388341,-2.41561281,-11.68538483,16.8946135,2.99229585
62.275,21.94420298,-4.6903901,-10.81325052,0.80049704,-3.67324835,15.32936505,-15.81100978,2.13238791,-2.53500133,-12.4335815,16.9989772,3.26128181
62.28,22.17707629,-4.44567998,-10.72442894,-0.17072697,-3.91062502,14.86956988,-15.91086207,1.80164185,-2.68435168,-13.23394272,17.04970523,3.53543222
62.285,22.43000184,-4.19998437,-10.62266882,-1.2577909,-4.192172,14.38648025,-15.99093196,1.4546553,-2.86268784,-14.09343349,17.03695989,3.81798998
62.29,22.70125313,-3.95307922,-10.51743466,-2.44669602,-4.51413869,13.87723669,-16.05050036,1.09121966,-3.06728675,-15.00954747,16.96356941,4.1024499
62.295,22.98838254,-3.70786927,-10.41521561,-3.72843643,-4.87077128,13.34908636,-16.08761384,0.71392136,-3.29879628,-15.9813886,16.8217799,4.38148964
62.3,23.28994666,-3.46663699,-10.29144497,-5.08735684,-5.25385334,12.7954127,-16.09340039,0.32761088,-3.55250816,-17.01970001,16.60994695,4.66586523
62.305,23.60133366,-3.23204091,-10.16547329,-6.51094855,-5.65443366,12.23031356,-16.06913305,-0.06544445,-3.82609044,-18.11975428,16.32457924,4.9414781
62.31,23.91795418,-3.00420928,-10.03427673,-7.9823714,-6.05704021,11.65402094,-16.00919476,-0.46828624,-4.11845497,-19.28298161,15.9540556,5.20989008
62.315,24.239058,-2.78252995,-9.88086873,-9.48861817,-6.45757534,11.06255576,-15.9039126,-0.87418456,-4.41694224,-20.52171768,15.51398703,5.46930631
62.32,24.5576548,-2.57001841,-9.73170786,-11.01450012,-6.83864658,10.47135556,-15.75660699,-1.28635827,-4.72565403,-21.82439417,14.98693853,5.71173405
62.325,24.86792376,-2.36412242,-9.58019613,-12.54479486,-7.19260905,9.88500207,-15.56206371,-1.70365832,-5.03601281,-23.19835274,14.37959844,5.93181451
62.33,25.17082841,-2.16586675,-9.43370275,-14.07033267,-7.51009138,9.29738326,-15.31626556,-2.1301323,-5.35318643,-24.63850028,13.68305467,6.1285224
62.335,25.45752538,-1.96919829,-9.28569677,-15.56928675,-7.77262378,8.7204811,-15.01346648,-2.56572691,-5.65614438,-26.15201436,12.90138123,6.29684439
62.34,25.72696562,-1.77673307,-9.14619528,-17.0370372,-7.97486983,8.15687802,-14.65356937,-3.012966,-5.95391978,-27.73268509,12.03289721,6.43152445
62.345,25.9817768,-1.58440466,-9.00876042,-18.46512739,-8.11335299,7.59946634,-14.22807543,-3.4737896,-6.23608277,-29.38238729,11.08396363,6.5265955
62.35,26.21827746,-1.39069285,-8.87496003,-19.84207883,-8.17878166,7.05286521,-13.73533032,-3.95020602,-6.49834906,-31.09599351,10.05639891,6.57800568
62.355,26.43532242,-1.19412634,-8.7538284,-21.16624595,-8.16266601,6.52121637,-13.17596691,-4.44209338,-6.73682897,-32.87047359,8.95301248,6.5861341
62.36,26.63010716,-0.99440847,-8.64395569,-22.4236895,-8.06474874,6.00383516,-12.54589659,-4.94869047,-6.95630151,-34.70314518,7.78261025,6.54470027
62.365,26.82453845,-0.78677722,-8.53075804,-23.63653679,-7.89128704,5.48625141,-11.8385227,-5.46889738,-7.12663482,-36.58059064,6.55490257,6.44132089
62.37,26.98709702,-0.57357686,-8.43194448,-24.77015117,-7.62493622,4.98802605,-11.06364923,-6.00584227,-7.27041741,-38.50659009,5.28287776,6.29769708
62.375,27.12947747,-0.35037128,-8.34302329,-25.8379542,-7.29536106,4.50261527,-10.22505323,-6.55709013,-7.37910456,-40.46185925,3.97003171,6.10061219
62.38,27.25997345,-0.12249146,-8.26063531,-26.83964829,-6.88649599,4.01509051,-9.31430793,-7.11319876,-7.44225396,-42.44102826,2.63764795,5.84667914
62.385,27.3636835,0.11716399,-8.19024782,-27.76800042,-6.42368145,3.54183218,-8.34944245,-7.67955279,-7.47034014,-44.43168355,1.29544384,5.54636746
62.39,27.45080007,0.35955848,-8.12330886,-28.62838284,-5.89355837,3.06515512,-7.3243486,-8.24064942,-7.45132493,-46.42250628,-0.03596013,5.19586558
62.395,27.5058212,0.616069,-8.06686858,-29.40918688,-5.33051304,2.60189141,-6.25543483,-8.80642396,-7.39439067,-48.40241663,-1.35030378,4.80248529
62.4,27.53567832,0.8764263,-8.01221529,-30.11938099,-4.72365014,2.14013541,-5.14437482,-9.36083969,-7.29822333,-50.3606045,-2.62330646,4.37048681
62.405,27.55972803,1.12345804,-7.94575977,-30.77666728,-4.05347574,1.66009038,-3.98620759,-9.87582405,-7.16370824,-52.28577829,-3.83008084,3.89862027
62.41,27.52559009,1.39623834,-7.90459839,-31.33598662,-3.42537231,1.21643138,-2.81253392,-10.40169621,-6.99033934,-54.17251406,-4.98729313,3.39616232
62.415,27.4671302,1.65518117,-7.84658854,-31.83348764,-2.75451683,0.76075129,-1.61618971,-10.88461357,-6.7910239,-56.00434646,-6.05902679,2.87742649
62.42,27.36034015,1.92184491,-7.80109857,-32.25023325,-2.10617337,0.32053602,-0.41341329,-11.35009034,-6.56124017,-57.77888043,-7.04496349,2.33594874
62.425,27.17303125,2.21016367,-7.77594139,-32.57085731,-1.51004453,-0.07639781,0.76509069,-11.81531781,-6.30671027,-59.48731951,-7.92326052,1.80948062
62.43,27.04241559,2.43690261,-7.69192756,-32.87666454,-0.84977268,-0.53554985,2.00955378,-12.1604972,-6.03181165,-61.11853784,-8.71980443,1.21260187
62.435,26.78986684,2.70023269,-7.66222586,-33.07837815,-0.29243331,-0.92037539,3.18511409,-12.53557856,-5.74839647,-62.67470021,-9.38203562,0.66138433
62.44,26.524833,2.93686964,-7.59865401,-33.21983335,0.26144207,-1.31660701,4.37245262,-12.83361873,-5.44731304,-64.14189474,-9.94942685,0.08702515
62.445,26.22378391,3.15970951,-7.53095282,-33.29743417,0.77535128,-1.69608516,5.54684638,-13.08459506,-5.14162956,-65.51898526,-10.40737689,-0.48563127
62.45,25.88355318,3.36539129,-7.45484119,-33.31660327,1.2492376,-2.05853408,6.69674547,-13.28433478,-4.84070335,-66.8005556,-10.75579074,-1.04564356
62.455,25.49816288,3.55709407,-7.37640195,-33.27523504,1.67690589,-2.3959712,7.81201013,-13.43807256,-4.54752726,-67.9825671,-10.99534041,-1.5866236
62.46,25.07880806,3.72874643,-7.29138372,-33.18105851,2.05616325,-2.71114878,8.89906561,-13.54081199,-4.26650567,-69.06332366,-11.13830834,-2.11207061
62.465,24.62513525,3.88134919,-7.2025499,-33.02927074,2.38511785,-3.00125668,9.95624867,-13.5959024,-3.99717031,-70.03945848,-11.19081788,-2.61836157
62.47,24.13167714,4.01497964,-7.11140286,-32.82913535,2.67032342,-3.26047007,10.97018624,-13.60777289,-3.74833741,-70.90977551,-11.15028991,-3.08938826
62.475,23.59728224,4.12944032,-7.02215693,-32.57341505,2.90763447,-3.48255594,11.93938578,-13.57894484,-3.52123248,-71.66918693,-11.02505635,-3.5244779
62.48,23.03291957,4.22236032,-6.93354278,-32.26978766,3.10180133,-3.67289146,12.87074595,-13.5096137,-3.31683134,-72.32040207,-10.83051364,-3.92433631
62.485,22.41589963,4.27211355,-6.82205781,-31.94655163,3.32441453,-3.826253,13.71494878,-13.37863617,-3.16100775,-72.85357187,-10.53856422,-4.23893729
62.49,21.82576157,4.34464297,-6.75903485,-31.56437987,3.38374208,-3.94937521,14.61038311,-13.26223154,-2.97558174,-73.31123322,-10.26187575,-4.59461104
62.495,21.18712092,4.36056395,-6.67204055,-31.1466937,3.48501366,-4.04127227,15.41608204,-13.07445583,-2.85416396,-73.63239798,-9.91554793,-4.86027594
62.5,20.52911886,4.35953029,-6.60397266,-30.68491272,3.54433919,-4.09339598,16.18755917,-12.86979794,-2.76290827,-73.84260521,-9.54998475,-5.08758921
62.505,19.86278382,4.35088788,-6.54567753,-30.19659738,3.56208096,-4.11366694,16.93603831,-12.65072348,-2.67991779,-73.96149303,-9.1677921,-5.27362859
62.51,19.15737536,4.36040697,-6.50912848,-29.66593966,3.53155274,-4.09756818,17.64258329,-12.44725272,-2.59172165,-73.99669521,-8.72439962,-5.32832065
62.515,18.47097488,4.30704968,-6.461956,-29.12997058,3.51307699,-4.05866591,18.32085857,-12.17168457,-2.54782797,-73.91044232,-8.32482019,-5.42145578
62.52,17.70440714,4.27717319,-6.44453022,-28.5362504,3.4863923,-3.93981439,18.90801804,-11.93947477,-2.53458212,-73.72723088,-7.86901685,-5.32286163
62.525,16.95803449,4.21342186,-6.43049143,-27.93464032,3.44944405,-3.80557421,19.48378623,-11.66831606,-2.53625475,-73.44536219,-7.46150491,-5.23879306
62.53,16.24703519,4.12518348,-6.42253678,-27.32483623,3.37309293,-3.67155405,20.07011464,-11.36210835,-2.53410786,-73.0752268,-7.11184639,-5.18397284
62.535,15.43840782,4.05947054,-6.44451655,-26.66521071,3.35374145,-3.43447382,20.53311508,-11.11221466,-2.58688589,-72.60346709,-6.71879297,-4.91564258
62.54,14.66807021,3.97128138,-6.47422471,-26.00124538,3.30214314,-3.20277895,21.00929221,-10.83134358,-2.63186408,-72.04854597,-6.39923299,-4.69116034
62.545,13.8902932,3.87754041,-6.51576545,-25.32190375,3.25116508,-2.93794107,21.44939566,-10.55017075,-2.68742756,-71.40567438,-6.11109513,-4.41933894
62.55,13.11292528,3.78071592,-6.57469636,-24.62620772,3.20061676,-2.65007606,21.86436784,-10.27436362,-2.75664932,-70.68236648,-5.8662775,-4.1204913
62.555,12.33367745,3.6826896,-6.64405013,-23.91977413,3.15603957,-2.337801,22.24811191,-10.0030674,-2.8345217,-69.87698341,-5.66242957,-3.79288121
62.56,11.55413466,3.58359771,-6.72671589,-23.20278338,3.1156249,-2.00180717,22.60293691,-9.73690719,-2.92002325,-68.99343305,-5.49846576,-3.4436247
62.565,10.77717696,3.48539991,-6.8208285,-22.47756218,3.07936796,-1.64534574,22.93116208,-9.47682521,-3.01075204,-68.03367342,-5.37511,-3.07802434
62.57,10.00535477,3.38908648,-6.92522111,-21.74786954,3.04577295,-1.27020247,23.23296959,-9.22276443,-3.10377027,-66.99827865,-5.29075091,-2.70118353
62.575,9.23416623,3.29546362,-7.03214291,-21.00989631,3.02422982,-0.87559408,23.50788805,-8.97502613,-3.20157483,-65.89507305,-5.23721225,-2.32152378
62.58,8.47314381,3.20653998,-7.1591061,-20.27002892,3.00847172,-0.47309697,23.75949042,-8.74370001,-3.31306575,-64.71863997,-5.21578581,-1.94676068
62.585,7.72214948,3.12274157,-7.29117881,-19.53490598,2.99744308,-0.05759903,23.98677378,-8.51909465,-3.42328213,-63.47593718,-5.22071081,-1.5744501
62.59,6.97718457,3.04418821,-7.42722121,-18.79801001,2.99255206,0.37327123,24.18909732,-8.30224576,-3.53407025,-62.16650069,-5.24491586,-1.21017102
62.595,6.24797917,2.97347307,-7.56354687,-18.06544004,2.99135608,0.80466413,24.37459845,-8.09406599,-3.64332784,-60.79380654,-5.28965057,-0.85624634
62.6,5.52915635,2.91118512,-7.70465977,-17.3361464,2.99863706,1.24507625,24.5365904,-7.89927418,-3.75522597,-59.35810274,-5.34216308,-0.51814559
62.605,4.82490953,2.85524823,-7.84834949,-16.61386215,3.00692258,1.69045168,24.67861704,-7.71193172,-3.86595889,-57.86057205,-5.39479864,-0.20367771
62.61,4.13274426,2.80859712,-7.98236626,-15.90055607,3.0270913,2.14265275,24.79853824,-7.53323238,-3.97193463,-56.30271175,-5.45324131,0.10421151
62.615,3.46671581,2.77186484,-8.111203,-15.19527844,3.03959985,2.58217112,24.90960346,-7.36179284,-4.06914195,-54.68680464,-5.50601619,0.38513743
62.62,2.80577246,2.74261696,-8.26519993,-14.50298598,3.07073506,3.03423023,24.98738328,-7.21184176,-4.18533435,-53.01105991,-5.5313122,0.63700388
62.625,2.16977034,2.72417942,-8.39576131,-13.82286885,3.10101255,3.47731169,25.05452084,-7.0657818,-4.28519805,-51.27913971,-5.55486323,0.88023742
62.63,1.5515664,2.71580264,-8.50551621,-13.15448698,3.13487078,3.92062242,25.10550621,-6.92392835,-4.36583276,-49.49193138,-5.56095753,1.10740883
62.635,0.94511314,2.71850748,-8.64452662,-12.50160304,3.18252751,4.36265801,25.12783854,-6.80365518,-4.46269936,-47.64688578,-5.527171,1.30231278
62.64,0.36268307,2.73089152,-8.74586852,-11.86291109,3.23175956,4.79936925,25.13816191,-6.68506383,-4.53385321,-45.74892311,-5.4854377,1.49435952
62.645,-0.20163191,2.75760142,-8.86117495,-11.24062349,3.28734946,5.22181782,25.13066275,-6.58358196,-4.60245376,-43.79898872,-5.40058807,1.65618114
62.65,-0.7414438,2.79350289,-8.93649774,-10.63546515,3.3430355,5.64019878,25.10783152,-6.48622716,-4.64683321,-41.79595758,-5.30910873,1.82056397
62.655,-1.26889526,2.84235365,-9.02128993,-10.04674561,3.41194943,6.05186549,25.06120628,-6.40534344,-4.68553041,-39.74433959,-5.17949535,1.96377843
62.66,-1.78223985,2.90813635,-9.1013906,-9.47406167,3.49779774,6.45591368,24.99288778,-6.34119483,-4.71176929,-37.6473433,-5.02428803,2.09435791
62.665,-2.27144586,2.98597976,-9.15089806,-8.92221115,3.58247698,6.85081399,24.91141609,-6.28681864,-4.70875528,-35.507089,-4.85741651,2.2222509
62.67,-2.75068134,3.08034201,-9.20025115,-8.38670502,3.68627,7.24040561,24.80701579,-6.25249958,-4.69361988,-33.33000143,-4.66828933,2.33858569
62.675,-3.21730578,3.19272137,-9.23929085,-7.86996289,3.80709342,7.62188026,24.68423176,-6.23682394,-4.6547294,-31.12271173,-4.46527918,2.44535282
62.68,-3.66665037,3.32230393,-9.25924656,-7.37328144,3.93780885,7.99299276,24.54805202,-6.24173739,-4.59422672,-28.89057512,-4.26259327,2.5465442
62.685,-4.1100302,3.47000287,-9.27148191,-6.89796092,4.09457649,8.35921595,24.39296981,-6.26556519,-4.49884403,-26.64524722,-4.04771143,2.63664972
62.69,-4.53091097,3.63759642,-9.25722903,-6.44249887,4.25336829,8.71205206,24.23499591,-6.32110984,-4.3986802,-24.39362811,-3.86363323,2.72395851
62.695,-4.9493907,3.82710556,-9.22961919,-6.00534696,4.44068345,9.06357416,24.06362997,-6.40293739,-4.26741472,-22.15103205,-3.6853271,2.80234781
62.7,-5.35382401,4.03251791,-9.18921581,-5.59508143,4.6452402,9.40395734,23.89125423,-6.51008039,-4.11693668,-19.93102882,-3.525091,2.87217751
62.705,-5.70931775,4.24778701,-9.12474434,-5.2153428,4.81101823,9.68293422,23.7505677,-6.63830177,-3.94719608,-17.74388042,-3.3641384,2.92351441
62.71,-6.11570663,4.48929218,-9.03249851,-4.8644007,5.09096798,10.06989261,23.55177746,-6.81674089,-3.78749249,-15.60917598,-3.28988234,2.98672112
62.715,-6.52127865,4.74729312,-8.96675561,-4.53212507,5.3946799,10.43211904,23.36738547,-7.01216357,-3.59023528,-13.55438333,-3.20453342,3.04599868
62.72,-6.91854224,5.00089027,-8.89826391,-4.2239596,5.71655225,10.79580097,23.19642057,-7.21255854,-3.38252025,-11.58528905,-3.12989839,3.10407716
62.725,-7.28735122,5.2695338,-8.79116925,-3.95712813,6.04863339,11.14578722,23.05830657,-7.45191953,-3.19501446,-9.72958746,-3.09339877,3.16071728
62.73,-7.65607569,5.53749433,-8.69181396,-3.72720262,6.41385907,11.51653214,22.93588161,-7.70070306,-3.00323079,-8.0013888,-3.06700779,3.22238065
62.735,-8.01381745,5.79867013,-8.59014936,-3.53593559,6.80588912,11.89475287,22.84252349,-7.9571037,-2.81971021,-6.41554008,-3.05538686,3.28725905
62.74,-8.36115745,6.04461645,-8.49038348,-3.38404374,7.22575126,12.27957666,22.78004823,-8.20872298,-2.64891822,-4.98092777,-3.0525022,3.35142981
62.745,-8.69725565,6.26991791,-8.39461919,-3.2782946,7.67900223,12.6799536,22.7460484,-8.45107963,-2.49292302,-3.70339409,-3.05963577,3.4131198
62.75,-9.0230548,6.46883054,-8.31314757,-3.22033084,8.15806516,13.09709823,22.74152399,-8.67572775,-2.35126831,-2.59120216,-3.07524373,3.47072136
62.755,-9.33750307,6.63318141,-8.25135701,-3.21433812,8.65984674,13.53774946,22.76484249,-8.87301104,-2.22439573,-1.64639977,-3.09916712,3.52209962
62.76,-9.63940937,6.76249642,-8.20579607,-3.25996432,9.18376266,13.99221395,22.81718741,-9.04185111,-2.11388316,-0.87294722,-3.13137539,3.56239053
62.765,-9.92993761,6.84707129,-8.19176952,-3.35997682,9.72476358,14.49338989,22.89469462,-9.17190749,-2.0164997,-0.26960828,-3.17598695,3.59005515
62.77,-10.20255062,6.8899303,-8.19624363,-3.52100535,10.28417887,14.98571922,22.9989765,-9.26481827,-1.94136252,0.16145132,-3.22321042,3.59512606
62.775,-10.46069851,6.88663308,-8.23344582,-3.74088177,10.85262389,15.51690266,23.12774515,-9.31716232,-1.8796588,0.42320842,-3.28636769,3.58089386
62.78,-10.70009563,6.84316489,-8.32131573,-4.03994177,11.40852275,16.09463796,23.27664133,-9.33350273,-1.82511505,0.51347152,-3.37586942,3.54850783
62.785,-10.91566194,6.73662121,-8.41261004,-4.3986904,11.9936375,16.64121224,23.44807557,-9.29716252,-1.80114287,0.44534279,-3.4511644,3.47263177
62.79,-11.1175503,6.59045932,-8.54005486,-4.82017394,12.56612595,17.22387171,23.64148734,-9.22436184,-1.78047102,0.21172938,-3.55272175,3.37370885
62.795,-11.29722226,6.39766008,-8.69579823,-5.31445293,13.12954211,17.8147478,23.85275947,-9.11396208,-1.77649524,-0.1765217,-3.67096354,3.24151085
62.8,-11.45585152,6.16148044,-8.88500703,-5.88250272,13.67852289,18.41741392,24.08122916,-8.96789153,-1.7822222,-0.71562308,-3.80909303,3.07579781
62.805,-11.59179526,5.88153267,-9.10396391,-6.52458903,14.20599436,19.02434248,24.32408314,-8.78880022,-1.7983954,-1.39495139,-3.96485834,2.87411045
62.81,-11.69995822,5.55862505,-9.33615558,-7.24727013,14.70631768,19.62013368,24.57980283,-8.58223972,-1.83356604,-2.20759422,-4.13598999,2.63705037
62.815,-11.78238222,5.19567558,-9.59367725,-8.04741475,15.1723528,20.21771406,24.84643823,-8.34921181,-1.87616924,-3.14360062,-4.32527552,2.36265613
62.82,-11.83745178,4.79492147,-9.86645726,-8.92739864,15.59516602,20.80037323,25.12048072,-8.09529064,-1.92815428,-4.19087738,-4.5291026,2.05294176
62.825,-11.86101323,4.35886683,-10.14608851,-9.89056734,15.96847275,21.36654944,25.39890135,-7.82559082,-1.99265147,-5.33604349,-4.7468971,1.70904353
62.83,-11.85123115,3.88994733,-10.42364141,-10.93816308,16.28821711,21.90759761,25.67807191,-7.54546649,-2.06896506,-6.56622946,-4.97473756,1.33424175
62.835,-11.80572301,3.38846838,-10.7031477,-12.06987084,16.53907942,22.42377913,25.95527838,-7.25399315,-2.15099362,-7.86544491,-5.20789964,0.92374809
62.84,-11.71993062,2.86074975,-10.95586157,-13.29098355,16.72674893,22.89031785,26.22442465,-6.96444591,-2.25305371,-9.22094544,-5.44164507,0.49704916
62.845,-11.59175656,2.30472602,-11.18498318,-14.59785259,16.8400167,23.3107273,26.48245777,-6.67272858,-2.36760326,-10.61410965,-5.66525103,0.04781103
62.85,-11.41567354,1.72226311,-11.38094439,-15.99400249,16.87121062,23.67812149,26.72509287,-6.38226262,-2.49890124,-12.02976427,-5.87775059,-0.41738173
62.855,-11.18436601,1.11207691,-11.53676699,-17.48076108,16.81272133,23.98921033,26.94766183,-6.09242151,-2.64004712,-13.4463998,-6.06902759,-0.90282886
62.86,-10.90137035,0.48431427,-11.63974597,-19.04988118,16.66257373,24.22676785,27.1488636,-5.81164445,-2.80060867,-14.85840168,-6.23759759,-1.38466432
62.865,-10.56587454,-0.16664622,-11.69353896,-20.70031331,16.41421951,24.38216719,27.31923555,-5.53747177,-3.0009538,-16.24992766,-6.35297274,-1.85625286
62.87,-10.14217939,-0.83696533,-11.67182073,-22.4479348,16.07136075,24.47388754,27.47782286,-5.25854303,-3.17416243,-17.59951343,-6.46003705,-2.34939227
62.875,-9.66196252,-1.52740151,-11.59108989,-24.26916096,15.62644863,24.47833239,27.60003505,-4.98759677,-3.39915779,-18.90894571,-6.50019034,-2.8127858
62.88,-9.10016084,-2.23053268,-11.44269017,-26.1682373,15.08047512,24.394073,27.70526112,-4.71860913,-3.63629945,-20.16770678,-6.48831872,-3.27403027
62.885,-8.45830209,-2.94735255,-11.22289311,-28.14184218,14.43287578,24.22404357,27.78794061,-4.44878608,-3.89132705,-21.3687599,-6.41461335,-3.71512664
62.89,-7.72478172,-3.66233532,-10.9402335,-30.17946208,13.69334412,23.95157103,27.86954985,-4.18256339,-4.15244085,-22.52040512,-6.25497052,-4.15128218
62.895,-6.9372602,-4.40147524,-10.58844252,-32.27643053,12.84568237,23.63956931,27.88405522,-3.90811622,-4.46756598,-23.57571968,-6.07904579,-4.52097576
62.9,-6.05983808,-5.13388618,-10.17331624,-34.41857662,11.91187241,23.22697098,27.90335614,-3.63093599,-4.78556514,-24.58349566,-5.81008945,-4.88940192
62.905,-5.09750753,-5.85594815,-9.69787272,-36.60145232,10.90331853,22.7337768,27.90571093,-3.35198436,-5.10799686,-25.5128589,-5.47757804,-5.22889725
62.91,-4.07428493,-6.57231955,-9.17566996,-38.8049937,9.82085586,22.18195993,27.88258772,-3.06199337,-5.44653179,-26.37003174,-5.08716108,-5.53945251
62.915,-2.98245455,-7.27607753,-8.60520418,-41.01974351,8.68132539,21.55808074,27.8419848,-2.76607591,-5.7918769,-27.15479364,-4.64197446,-5.82290601
62.92,-1.81099015,-7.93758927,-8.00244499,-43.23533907,7.51109835,20.85741165,27.81645514,-2.47672281,-6.12714036,-27.88518867,-4.08261464,-6.09840001
62.925,-0.62297747,-8.59264913,-7.37055543,-45.43009031,6.29125859,20.12824889,27.72711228,-2.1643295,-6.47776004,-28.51593532,-3.54268056,-6.32848421
62.93,0.59724547,-9.21653919,-6.72023568,-47.59272218,5.05333775,19.35126468,27.60852797,-1.84434473,-6.82282884,-29.06943618,-2.97201506,-6.53489716
62.935,1.84201649,-9.80801433,-6.0498107,-49.71687645,3.81465007,18.52009227,27.45132246,-1.51499778,-7.15566731,-29.53789435,-2.38655997,-6.72067106
62.94,3.10092197,-10.3526944,-5.39184025,-51.78118542,2.58709689,17.66241129,27.27741486,-1.18697503,-7.48263369,-29.94622708,-1.77310731,-6.88654108
62.945,4.35890241,-10.85574208,-4.72620418,-53.78398518,1.39337059,16.75470711,27.05140702,-0.8503703,-7.78363876,-30.26283871,-1.16816335,-7.0435369
62.95,5.61307035,-11.31062687,-4.08330219,-55.71333959,0.23845087,15.82707644,26.79735108,-0.51455709,-8.0654643,-30.51544397,-0.563358,-7.18408308
62.955,6.85998225,-11.71183637,-3.45217233,-57.56260879,-0.86606408,14.86749038,26.50435769,-0.17961665,-8.31453999,-30.68400766,0.021446,-7.30743548
62.96,8.08624102,-12.06045357,-2.85370204,-59.32539248,-1.90776072,13.89455219,26.17800971,0.15118039,-8.5334496,-30.7889186,0.59254103,-7.4248971
62.965,9.28306352,-12.35596238,-2.28788866,-60.99604259,-2.87470562,12.89265909,25.8073834,0.47574945,-8.72239509,-30.82035046,1.12277288,-7.5405405
62.97,10.45487372,-12.59619745,-1.76349317,-62.57132858,-3.7698468,11.88267511,25.40750513,0.78970042,-8.8761195,-30.78921639,1.62091045,-7.6456528
62.975,11.58935834,-12.7830048,-1.28386984,-64.04657792,-4.58184828,10.86095245,24.9688219,1.09264892,-8.99367665,-30.69268806,2.07421996,-7.75205085
62.98,12.68496807,-12.91939891,-0.854289,-65.41916367,-5.31156343,9.83038217,24.49464057,1.38191524,-9.07568792,-30.53660705,2.47912818,-7.85938686
62.985,13.73963451,-13.00249231,-0.47919529,-66.68600432,-5.9573059,8.8011066,23.99052764,1.65362745,-9.11900355,-30.3248613,2.83363232,-7.96488477
62.99,14.74872533,-13.04719907,-0.1615638,-67.84997663,-6.51702031,7.77825587,23.45334077,1.91128596,-9.13337588,-30.0651994,3.12169025,-8.06639922
62.995,15.71225336,-13.04252812,0.09931082,-68.9027865,-6.99249875,6.77282504,22.88915398,2.14898322,-9.10647578,-29.75509921,3.36303313,-8.16883178
63,16.63084485,-12.99842754,0.30013567,-69.84325713,-7.38597116,5.78360009,22.29269689,2.36714925,-9.04819412,-29.3816406,3.54838587,-8.26600209
63.005,17.5074799,-12.88506527,0.42885698,-70.66708856,-7.74240385,4.77626955,21.6933886,2.53407299,-8.9359342,-28.99511287,3.73306655,-8.39973303
63.01,18.33327005,-12.77278977,0.50412191,-71.38839485,-7.99277406,3.83660813,21.0565589,2.70467295,-8.81603317,-28.55387397,3.80862221,-8.48708189
63.015,19.11502648,-12.6162068,0.51892603,-72.00190291,-8.19583256,2.9105987,20.41125045,2.84033996,-8.657171,-28.0969369,3.86138502,-8.59179897
63.02,19.84996157,-12.430303,0.47507009,-72.50432135,-8.34060107,2.02866463,19.75007456,2.94889623,-8.47171758,-27.61090077,3.87810866,-8.69776924
63.025,20.54064674,-12.2214846,0.37649127,-72.89949981,-8.43314746,1.19500275,19.07537645,3.03198346,-8.26179614,-27.10192502,3.85707194,-8.79969731
63.03,21.18804349,-11.99554853,0.22685843,-73.18886391,-8.47682536,0.41804786,18.3892782,3.09202897,-8.03280601,-26.57218179,3.8024098,-8.89348979
63.035,21.79324171,-11.75062102,0.02817071,-73.3723537,-8.481952,-0.30011437,17.69428182,3.12453772,-7.78664617,-26.02556293,3.72159379,-8.98500979
63.04,22.35842914,-11.4942204,-0.20969341,-73.45679592,-8.44915384,-0.94915593,16.99250563,3.1353843,-7.52865789,-25.46671307,3.61630621,-9.06530048
63.045,22.88497717,-11.23023053,-0.48955021,-73.4406268,-8.39223293,-1.52748469,16.28537235,3.12481941,-7.26028472,-24.89566671,3.49220742,-9.13530544
63.05,23.37603897,-10.95829965,-0.80024325,-73.32794282,-8.31365376,-2.02941653,15.5756443,3.09381008,-6.98551862,-24.3172086,3.35274322,-9.19429582
63.055,23.83122296,-10.68473299,-1.14164609,-73.12193321,-8.22435072,-2.45397107,14.86282705,3.04529755,-6.70601608,-23.73254201,3.20347203,-9.24194499
63.06,24.25354115,-10.41164628,-1.50679828,-72.82591062,-8.12873341,-2.79771753,14.14886234,2.98211416,-6.42520439,-23.14281645,3.04950638,-9.27712317
63.065,24.64480323,-10.14126587,-1.89143372,-72.44270589,-8.03063963,-3.05955124,13.4346166,2.90518867,-6.14633429,-22.55000223,2.89473688,-9.29823657
63.07,25.00221829,-9.87364469,-2.29300358,-71.97447276,-7.93751914,-3.24376731,12.71945575,2.81780069,-5.86824977,-21.95588414,2.74084108,-9.30805253
63.075,25.33318109,-9.61432247,-2.70382236,-71.42709112,-7.85225345,-3.34669466,12.00512104,2.72294781,-5.59707912,-21.36049549,2.59346443,-9.30398456
63.08,25.64065856,-9.35240918,-3.11257481,-70.80285554,-7.77734905,-3.37142019,11.29599626,2.61935168,-5.32185913,-20.7682071,2.45514175,-9.27989664
63.085,25.90571035,-9.11661038,-3.5496364,-70.09865995,-7.72013367,-3.32339449,10.5795551,2.51512912,-5.06562544,-20.17544675,2.33433559,-9.25532656
63.09,26.14943825,-8.88562167,-3.97993374,-69.32477515,-7.67517288,-3.20418876,9.86587173,2.40738545,-4.81949416,-19.58283755,2.21999758,-9.21396681
63.095,26.3686495,-8.66626729,-4.41113862,-68.47993147,-7.64828978,-3.01849754,9.15683365,2.29949167,-4.58590281,-18.99473385,2.12577468,-9.15909224
63.1,26.55952312,-8.4508916,-4.83856117,-67.56754898,-7.6367065,-2.7687585,8.44783963,2.18845258,-4.36022371,-18.40803257,2.03809393,-9.08656728
63.105,26.72827879,-8.25090228,-5.26590545,-66.58855618,-7.6448069,-2.46361851,7.74379423,2.0802001,-4.15152697,-17.82531706,1.97331497,-9.0032736
63.11,26.86521528,-8.06166909,-5.68405208,-65.54734862,-7.66138342,-2.10495164,7.03388743,1.97913578,-3.94089547,-17.2448613,1.93146979,-8.90627984
63.115,26.98086766,-7.87718661,-6.08892755,-64.44318506,-7.69183316,-1.69953759,6.32717645,1.88050055,-3.73978235,-16.66655843,1.89876252,-8.78944936
63.12,27.06423144,-7.71133161,-6.49364983,-63.27696904,-7.72436144,-1.25173178,5.61621325,1.78897377,-3.57268007,-16.0909162,1.87044739,-8.65284817
63.125,27.14476363,-7.54693835,-6.9011441,-62.04886975,-7.80105294,-0.77331598,4.93957141,1.69379848,-3.39384875,-15.53578598,1.90741677,-8.52619022
63.13,27.19228764,-7.39234406,-7.29149604,-60.76465308,-7.86372772,-0.26051363,4.2497553,1.60845897,-3.23452517,-14.97437904,1.93646257,-8.37139508
63.135,27.21832333,-7.24776846,-7.68034858,-59.42043707,-7.93626433,0.27922021,3.57081675,1.527738,-3.08502748,-14.42469525,1.99221614,-8.2081884
63.14,27.22133154,-7.11142156,-8.06277544,-58.0188034,-8.00711861,0.84146712,2.89722119,1.45344524,-2.9474207,-13.88106554,2.06582004,-8.03097409
63.145,27.20478049,-6.98088019,-8.43813918,-56.55888379,-8.07923262,1.42204972,2.23478251,1.38375694,-2.818728,-13.34707102,2.15887037,-7.84314618
63.15,27.16354676,-6.85850298,-8.80894214,-55.04073101,-8.1430094,2.02071469,1.57929665,1.32082275,-2.70096757,-12.82305808,2.27048836,-7.6418045
63.155,27.10487652,-6.73807838,-9.16548717,-53.46832117,-8.19332667,2.62735582,0.93317571,1.26375947,-2.59015981,-12.30404391,2.39550425,-7.42486079
63.16,27.02668234,-6.62412004,-9.51768675,-51.83776573,-8.23480531,3.24540006,0.30159639,1.21272564,-2.48723866,-11.79953962,2.54108166,-7.20011605
63.165,26.93553261,-6.52197467,-9.87685985,-50.1508873,-8.27726509,3.87075109,-0.30531831,1.16826563,-2.40088346,-11.31338793,2.71323733,-6.9839021
63.17,26.8170149,-6.41169511,-10.20451396,-48.40802806,-8.28301264,4.51084017,-0.91375531,1.1292416,-2.30189578,-10.83145306,2.89053992,-6.73512019
63.175,26.67244873,-6.30109428,-10.52222497,-46.60431304,-8.24004655,5.1443305,-1.51562802,1.09389266,-2.23613654,-10.35826541,3.06119433,-6.45626061
63.18,26.53105146,-6.2072927,-10.83588001,-44.75492026,-8.2337465,5.78990199,-2.07719511,1.0745928,-2.1398864,-9.9121765,3.29026813,-6.21417973
63.185,26.36316989,-6.10593865,-11.13208872,-42.84403516,-8.18394863,6.44345952,-2.63146081,1.05608167,-2.0637113,-9.47756273,3.50753399,-5.94697118
63.19,26.16812701,-6.01446405,-11.42143031,-40.88222897,-8.07496264,7.08585865,-3.1819048,1.04955643,-2.01594241,-9.05171133,3.73653387,-5.65871065
63.195,25.97585106,-5.91675403,-11.67356025,-38.86617874,-7.98923157,7.73116001,-3.69348936,1.05174741,-1.93576455,-8.65207136,3.97815525,-5.38339413
63.2,25.75160274,-5.83428527,-11.92810461,-36.80364871,-7.83161973,8.36825423,-4.20793526,1.06810241,-1.89925861,-8.25829895,4.23043008,-5.08871292
63.205,25.53051537,-5.74571066,-12.1370081,-34.69298866,-7.70167539,9.0085293,-4.68201437,1.09367893,-1.8239652,-7.89718631,4.48830182,-4.8045567
63.21,25.28525447,-5.6715771,-12.33551526,-32.54118032,-7.52409675,9.64161731,-5.15238557,1.1361494,-1.77000989,-7.54625621,4.7577681,-4.50914075
63.215,25.01731602,-5.60882849,-12.51073729,-30.35820236,-7.28312126,10.24594547,-5.62796411,1.19975953,-1.74347929,-7.20069092,5.04244235,-4.19337893
63.22,24.76632754,-5.55365493,-12.65310233,-28.13727486,-7.12240812,10.84988258,-6.04389847,1.27606729,-1.66986772,-6.90009768,5.32173022,-3.91307242
63.225,24.48753265,-5.51148782,-12.77671116,-25.89739677,-6.8781961,11.42691346,-6.47625699,1.37209271,-1.63028835,-6.5988214,5.61432124,-3.6107058
63.23,24.21211536,-5.48937963,-12.86416303,-23.64388174,-6.66547107,11.97867967,-6.8812819,1.49257733,-1.57030756,-6.32610062,5.91098836,-3.31744519
63.235,23.93736379,-5.48421814,-12.92483329,-21.38907737,-6.4468327,12.49468555,-7.27219212,1.63474816,-1.51276937,-6.07165971,6.20946222,-3.03145261
63.24,23.66148341,-5.50020153,-12.96090617,-19.14397379,-6.22493101,12.97618548,-7.65367445,1.7992581,-1.45323463,-5.83633495,6.51511867,-2.74673299
63.245,23.41490449,-5.516598,-12.9646922,-16.91393944,-6.03027502,13.38599049,-7.9993305,1.97186199,-1.40714892,-5.6170898,6.79873834,-2.51244941
63.25,23.1400498,-5.5904642,-12.97562343,-14.73232602,-5.84441402,13.81438967,-8.36826143,2.18615494,-1.31544864,-5.42791716,7.13057851,-2.2234644
63.255,22.88545812,-5.69224878,-12.95102503,-12.61784719,-5.64479919,14.18263908,-8.72760952,2.43072698,-1.22981969,-5.25962203,7.45911511,-1.94468282
63.26,22.65918712,-5.81243529,-12.90913619,-10.57896803,-5.45961119,14.49783985,-9.06927226,2.69182896,-1.14345833,-5.11194096,7.78462008,-1.68795614
63.265,22.43592754,-5.92247317,-12.8836317,-8.62455283,-5.23540999,14.79700987,-9.41848119,2.93516943,-1.0727136,-4.98088309,8.12374746,-1.40182714
63.27,22.26021502,-6.07135532,-12.84397377,-6.79136091,-5.05556087,15.04076597,-9.74195249,3.2111553,-0.98058792,-4.88444919,8.46524252,-1.15133963
63.275,22.11723014,-6.22871717,-12.81096192,-5.08592674,-4.87307291,15.25441119,-10.06553189,3.49048522,-0.89297412,-4.80122112,8.81498268,-0.89831472
63.28,22.01268026,-6.38984461,-12.77596895,-3.51547083,-4.69160723,15.42019866,-10.37164262,3.76577298,-0.79583386,-4.75502286,9.16497288,-0.66384197
63.285,21.9428123,-6.54712291,-12.75629604,-2.08877261,-4.51473353,15.55450806,-10.674463,4.03103003,-0.70444499,-4.73125817,9.52445094,-0.4258253
63.29,21.90946195,-6.6958737,-12.74459045,-0.81306494,-4.33566559,15.64515199,-10.96659631,4.28047401,-0.60796607,-4.74218768,9.88678495,-0.20187283
63.295,21.90984101,-6.82765176,-12.75200479,0.30886616,-4.16385127,15.70346382,-11.25437261,4.50635631,-0.51991713,-4.78000355,10.25744716,0.02732322
63.3,21.94306452,-6.93878596,-12.77639307,1.27308636,-3.99771427,15.72548222,-11.53657339,4.70446908,-0.43866732,-4.8489179,10.63379222,0.25815254
63.305,22.00711089,-7.02362322,-12.81836376,2.07865774,-3.83892285,15.71088213,-11.81249884,4.86890251,-0.36344665,-4.95048537,11.01385268,0.48840622
63.31,22.09941029,-7.08049022,-12.87945734,2.72599963,-3.69384177,15.66148022,-12.08225051,4.99711483,-0.3004966,-5.08670133,11.39939228,0.72957221
63.315,22.21913646,-7.12743109,-12.92924608,3.20874165,-3.57883797,15.61122142,-12.36561618,5.11890242,-0.20258483,-5.23320691,11.69776723,0.8128926
63.32,22.36044387,-7.10392171,-13.06490389,3.55098585,-3.45509579,15.45110882,-12.60109856,5.1338131,-0.199949,-5.46513997,12.16168461,1.2134438
63.325,22.51787963,-7.06658997,-13.17604963,3.73413262,-3.35168333,15.29302776,-12.85243822,5.13802782,-0.17378936,-5.71860864,12.54467285,1.47126295
63.33,22.69685855,-7.00291151,-13.30625791,3.76239077,-3.29451502,15.10199771,-13.09899409,5.10284801,-0.16330235,-6.00702941,12.91969864,1.73670779
63.335,22.88711474,-6.91200402,-13.45664778,3.65426436,-3.25994482,14.87144498,-13.34037548,5.02509677,-0.16139468,-6.33182379,13.28454423,2.00069113
63.34,23.08891478,-6.78684753,-13.61922699,3.39126482,-3.20957532,14.64065088,-13.58881383,4.8995798,-0.12884113,-6.68450441,13.61905252,2.14685262
63.345,23.30242285,-6.64538982,-13.79396744,3.02169234,-3.2972276,14.29290902,-13.80164573,4.73400385,-0.20485349,-7.1125058,13.97151803,2.54548096
63.35,23.51980447,-6.47489593,-13.96538246,2.51478894,-3.37534985,13.94112485,-14.02223227,4.52532094,-0.26376116,-7.57162598,14.28815665,2.8446489
63.355,23.74196237,-6.28718672,-14.15288746,1.89115243,-3.49921805,13.54879911,-14.23762159,4.27881813,-0.33484673,-8.06782032,14.5759479,3.13331465
63.36,23.96638609,-6.07335946,-14.30326358,1.16311598,-3.67485007,13.1010459,-14.438401,3.99135741,-0.45218754,-8.62270543,14.8250004,3.47204574
63.365,24.18931122,-5.85910589,-14.48803555,0.33155954,-3.90638628,12.61519966,-14.63355488,3.67493971,-0.56193866,-9.21683581,15.05241928,3.77845796
63.37,24.41167717,-5.63030127,-14.63853615,-0.58514516,-4.19387008,12.0706514,-14.81746218,3.32725735,-0.71216837,-9.85970211,15.23844239,4.12158886
63.375,24.6293581,-5.38601414,-14.74472418,-1.57859608,-4.52867552,11.46819723,-14.98186859,2.94879855,-0.89907234,-10.56825758,15.37709441,4.4939938
63.38,24.84401232,-5.13941724,-14.85349735,-2.64738883,-4.91172588,10.8318927,-15.13607876,2.54519169,-1.10490551,-11.31554491,15.4710678,4.85400566
63.385,25.0514846,-4.88198081,-14.91701164,-3.77009625,-5.33963715,10.13693688,-15.27040917,2.12068986,-1.34502986,-12.12675498,15.51485033,5.24345947
63.39,25.25218334,-4.61817628,-14.93998692,-4.94287488,-5.80264558,9.39866484,-15.38272925,1.67514404,-1.61726103,-12.99678798,15.50453142,5.64842022
63.395,25.44560693,-4.34446244,-14.91209646,-6.15237918,-6.28002164,8.61585312,-15.46943114,1.20952997,-1.92423735,-13.9284487,15.43421159,6.07318762
63.4,25.62658154,-4.06719736,-14.8816582,-7.38941547,-6.792329,7.82319371,-15.53321561,0.72819813,-2.24844497,-14.91840525,15.30837765,6.49098979
63.405,25.79837939,-3.78060802,-14.79620443,-8.64821866,-7.29491715,6.99944064,-15.56492948,0.23063313,-2.60915387,-15.97522133,15.11427964,6.92786581
63.41,25.9579057,-3.48736697,-14.67269075,-9.91541667,-7.77917815,6.17036635,-15.5608061,-0.28285911,-2.9907948,-17.09985683,14.85400007,7.3687386
63.415,26.1051813,-3.18890971,-14.53671374,-11.18894049,-8.24886161,5.34602085,-15.52404756,-0.80932072,-3.40127329,-18.28618263,14.52370495,7.80715676
63.42,26.23794677,-2.87919128,-14.35750386,-12.45249988,-8.67686584,4.52170476,-15.44329301,-1.34939418,-3.82311902,-19.54816968,14.13145221,8.24849531
63.425,26.35597663,-2.56591698,-14.17578752,-13.70665858,-9.04722313,3.73098878,-15.32059172,-1.90506669,-4.26293885,-20.87398612,13.65598672,8.67203993
63.43,26.45721413,-2.24165442,-13.96234668,-14.93503365,-9.36420198,2.95358517,-15.14603663,-2.47384388,-4.7003333,-22.27861385,13.12420652,9.08576032
63.435,26.54107206,-1.90583065,-13.72179649,-16.12956588,-9.60638827,2.20312062,-14.91268837,-3.0602457,-5.1211211,-23.7619174,12.5279066,9.47769765
63.44,26.61089173,-1.57003514,-13.4995609,-17.30084965,-9.77247563,1.51034552,-14.63076975,-3.65805931,-5.5494496,-25.30616168,11.84923852,9.83375479
63.445,26.66865074,-1.2283808,-13.27328502,-18.43744575,-9.86329333,0.84178373,-14.28631054,-4.26985866,-5.96059831,-26.92077246,11.11471517,10.1561311
63.45,26.7113528,-0.88162951,-13.05160685,-19.53219871,-9.85804114,0.21548975,-13.87616428,-4.89630939,-6.33781305,-28.60618745,10.32041859,10.43044837
63.455,26.74262269,-0.53513706,-12.84210489,-20.58774201,-9.76811144,-0.36997465,-13.4008185,-5.53388083,-6.68473846,-30.35084937,9.47580394,10.65172856
63.46,26.68253329,-0.20355072,-12.72026531,-21.6029486,-9.46219323,-0.72884274,-12.93734447,-6.18742101,-6.98586645,-32.13768545,8.56268954,10.79965829
63.465,26.76360964,0.16023154,-12.47202942,-22.55130889,-9.344286,-1.37894609,-12.24625039,-6.8358531,-7.26218276,-34.01457584,7.62686456,10.92173478
63.47,26.65113293,0.50168421,-12.34704909,-23.45384698,-8.89417576,-1.71916286,-11.67361153,-7.50371861,-7.48830163,-35.89720745,6.6844728,11.00877932
63.475,26.73787687,0.84325113,-12.18807597,-24.31902088,-8.61707709,-2.22255296,-10.81884804,-8.15339427,-7.62941857,-37.85471868,5.65798495,10.93381933
63.48,26.7135801,1.17589913,-12.07742109,-25.12597889,-8.14689153,-2.59975927,-10.00091225,-8.80686069,-7.72929569,-39.82125193,4.65637628,10.84901643
63.485,26.68175774,1.50065806,-11.99569532,-25.87425539,-7.63167839,-2.93376167,-9.11078096,-9.45166492,-7.76461814,-41.80718589,3.65131556,10.68397071
63.49,26.62229012,1.81884782,-11.94495267,-26.56232726,-7.0731958,-3.22457364,-8.17676389,-10.08700624,-7.74832368,-43.79464741,2.65409072,10.46729727
63.495,26.55609261,2.12734436,-11.91779933,-27.18750155,-6.47725955,-3.48307767,-7.17577393,-10.70115061,-7.6642354,-45.77972432,1.67336332,10.17679359
63.5,26.4978989,2.40452229,-11.90739676,-27.77415451,-5.81651709,-3.72290761,-6.11113905,-11.26911338,-7.52443851,-47.74836014,0.73552758,9.82404387
63.505,26.39100321,2.68619955,-11.9265576,-28.27591626,-5.17624079,-3.91146156,-5.02391686,-11.82574393,-7.33806081,-49.68765999,-0.17182806,9.42994271
63.51,26.25761883,2.95611464,-11.97159777,-28.71322124,-4.53326593,-4.07094402,-3.90472664,-12.35039331,-7.10519207,-51.58965767,-1.03023322,8.97816248
63.515,26.09788998,3.21379049,-12.03153751,-29.08486659,-3.89544927,-4.19823191,-2.75990694,-12.83403979,-6.83169495,-53.44265217,-1.83055192,8.4920194
63.52,25.90249532,3.45736047,-12.100617,-29.38098782,-3.26941146,-4.29919795,-1.59600478,-13.27610976,-6.52290187,-55.24039041,-2.56811299,7.96719722
63.525,25.68774068,3.68319763,-12.19318047,-29.62844491,-2.6557975,-4.3747266,-0.4187513,-13.67061832,-6.19150668,-56.97222105,-3.24060453,7.40967502
63.53,25.43679002,3.89574838,-12.29082587,-29.80457989,-2.07668253,-4.42078119,0.76106374,-14.01459257,-5.83948188,-58.63066042,-3.83915129,6.82197952
63.535,25.14629929,4.09609477,-12.38697395,-29.91156529,-1.52856109,-4.44389158,1.93682299,-14.31040518,-5.4729514,-60.21106097,-4.36412827,6.21987791
63.54,24.79209123,4.30138766,-12.50837897,-29.95175561,-1.07366884,-4.44660589,3.07263076,-14.58612403,-5.11598109,-61.70856989,-4.79785256,5.62120504
63.545,24.4602809,4.45386069,-12.58723961,-29.94223791,-0.55071667,-4.42187748,4.24832182,-14.75192454,-4.74016373,-63.10908822,-5.19288952,4.97222069
63.55,24.04949942,4.6245106,-12.69077697,-29.86844472,-0.16964122,-4.37368493,5.3562844,-14.91495498,-4.39286955,-64.42029922,-5.48037292,4.3600917
63.555,23.61810482,4.7670631,-12.77484474,-29.73592529,0.2129008,-4.30974475,6.45562998,-15.01154475,-4.05501254,-65.62936998,-5.71425991,3.7329945
63.56,23.15998978,4.89279847,-12.84293305,-29.55509406,0.55573963,-4.21954827,7.52606184,-15.05620932,-3.74044905,-66.73456853,-5.88419691,3.11516433
63.565,22.65499672,5.01489314,-12.90099853,-29.31051613,0.82684607,-4.11038526,8.54992959,-15.0701519,-3.45657593,-67.73048865,-5.98070441,2.52452755
63.57,22.14220763,5.10030359,-12.94128757,-29.03226902,1.12452898,-3.98020049,9.55546029,-15.01524275,-3.19804076,-68.61940853,-6.03991612,1.92757759
63.575,21.56380761,5.20897916,-12.969325,-28.68794533,1.28022346,-3.84531874,10.48647096,-14.96759029,-2.98770733,-69.40004302,-6.00547619,1.41327827
63.58,20.98440127,5.28613536,-12.97706657,-28.32333264,1.44075648,-3.67960369,11.39653698,-14.86436217,-2.80530031,-70.07504827,-5.95394813,0.89141271
63.585,20.38088245,5.34765408,-12.9589496,-27.92657879,1.57371084,-3.50416942,12.26147605,-14.72881959,-2.66129694,-70.64129281,-5.85084728,0.42089432
63.59,19.75449538,5.3916143,-12.93467136,-27.48090736,1.68371191,-3.29503945,13.08355406,-14.56422485,-2.56234402,-71.08625361,-5.7273749,-0.02565059
63.595,19.10451368,5.4195482,-12.88943552,-27.00932607,1.73166607,-3.17623201,13.85581637,-14.3708505,-2.48975646,-71.4268378,-5.48275016,-0.34266619
63.6,18.45134018,5.45030853,-12.80998417,-26.52201245,1.80337054,-2.84241417,14.5944425,-14.17799501,-2.47404833,-71.66485582,-5.38499768,-0.75176116
63.605,17.79197043,5.45357745,-12.73035166,-26.01305084,1.79326471,-2.65577331,15.30714231,-13.94554288,-2.45417995,-71.80483696,-5.12911314,-1.01139823
63.61,17.11803574,5.45353537,-12.62834253,-25.47801922,1.78567855,-2.39654177,15.97163726,-13.7155465,-2.4892107,-71.8345847,-4.91250584,-1.2479127
63.615,16.40813119,5.43494094,-12.49733429,-24.92604896,1.83559097,-2.05765967,16.55017717,-13.47996996,-2.60255526,-71.74264653,-4.73603829,-1.43249462
63.62,15.71137005,5.40128743,-12.36672488,-24.36522809,1.82246106,-1.76511375,17.12385219,-13.22635001,-2.70317825,-71.56622088,-4.51401557,-1.55135286
63.625,15.01783267,5.35809744,-12.22009191,-23.79668363,1.80296292,-1.4676667,17.66543729,-12.96922993,-2.83130733,-71.29449538,-4.30003061,-1.61485245
63.63,14.32376854,5.30071238,-12.06324867,-23.22240963,1.78054449,-1.16039548,18.17239954,-12.70622724,-2.98036221,-70.92836589,-4.09794915,-1.62788758
63.635,13.63578905,5.23376739,-11.89865779,-22.64608454,1.7566776,-0.84540178,18.65047421,-12.44198779,-3.14577929,-70.472269,-3.91120791,-1.59608637
63.64,12.95447335,5.15730768,-11.72884386,-22.0687639,1.73780345,-0.52647396,19.10324005,-12.18133659,-3.3270774,-69.93074121,-3.74594579,-1.52380679
63.645,12.27985504,5.0706843,-11.55702586,-21.49453313,1.72280257,-0.20062693,19.52642147,-11.91905359,-3.51631507,-69.30256942,-3.60282532,-1.4174222
63.65,11.61480839,4.97638782,-11.38331471,-20.9232137,1.71549783,0.12965642,19.9272121,-11.66110597,-3.71387049,-68.59563054,-3.48474382,-1.28331154
63.655,10.96225161,4.87494082,-11.21338454,-20.35862778,1.7137243,0.46164501,20.30554664,-11.40637066,-3.91263512,-67.80873827,-3.39331328,-1.12926071
63.66,10.32192696,4.76823439,-11.04708788,-19.80320206,1.71990571,0.79702484,20.66250972,-11.15623619,-4.11150768,-66.94675738,-3.32837483,-0.96200779
63.665,9.69775098,4.65776233,-10.88374215,-19.25772841,1.73659866,1.13152794,21.00026969,-10.91131298,-4.30728787,-66.01068113,-3.29252293,-0.7864139
63.67,9.08657002,4.54556775,-10.73068005,-18.72147317,1.76535968,1.46570688,21.31933454,-10.67456974,-4.49902386,-65.00649721,-3.28192396,-0.61249689
63.675,8.49076787,4.43219928,-10.58758386,-18.19784332,1.80032431,1.80002449,21.62029735,-10.44417449,-4.68152397,-63.9329134,-3.29552539,-0.44618493
63.68,7.90913702,4.32123407,-10.45696817,-17.68789962,1.84780721,2.13493203,21.90189042,-10.22367486,-4.85529153,-62.79269193,-3.33113528,-0.29348485
63.685,7.35110703,4.21132153,-10.33332319,-17.19302912,1.90201275,2.45926512,22.17426352,-10.01129491,-5.01881016,-61.58975662,-3.39135478,-0.1556531
63.69,6.80419341,4.10773428,-10.22390428,-16.71354023,1.96958889,2.78654728,22.42531248,-9.8102597,-5.16968154,-60.32512969,-3.46464212,-0.04418149
63.695,6.27746103,4.0092454,-10.12613525,-16.24961431,2.04417695,3.10708768,22.66363566,-9.61920475,-5.30783401,-58.99977307,-3.55375654,0.04293115
63.7,5.77010108,3.91890811,-10.03373347,-15.80285945,2.12589872,3.42020207,22.88983617,-9.4382564,-5.42802066,-57.61737679,-3.65365872,0.1026945
63.705,5.2803923,3.83731308,-9.94987271,-15.37240866,2.21597449,3.72743527,23.1007505,-9.26783975,-5.53398141,-56.1768467,-3.76022283,0.13291741
63.71,4.80046207,3.76877062,-9.90200886,-14.95899865,2.32111594,4.03296684,23.28634161,-9.12127894,-5.64026446,-54.67742326,-3.86328756,0.12309811
63.715,4.34649045,3.71001059,-9.83388682,-14.56189997,2.42354968,4.32433318,23.46891748,-8.97547601,-5.71385323,-53.12656979,-3.96863312,0.09521051
63.72,3.89330421,3.66582346,-9.81241239,-14.18116361,2.54862837,4.62350125,23.61771636,-8.85947236,-5.79777938,-51.51921942,-4.0609454,0.0183027
63.725,3.46262242,3.63514845,-9.78036117,-13.81675047,2.67488923,4.90801724,23.75780786,-8.75125964,-5.85849648,-49.86001451,-4.14619774,-0.07495527
63.73,3.04653925,3.62038618,-9.75619721,-13.46803596,2.80651523,5.18339067,23.88109155,-8.65984583,-5.9077522,-48.1492177,-4.21458187,-0.19186817
63.735,2.64711163,3.61817119,-9.71901246,-13.1355979,2.94580645,5.45143895,23.98735965,-8.57956775,-5.94451219,-46.38676932,-4.2716912,-0.32457162
63.74,2.24852178,3.63426198,-9.72542332,-12.81809274,3.10133163,5.72055628,24.0614106,-8.52740505,-5.99040502,-44.57204664,-4.30244425,-0.48745072
63.745,1.86533626,3.66679559,-9.71976695,-12.51169786,3.25651326,5.97722436,24.12155248,-8.48523317,-6.01651575,-42.70872263,-4.30588503,-0.6494953
63.75,1.54903045,3.72168049,-9.73018914,-12.22108921,3.34414399,6.12937851,24.22605792,-8.45793748,-6.012183,-40.81056434,-4.21649021,-0.75855931
63.755,1.12325059,3.77774023,-9.69421006,-11.9471321,3.61248995,6.48323309,24.16140014,-8.457349,-6.07115369,-38.83519414,-4.2624702,-0.99202637
63.76,0.8201957,3.86660918,-9.72233659,-11.6785232,3.71583224,6.62563226,24.21902056,-8.46397393,-6.05937319,-36.84547046,-4.11510187,-1.09968607
63.765,0.39923289,3.95738252,-9.68594433,-11.42202702,4.00226536,6.9724033,24.10235267,-8.50011831,-6.11642833,-34.78387811,-4.10890611,-1.28656855
63.77,0.03330458,4.07003611,-9.68815382,-11.17207002,4.21235695,7.22362046,24.02681052,-8.54491135,-6.13862014,-32.69677144,-3.99436842,-1.40133401
63.775,-0.32346523,4.20088272,-9.67893851,-10.93452868,4.43607087,7.46347151,23.93150481,-8.61031542,-6.16661492,-30.57663449,-3.86295466,-1.4881781
63.78,-0.68707984,4.34664421,-9.67359764,-10.70519933,4.6759102,7.70650177,23.80593133,-8.69392629,-6.20372767,-28.4290455,-3.71688697,-1.54098301
63.785,-1.04499181,4.50917235,-9.64908638,-10.48374635,4.92553733,7.94358723,23.66231047,-8.79289045,-6.23847061,-26.25772232,-3.56165171,-1.55138384
63.79,-1.42476889,4.6896775,-9.64444448,-10.2655584,5.19729503,8.19391151,23.48290673,-8.91339121,-6.28568955,-24.07609053,-3.39554891,-1.51829455
63.795,-1.72995068,4.87745157,-9.61898576,-10.06331407,5.41942837,8.36150379,23.35959004,-9.03302579,-6.31367955,-21.89283617,-3.20634431,-1.47620479
63.8,-2.13333434,5.07694193,-9.55833028,-9.86822511,5.76062344,8.65863635,23.1155011,-9.18880933,-6.40497053,-19.7072868,-3.08340364,-1.33601576
63.805,-2.52636375,5.30055734,-9.51918571,-9.66967063,6.07435056,8.91856655,22.89385908,-9.35394678,-6.45804849,-17.55519619,-2.94138545,-1.16142553
63.81,-2.92187891,5.54249711,-9.46725138,-9.4860061,6.41955333,9.17954391,22.66866749,-9.53923822,-6.50544865,-15.44607137,-2.82763412,-0.93843983
63.815,-3.35219634,5.77375341,-9.44369535,-9.29885524,6.7729537,9.467179,22.41565832,-9.71120975,-6.54450507,-13.38542954,-2.66767896,-0.66861334
63.82,-3.74786041,6.0204905,-9.38392861,-9.13191346,7.13989838,9.73141541,22.20230058,-9.90515814,-6.59312935,-11.40346646,-2.57836699,-0.38022462
63.825,-4.15242101,6.27392103,-9.32481882,-8.97836201,7.52693041,10.01082875,21.9970355,-10.10639685,-6.62901323,-9.51695251,-2.49734164,-0.0565815
63.83,-4.55857086,6.52784065,-9.26769472,-8.8377764,7.93020676,10.29543017,21.8148286,-10.30900124,-6.6484166,-7.7467468,-2.4274524,0.28957906
63.835,-4.96378971,6.77446537,-9.2138598,-8.7151155,8.34522847,10.58906847,21.65913655,-10.50496715,-6.64860698,-6.10433655,-2.36535322,0.65035878
63.84,-5.35948202,7.00621364,-9.16282149,-8.61315189,8.78298589,10.88402515,21.53911991,-10.68833161,-6.63912855,-4.59903927,-2.32661559,1.01172873
63.845,-5.74810705,7.22283698,-9.11799092,-8.53261383,9.232773,11.17763652,21.45762096,-10.85742065,-6.60692996,-3.24433701,-2.3018596,1.36459083
63.85,-6.13627186,7.41413019,-9.08235882,-8.47784079,9.69284481,11.49486822,21.40371133,-11.00399412,-6.55985288,-2.04291659,-2.28332352,1.71607518
63.855,-6.51037938,7.57371714,-9.0580015,-8.45432473,10.16327343,11.80536957,21.39149868,-11.12160235,-6.4970415,-1.00385399,-2.28165369,2.04082444
63.86,-6.87463979,7.70258479,-9.04525255,-8.46327703,10.64218293,12.1206383,21.41547454,-11.21165725,-6.41962677,-0.12959801,-2.29418111,2.34156049
63.865,-7.22877059,7.79232328,-9.04610984,-8.50877413,11.12357665,12.45149039,21.47220072,-11.26599775,-6.32956248,0.57845641,-2.31928705,2.61751495
63.87,-7.55875281,7.8428858,-9.06029224,-8.6124538,11.61005704,12.76441885,21.56521583,-11.28610426,-6.22226653,1.11865048,-2.36426541,2.85611091
63.875,-7.89257435,7.84789479,-9.10026848,-8.72657338,12.09721332,13.13515629,21.68877832,-11.26398124,-6.12297859,1.48969964,-2.414214,3.06330999
63.88,-8.19777662,7.81027003,-9.15318894,-8.90919966,12.58212701,13.47779524,21.84541962,-11.20483451,-6.0072198,1.69504846,-2.48454317,3.22277443
63.885,-8.47650307,7.72404485,-9.22464424,-9.15684718,13.06363563,13.81162855,22.03080278,-11.10598591,-5.88418454,1.73800453,-2.56772577,3.33543495
63.89,-8.74021042,7.60075167,-9.32705643,-9.45035297,13.53128896,14.20429295,22.25050923,-10.97456474,-5.75376134,1.61255489,-2.68334419,3.40678963
63.895,-8.97666141,7.43074803,-9.44765541,-9.81208962,13.99219149,14.57180734,22.49628144,-10.80513237,-5.61486198,1.33231651,-2.81733492,3.42253519
63.9,-9.18368135,7.21678252,-9.58565807,-10.24153877,14.43994818,14.94483854,22.77042823,-10.60332788,-5.47065676,0.89811946,-2.9718486,3.38131528
63.905,-9.36014433,6.96092878,-9.75035849,-10.74382909,14.86549939,15.32345374,23.07146696,-10.36983726,-5.31858532,0.3171669,-3.15177878,3.28130396
63.91,-9.50384502,6.66461924,-9.9346385,-11.32135753,15.26835592,15.70540298,23.39801558,-10.10852681,-5.15942795,-0.40538785,-3.35710303,3.12002866
63.915,-9.61233233,6.33012867,-10.1316692,-11.9811858,15.64292741,16.0860542,23.74570655,-9.82520516,-4.99533372,-1.25894386,-3.58683786,2.90013759
63.92,-9.68325914,5.95986471,-10.34509419,-12.72440144,15.98544577,16.4694597,24.11370458,-9.5227552,-4.82555736,-2.23480217,-3.84168352,2.62042811
63.925,-9.71432886,5.55460611,-10.5738084,-13.55496024,16.28618728,16.85627282,24.49959314,-9.20366245,-4.64972326,-3.32241524,-4.12066082,2.28093042
63.93,-9.70458553,5.11627864,-10.81138016,-14.47558689,16.54051285,17.24036747,24.89858957,-8.87185369,-4.47047001,-4.51003217,-4.41932064,1.88857905
63.935,-9.65231271,4.64661988,-11.04801609,-15.48981155,16.75656008,17.62020614,25.30534587,-8.53334175,-4.30089091,-5.7861902,-4.73188487,1.4543656
63.94,-9.55419586,4.14532534,-11.29358409,-16.59705706,16.90742423,17.9988493,25.71840713,-8.18665266,-4.12397887,-7.13351135,-5.05429432,0.97323791
63.945,-9.41012497,3.61317606,-11.52872109,-17.8033391,17.00944032,18.36932125,26.12923392,-7.83913688,-3.97150058,-8.54612413,-5.37586785,0.46999542
63.95,-9.22313953,3.05238367,-11.75690221,-19.10071546,17.04079057,18.72815741,26.53208787,-7.492185,-3.83395984,-10.00102011,-5.68615664,-0.05011531
63.955,-8.98440426,2.45749243,-11.97660654,-20.49417481,17.00411334,19.07889265,26.92540545,-7.14505676,-3.71923747,-11.48972312,-5.97458568,-0.5866178
63.96,-8.68843037,1.83484184,-12.16407259,-21.98673737,16.87962784,19.42264684,27.30524671,-6.79866585,-3.60587211,-12.98924092,-6.2502916,-1.12926729
63.965,-8.3462682,1.17822525,-12.33569736,-23.56926115,16.68031581,19.73933553,27.66043411,-6.45931443,-3.5481676,-14.49581651,-6.47348458,-1.6524684
63.97,-7.9455526,0.49079413,-12.48208125,-25.24212896,16.39414733,20.03649324,27.99737686,-6.12468702,-3.52199476,-15.99551386,-6.65211759,-2.16547142
63.975,-7.49427264,-0.22947726,-12.59474793,-26.99874024,16.01414107,20.30605682,28.30461821,-5.79589195,-3.54311888,-17.47432063,-6.76572744,-2.64329156
63.98,-6.97912415,-0.98152948,-12.67451526,-28.83859252,15.53854106,20.54740755,28.59116927,-5.47219831,-3.60193651,-18.92685105,-6.81563703,-3.09741748
63.985,-6.40420817,-1.76224896,-12.71712312,-30.75193394,14.96333062,20.7496731,28.85419203,-5.15340014,-3.70094355,-20.34512758,-6.79125747,-3.51564665
63.99,-5.76214063,-2.57060007,-12.71823609,-32.73422306,14.28740525,20.91161029,29.09866001,-4.83947988,-3.84080489,-21.72498889,-6.68794071,-3.89825394
63.995,-5.05878575,-3.40290956,-12.68379318,-34.77926535,13.50552733,21.02122207,29.31826152,-4.53046172,-4.01568528,-23.05795112,-6.49208742,-4.23678923
64,-4.28983853,-4.25688114,-12.59990252,-36.86673323,12.61794167,21.08114069,29.52753106,-4.22711047,-4.24283085,-24.35451686,-6.21724733,-4.53291536
64.005,-3.45818318,-5.11870862,-12.47324954,-39.00324478,11.64026405,21.0749277,29.70961144,-3.92946425,-4.47761923,-25.58795572,-5.84718891,-4.77954491
64.01,-2.56743825,-5.99228268,-12.30600505,-41.16185076,10.5623239,21.004804,29.87796473,-3.63806281,-4.75982141,-26.77538065,-5.39765131,-4.98100501
64.015,-1.62455001,-6.87008807,-12.10061772,-43.33632059,9.39085375,20.86613075,30.02371991,-3.35024316,-5.06604115,-27.90560515,-4.86864475,-5.13713745
64.02,-0.63156928,-7.73984315,-11.85850837,-45.51136335,8.15015633,20.6488103,30.15350291,-3.07048434,-5.3876286,-28.98311043,-4.25678169,-5.25314595
64.025,0.4389086,-8.57615107,-11.57955838,-47.67811433,6.86236422,20.32676195,30.30366601,-2.8144128,-5.72026137,-30.0203289,-3.51548668,-5.32218611
64.03,1.51090824,-9.41472499,-11.27458926,-49.82051577,5.50197652,19.94882798,30.38406228,-2.54896773,-6.07525663,-30.97447512,-2.78051163,-5.36198964
64.035,2.61629009,-10.22553002,-10.94647712,-51.92902763,4.10239818,19.48980933,30.44289073,-2.29166306,-6.43013722,-31.86648676,-1.99788825,-5.36583133
64.04,3.74931877,-11.00221162,-10.60086877,-53.99436927,2.68355461,18.94937163,30.48038258,-2.04403407,-6.77943918,-32.69776913,-1.17634496,-5.33699623
64.045,4.89950881,-11.74208936,-10.24387787,-56.00775265,1.25659369,18.33463481,30.48857986,-1.80218045,-7.12192697,-33.46155104,-0.33175173,-5.28605568
64.05,6.0501362,-12.44758004,-9.87034051,-57.96240255,-0.16541859,17.65862431,30.44581795,-1.55165287,-7.44045374,-34.1389185,0.47566832,-5.21296332
64.055,7.22340961,-13.0866508,-9.51382162,-59.84487055,-1.52875097,16.8845156,30.41344493,-1.34101071,-7.75473618,-34.78997151,1.37914206,-5.14000445
64.06,8.38874608,-13.68529532,-9.14726808,-61.65788639,-2.85818678,16.05914767,30.32682006,-1.11921124,-8.03207883,-35.34873075,2.22055761,-5.05081797
64.065,9.54605839,-14.23203259,-8.7982636,-63.39291793,-4.12775724,15.17521621,30.21107256,-0.90783032,-8.29272762,-35.84593587,3.0468467,-4.96654342
64.07,10.6852078,-14.72399277,-8.45839906,-65.04564256,-5.31657072,14.2526588,30.05391196,-0.6958931,-8.50930567,-36.26850427,3.83750523,-4.89392887
64.075,11.81249216,-15.16145198,-8.14370939,-66.61139022,-6.42706598,13.27206645,29.87089147,-0.49872159,-8.70621312,-36.6285408,4.59029431,-4.82252579
64.08,12.9217814,-15.54574562,-7.84508635,-68.09014195,-7.45595486,12.24934612,29.65298899,-0.30279543,-8.86601209,-36.91964853,5.29148805,-4.75838357
64.085,13.9969402,-15.86828506,-7.57587549,-69.47411862,-8.37095778,11.2227063,29.39632441,-0.11256328,-8.97177059,-37.13975402,5.94833325,-4.72159233
64.09,15.04109334,-16.14225317,-7.3368175,-70.76499667,-9.18792298,10.16942673,29.10304321,0.07347491,-9.04754815,-37.29476346,6.53973929,-4.70709155
64.095,16.04091478,-16.40087223,-7.12833664,-71.96604692,-9.89390004,9.13979233,28.75567413,0.2818132,-9.10171164,-37.37282538,7.02564792,-4.70617226
64.1,17.02209593,-16.55691134,-6.95558635,-73.0608276,-10.51125138,8.05003754,28.40443101,0.44498814,-9.09198423,-37.40752025,7.51407277,-4.73742503
64.105,17.95640444,-16.67935157,-6.81500467,-74.05935914,-11.00902496,6.99992439,28.00714293,0.61772448,-9.04676619,-37.37065007,7.91990321,-4.78848559
64.11,18.85152153,-16.7489879,-6.7098239,-74.95587519,-11.41431697,5.94982351,27.58023769,0.77938443,-8.96176004,-37.2778782,8.26992014,-4.86632964
64.115,19.70276915,-16.77052879,-6.63866123,-75.74921664,-11.71940706,4.93060087,27.11831006,0.93365104,-8.83662279,-37.12273734,8.55932614,-4.96786729
64.12,20.51262932,-16.75380944,-6.6071695,-76.44596585,-11.94699485,3.93061324,26.63286237,1.07459122,-8.68403717,-36.93266677,8.78765806,-5.09331774
64.125,21.27700062,-16.69670412,-6.60491619,-77.03646321,-12.08250211,2.97273778,26.10944034,1.21181959,-8.49758584,-36.67437794,8.96005569,-5.23829531
64.13,21.99845303,-16.59742174,-6.63378369,-77.52623724,-12.15324996,2.0503057,25.55936008,1.33558699,-8.27917961,-36.37371517,9.08363284,-5.40850891
64.135,22.67597688,-16.46725483,-6.68786851,-77.91622946,-12.13898239,1.19856399,24.97808561,1.45123992,-8.03852757,-36.02366628,9.1627016,-5.59192448
64.14,23.31244837,-16.30430064,-6.76505377,-78.20856157,-12.07094437,0.39357685,24.37235498,1.55849103,-7.77319887,-35.6346957,9.19194124,-5.78609072
64.145,23.9071953,-16.10833157,-6.86438119,-78.39943123,-11.94952192,-0.34877466,23.73942585,1.65097218,-7.49171503,-35.20096599,9.19019057,-5.99680139
64.15,24.46367316,-15.88521424,-6.98021279,-78.49377039,-11.7844951,-1.02343936,23.08358353,1.73245011,-7.19396774,-34.73053472,9.15391276,-6.21248765
64.155,24.98310481,-15.63330973,-7.1077791,-78.49298819,-11.58231783,-1.62685146,22.40618244,1.79996696,-6.88715223,-34.22569613,9.09322755,-6.43526418
64.16,25.46716464,-15.35687212,-7.24519219,-78.39847489,-11.35685936,-2.15563736,21.70817144,1.85355985,-6.57345428,-33.68829552,9.00927816,-6.66070219
64.165,25.91830664,-15.05980505,-7.39061372,-78.21317781,-11.11027589,-2.60913002,20.9931788,1.89509697,-6.25604895,-33.1216891,8.90735746,-6.88079873
64.17,26.3397176,-14.74166741,-7.53772174,-77.93781704,-10.85366201,-2.98437278,20.26358763,1.92295641,-5.94066183,-32.52762574,8.79318437,-7.09637434
64.175,26.73133058,-14.40432389,-7.6845377,-77.57614384,-10.59540112,-3.2828561,19.52050307,1.93742229,-5.62926537,-31.91028789,8.66897936,-7.3068505
64.18,27.09580204,-14.05159846,-7.82888185,-77.12850274,-10.34345463,-3.50246101,18.76611965,1.94014774,-5.32710328,-31.27017093,8.53844146,-7.50993015
64.185,27.4357389,-13.68561661,-7.97010006,-76.60050325,-10.10003883,-3.64629809,18.00371361,1.93085733,-5.03295163,-30.61182521,8.406045,-7.6992434
64.19,27.75150409,-13.30812898,-8.10508083,-75.99332082,-9.87235456,-3.71426811,17.23385832,1.91043141,-4.75157278,-29.93649996,8.27288484,-7.87761608
64.195,28.04420177,-12.92286301,-8.23364115,-75.30961115,-9.66418733,-3.70784818,16.45941494,1.88198798,-4.48256647,-29.24732586,8.14241786,-8.04206893
64.2,28.31712237,-12.53162024,-8.35386388,-74.55254426,-9.47644706,-3.63017195,15.68256915,1.84474608,-4.23082448,-28.54550648,8.0167922,-8.19114541
64.205,28.56867404,-12.1371099,-8.46658258,-73.72419108,-9.31054626,-3.4830844,14.90382098,1.80102034,-3.99352831,-27.83337643,7.89754668,-8.32458047
64.21,28.80473998,-11.74023753,-8.5694604,-72.8275442,-9.16829406,-3.27230869,14.13073261,1.75159762,-3.77705475,-27.11676278,7.78764658,-8.43838671
64.215,29.02148981,-11.34389609,-8.66344529,-71.8647384,-9.04685009,-2.99860399,13.35875702,1.69784326,-3.57797813,-26.39329512,7.68587304,-8.53589787
64.22,29.22197629,-10.95063445,-8.75281712,-70.83651038,-8.95113454,-2.66630115,12.59509374,1.64006966,-3.39834696,-25.66884394,7.59594974,-8.61299081
64.225,29.40608661,-10.56253077,-8.83242544,-69.74722842,-8.87478499,-2.27971905,11.83811494,1.58202382,-3.23374407,-24.94423391,7.5169354,-8.67134741
64.23,29.57289317,-10.18125508,-8.90793229,-68.59766422,-8.81664874,-1.84040677,11.08912696,1.52270965,-3.08911335,-24.22008063,7.44918588,-8.71187455
64.235,29.72562738,-9.81012004,-8.9766904,-67.38967529,-8.77679688,-1.35587675,10.35236213,1.46635903,-2.96058127,-23.50062049,7.39406566,-8.73237598
64.24,29.86221708,-9.44795358,-9.0399216,-66.12560854,-8.7478997,-0.82796707,9.6257371,1.41146133,-2.84740641,-22.78610535,7.35041886,-8.73477811
64.245,29.98374135,-9.09898979,-9.10390056,-64.80534503,-8.73565089,-0.26052999,8.91501173,1.35899203,-2.75215872,-22.07988992,7.32040377,-8.71859721
64.25,30.09157416,-8.76406187,-9.16609086,-63.43174836,-8.73364537,0.33969477,8.21928366,1.31174473,-2.66808153,-21.38281014,7.30384748,-8.68405666
64.255,30.18179668,-8.44588364,-9.22733689,-62.00639908,-8.73315726,0.97151684,7.53596078,1.27200112,-2.59501555,-20.69541262,7.30037476,-8.63174191
64.26,30.25540393,-8.14143817,-9.28776395,-60.52938169,-8.73520433,1.63220002,6.86790373,1.23678801,-2.53403867,-20.02017043,7.30904225,-8.56214412
64.265,30.31513197,-7.85417488,-9.3482936,-59.0028292,-8.73564559,2.30891299,6.21610559,1.20993742,-2.48332017,-19.35629224,7.33039906,-8.47617621
64.27,30.35707774,-7.5854075,-9.41505157,-57.42506349,-8.73924633,3.01007311,5.58237227,1.19009717,-2.43731913,-18.70920176,7.3664998,-8.37422917
64.275,30.38261814,-7.33348981,-9.48211793,-55.79835447,-8.73474053,3.72133481,4.9641299,1.1786438,-2.39967906,-18.07536022,7.41419242,-8.25755139
64.28,30.38895962,-7.09744823,-9.55079175,-54.12261831,-8.71915779,4.44277318,4.36053651,1.17446631,-2.37084926,-17.45719343,7.47314281,-8.12546372
64.285,30.37785073,-6.88058431,-9.62167716,-52.39965901,-8.69338777,5.170676,3.77360752,1.18103473,-2.33852806,-16.85539857,7.54765858,-7.97938503
64.29,30.3443205,-6.68152038,-9.69873337,-50.62915054,-8.6513223,5.90685903,3.19910657,1.19624469,-2.31162471,-16.26948014,7.63502705,-7.81913765
64.295,30.29713554,-6.49848953,-9.7750677,-48.81017658,-8.59618562,6.62573886,2.64402388,1.22007811,-2.29544611,-15.69953191,7.72995426,-7.65065109
64.3,30.22319612,-6.33089454,-9.85078451,-46.94534244,-8.51547689,7.35091408,2.09811093,1.2540383,-2.27153037,-15.14805854,7.84057847,-7.46498773
64.305,30.13303031,-6.18056624,-9.93115336,-45.03364017,-8.42384776,8.06101816,1.56981168,1.29782603,-2.2519512,-14.61244916,7.96078432,-7.27459946
64.31,30.02290751,-6.03677356,-9.9953726,-43.07541626,-8.32126406,8.76789596,1.05942446,1.34950232,-2.21464061,-14.10151369,8.08754616,-7.0734834
64.315,29.88005404,-5.92737645,-10.08853258,-41.0769846,-8.17154205,9.45197836,0.54578917,1.41606493,-2.20580542,-13.59364563,8.23588133,-6.86381814
64.32,29.71603825,-5.82245683,-10.1641535,-39.03330436,-8.00728801,10.11666659,0.04649129,1.49146927,-2.18242665,-13.10867459,8.38943895,-6.64418361
64.325,29.53298828,-5.73430301,-10.23880307,-36.95032736,-7.83369629,10.76521204,-0.43921344,1.57803863,-2.15123626,-12.64002722,8.55186088,-6.42265827
64.33,29.32198434,-5.66263494,-10.31008516,-34.83153123,-7.62929114,11.38766439,-0.92189809,1.67742954,-2.11922242,-12.1874064,8.72531463,-6.19248697
64.335,29.0886582,-5.60844743,-10.37766392,-32.6806777,-7.4085973,11.97926697,-1.39766829,1.79066172,-2.08072025,-11.75067053,8.9088594,-5.95874356
64.34,28.84109254,-5.55951344,-10.42274427,-30.49674875,-7.18966683,12.53963062,-1.85244051,1.91107957,-2.0243187,-11.34313161,9.08785415,-5.72718559
64.345,28.55757215,-5.55158974,-10.50314567,-28.30076969,-6.92748129,13.06112556,-2.33208515,2.05692085,-1.98323632,-10.9265326,9.3010759,-5.48637433
64.35,28.25236183,-5.55429452,-10.56953412,-26.08664964,-6.66530109,13.55104743,-2.80648527,2.21115989,-1.9267769,-10.5319625,9.51999644,-5.23779502
64.355,27.94058324,-5.5723614,-10.62517767,-23.86165474,-6.42691005,14.00331155,-3.25864733,2.37676093,-1.8460727,-10.16886626,9.73521223,-4.9981794
64.36,27.60562302,-5.62046111,-10.69357647,-21.64710618,-6.16882337,14.41068357,-3.72759064,2.56269514,-1.76402202,-9.8087562,9.97429418,-4.75254482
64.365,27.25913427,-5.68427412,-10.77252472,-19.44508331,-5.92115509,14.77508028,-4.19539646,2.75881815,-1.67356435,-9.46670319,10.22241623,-4.50570031
64.37,26.94132379,-5.74905386,-10.86205122,-17.26445536,-5.68553212,15.0536741,-4.62884513,2.94958428,-1.59595193,-9.13099103,10.4362391,-4.29021217
64.375,26.56012209,-5.88398006,-10.97118143,-15.13978888,-5.47919278,15.35695597,-5.11794659,3.18993853,-1.44096976,-8.83285981,10.74377482,-4.02240386
64.38,26.20347741,-6.00673272,-11.08161038,-13.06658875,-5.27202363,15.59865329,-5.58709901,3.41831867,-1.31814479,-8.54668529,11.02323524,-3.76986834
64.385,25.85812403,-6.16116944,-11.20009252,-11.07730025,-5.08759292,15.80337274,-6.05206396,3.66824046,-1.16793257,-8.29075161,11.33660068,-3.52062038
64.39,25.53989992,-6.32102929,-11.33209502,-9.18079073,-4.91331089,15.96819069,-6.50379891,3.91535539,-1.01911912,-8.05264402,11.64585835,-3.28030179
64.395,25.19381764,-6.44569527,-11.50188458,-7.37337448,-4.72019077,16.14728823,-6.99419963,4.11947924,-0.90188753,-7.82940256,11.99562788,-3.00287873
64.4,24.90976596,-6.60735278,-11.68102655,-5.70153738,-4.57027329,16.26247505,-7.44550069,4.34894872,-0.74777005,-7.64264783,12.34626687,-2.74253553
64.405,24.65449772,-6.76420471,-11.87932083,-4.15835178,-4.43521302,16.34608181,-7.88493228,4.56374706,-0.58724299,-7.49187762,12.71234932,-2.48261947
64.41,24.42934265,-6.90907835,-12.09653204,-2.75411818,-4.31738423,16.40803234,-8.31837586,4.75943227,-0.43045595,-7.3725633,13.09522789,-2.21253223
64.415,24.23147876,-7.03775244,-12.32259934,-1.49669195,-4.21901558,16.46800505,-8.7535619,4.93419255,-0.30210375,-7.28358412,13.48775325,-1.91140482
64.42,24.08796928,-7.14257638,-12.5674819,-0.38579554,-4.13070278,16.44365989,-9.14196121,5.06921246,-0.13459885,-7.24753473,13.90239524,-1.66309353
64.425,23.97197994,-7.22191382,-12.82555876,0.57233676,-4.06494667,16.41327299,-9.52646551,5.17370744,0.0083371,-7.25140918,14.32826424,-1.38957945
64.43,23.89112724,-7.27245837,-13.09108055,1.37143999,-4.0225728,16.3597992,-9.89850763,5.24181478,0.13456373,-7.29607161,14.76360232,-1.10433802
64.435,23.84456616,-7.29237377,-13.36144497,2.01415322,-4.00459934,16.28130716,-10.25443287,5.27209834,0.24192053,-7.38804501,15.20590571,-0.80849554
64.44,23.82993226,-7.27965417,-13.63085727,2.49960484,-4.01418529,16.1788482,-10.59396944,5.26182749,0.32649023,-7.53171685,15.65544887,-0.49152501
64.445,23.85115752,-7.23417743,-13.89995805,2.82816269,-4.05101135,16.04326119,-10.9129064,5.21051363,0.39121592,-7.72553182,16.10332415,-0.17707143
64.45,23.90554882,-7.1569627,-14.16695626,3.00507464,-4.11995922,15.87201959,-11.20454004,5.11655684,0.44713588,-7.98028164,16.54423991,0.12583761
64.455,23.99200784,-7.04800537,-14.42483961,3.0199982,-4.21789572,15.67025159,-11.4808155,4.98326085,0.46394556,-8.2913536,16.9862235,0.4412978
64.46,24.10959733,-6.90736851,-14.67448799,2.88461517,-4.353381,15.42932088,-11.73765169,4.80856635,0.46118331,-8.65385039,17.41543693,0.75439106
64.465,24.25425614,-6.7315085,-14.90209523,2.60356594,-4.52151639,15.14699545,-11.97185241,4.59079225,0.42667098,-9.08156868,17.83072643,1.07029756
64.47,24.4250602,-6.52941407,-15.09771805,2.18293384,-4.72916739,14.81892384,-12.18460539,4.33539553,0.35390993,-9.57106414,18.21588914,1.39901341
64.475,24.62334314,-6.30851759,-15.29029722,1.62417961,-4.98317499,14.44433203,-12.37730949,4.05064542,0.26536877,-10.11660624,18.57358358,1.69993705
64.48,24.8448271,-6.06250713,-15.44123463,0.93639986,-5.27542708,14.01277716,-12.54689529,3.73227612,0.13789391,-10.72988859,18.8974766,2.00963443
64.485,25.08822689,-5.79618034,-15.54276438,0.12713599,-5.6074798,13.51751104,-12.69223606,3.38611419,-0.02999443,-11.41259875,19.18038932,2.32884229
64.49,25.35268107,-5.51327554,-15.58808186,-0.79509955,-5.97754407,12.95435259,-12.81198985,3.01694684,-0.23508279,-12.16535366,19.4153875,2.65426368
64.495,25.63624971,-5.21700989,-15.60045026,-1.82405123,-6.38161103,12.3380504,-12.90885969,2.62732161,-0.46601452,-12.98258647,19.59786224,2.9580868
64.5,25.93735546,-4.90905768,-15.54761093,-2.94759868,-6.81613059,11.64945855,-12.97604556,2.2215134,-0.73335599,-13.87377719,19.72227915,3.26836951
64.505,26.2525239,-4.59066425,-15.44015971,-4.15571278,-7.26952385,10.90610632,-13.01485247,1.8024482,-1.02878923,-14.8379398,19.78144153,3.5711105
64.51,26.57881166,-4.26615004,-15.29558482,-5.43708795,-7.74236694,10.11088155,-13.02581353,1.37015193,-1.35225001,-15.86748818,19.77711664,3.86216452
64.515,26.91501488,-3.93646144,-15.07683493,-6.78189759,-8.21507726,9.26612991,-13.0006092,0.93321178,-1.70056262,-16.97737799,19.69749742,4.159012
64.52,27.25458249,-3.59844568,-14.84051598,-8.17845498,-8.68431079,8.3915526,-12.94582545,0.48406446,-2.07179003,-18.15488515,19.54300714,4.43874002
64.525,27.59672295,-3.25908932,-14.54595035,-9.61409558,-9.13621499,7.48425921,-12.8524347,0.0317526,-2.46144249,-19.40839523,19.31146069,4.72006836
64.53,27.92814977,-2.91388543,-14.21564888,-11.06565176,-9.54545027,6.59103953,-12.71518636,-0.42755895,-2.84690613,-20.74731208,18.99418692,4.98891329
64.535,28.25700489,-2.57016521,-13.89192324,-12.54611889,-9.91750892,5.68290069,-12.54867293,-0.89223311,-3.26368322,-22.14198468,18.59139987,5.24556436
64.54,28.5662206,-2.21801427,-13.51760079,-14.00605549,-10.23842986,4.79101995,-12.32328773,-1.37016372,-3.6506508,-23.62972184,18.11138012,5.49664183
64.545,28.85975117,-1.86779583,-13.15580725,-15.46272226,-10.49257291,3.92504118,-12.05787891,-1.85605959,-4.04318332,-25.18173461,17.54159283,5.72868334
64.55,29.13173364,-1.51712315,-12.79696629,-16.89703368,-10.67143876,3.09510087,-11.74343165,-2.35300378,-4.42222393,-26.80432632,16.88418702,5.94274277
64.555,29.38154358,-1.1670199,-12.44912261,-18.29877671,-10.77012178,2.30446468,-11.37501501,-2.86212624,-4.77893559,-28.49691236,16.14318465,6.13560658
64.56,29.60773793,-0.8196178,-12.12720556,-19.66090453,-10.77934435,1.55509404,-10.94891022,-3.3853731,-5.10550352,-30.25553414,15.32258477,6.30366187
64.565,29.81405754,-0.47616775,-11.81982953,-20.97991238,-10.70795946,0.84832606,-10.46078448,-3.92096916,-5.40045736,-32.07389205,14.42894997,6.4410915
64.57,29.9907034,-0.13697693,-11.54403644,-22.24622467,-10.53266178,0.20657263,-9.91423645,-4.46927626,-5.65047902,-33.94960416,13.46201062,6.54911902
64.575,30.14436522,0.19326604,-11.30028538,-23.45530488,-10.27406886,-0.38300144,-9.30309128,-5.02765379,-5.86475588,-35.87539854,12.42618833,6.62317873
64.58,30.28039917,0.51923302,-11.09029675,-24.61662381,-9.92795234,-0.92375651,-8.63062953,-5.59444921,-6.02045626,-37.83681272,11.34351477,6.66084733
64.585,30.38984869,0.83289639,-10.91453167,-25.70552337,-9.49525413,-1.41999749,-7.8855654,-6.16590042,-6.11854617,-39.84051654,10.22847594,6.6589257
64.59,30.46816167,1.13980165,-10.77668293,-26.7306963,-8.99009733,-1.85884963,-7.0904382,-6.74339218,-6.16997439,-41.86160856,9.07713687,6.6294022
64.595,30.53310692,1.43441704,-10.67310314,-27.69062691,-8.41804319,-2.26149986,-6.22488684,-7.31553003,-6.16012152,-43.89641424,7.91123438,6.55080793
64.6,30.56925354,1.71962091,-10.59985105,-28.57881318,-7.78317137,-2.62031424,-5.30723584,-7.88190398,-6.0971592,-45.92993782,6.74911076,6.43932599
64.605,30.57089155,1.99594041,-10.56563921,-29.3930977,-7.11262715,-2.93382974,-4.345885,-8.44251798,-5.98538779,-47.95338795,5.59298308,6.29735946
64.61,30.54356572,2.26361288,-10.55704194,-30.13136014,-6.40352406,-3.21324652,-3.33795561,-8.98916565,-5.82039735,-49.95646653,4.463925,6.12232182
64.615,30.48946614,2.51977033,-10.5800652,-30.7929689,-5.67071331,-3.45780751,-2.28510019,-9.51646645,-5.6065838,-51.92697712,3.36981197,5.90888169
64.62,30.43524198,2.74920008,-10.60608854,-31.40320699,-4.87685859,-3.67865146,-1.18134425,-9.99347623,-5.35464317,-53.85498358,2.34711041,5.64712784
64.625,30.28278805,3.00282239,-10.68122844,-31.89171985,-4.17370466,-3.85426714,-0.09181431,-10.4889531,-5.06324817,-55.73317051,1.36449804,5.40011003
64.63,30.16383362,3.20869747,-10.74358851,-32.34928413,-3.37815199,-4.01701203,1.06421503,-10.90286106,-4.74077591,-57.54934992,0.46404284,5.08288206
64.635,29.93265285,3.44818441,-10.84808846,-32.68572892,-2.7068738,-4.15005759,2.1777142,-11.33559331,-4.39674268,-59.29751496,-0.36278017,4.79472655
64.64,29.71313022,3.64921535,-10.94566771,-32.97200714,-2.00137214,-4.26118894,3.33819614,-11.69584563,-4.02742304,-60.97029378,-1.10886964,4.4442612
64.645,29.46847689,3.83445093,-11.01778972,-33.19120965,-1.2881211,-4.35536654,4.50288665,-11.99556406,-3.65369506,-62.55799435,-1.75814705,4.09110985
64.65,29.11989942,4.04638443,-11.12472153,-33.3057471,-0.70989365,-4.44122753,5.61161697,-12.30512421,-3.27874285,-64.05705388,-2.31435916,3.75439052
64.655,28.8000944,4.21495738,-11.19985214,-33.37276401,-0.09099448,-4.49470808,6.76739734,-12.52127788,-2.88907573,-65.46283963,-2.79772895,3.36011103
64.66,28.3776745,4.41015924,-11.29366487,-33.34806515,0.3916345,-4.54628309,7.84798333,-12.74488623,-2.52310997,-66.76881304,-3.1731349,3.00816585
64.665,27.94385557,4.58089456,-11.36166636,-33.27077606,0.85833755,-4.58214814,8.92505677,-12.90157612,-2.16506557,-67.97238157,-3.47091068,2.63533739
64.67,27.47531844,4.74210849,-11.41443875,-33.12390794,1.27613648,-4.59910988,9.97985159,-13.01442564,-1.82315292,-69.06675492,-3.68823906,2.2621255
64.675,26.96447465,4.89682398,-11.45097638,-32.92043085,1.63695699,-4.60987311,10.99208039,-13.09118587,-1.50998338,-70.0521758,-3.82268587,1.90665484
64.68,26.41233892,5.04513154,-11.47264146,-32.64991807,1.93668771,-4.60724462,11.96652712,-13.13226788,-1.2213031,-70.92382778,-3.8833732,1.56318573
64.685,25.82671569,5.18132567,-11.47596107,-32.32295325,2.18611465,-4.59268433,12.90039642,-13.13668875,-0.96496563,-71.67863395,-3.87759969,1.23706391
64.69,25.21753298,5.30538958,-11.46136792,-31.9581381,2.38879758,-4.56252129,13.80071629,-13.1069749,-0.73698224,-72.32763587,-3.81622907,0.9264905
64.695,24.56084226,5.40395312,-11.41782723,-31.54317771,2.57487839,-4.57272415,14.63236832,-13.03009547,-0.55301899,-72.84935352,-3.66654352,0.67758844
64.7,23.8938241,5.50676908,-11.38021654,-31.07433153,2.6674687,-4.51529485,15.4511387,-12.94793529,-0.3895932,-73.26703961,-3.50337924,0.41864543
64.705,23.21946102,5.6075303,-11.32205224,-30.57306971,2.71805256,-4.38167457,16.24694754,-12.85279042,-0.25689791,-73.58297982,-3.35798997,0.15806501
64.71,22.51685828,5.67500919,-11.24978093,-30.04237367,2.75783356,-4.29847421,16.98770403,-12.70950092,-0.15059251,-73.78274595,-3.1294994,-0.04160391
64.715,21.79515805,5.73446619,-11.17021344,-29.4714771,2.75529146,-4.18945988,17.68932045,-12.5564129,-0.07980439,-73.8717228,-2.89146507,-0.20736777
64.72,21.02102384,5.79522338,-11.06098524,-28.86282634,2.74565665,-4.02031501,18.30517083,-12.41080396,-0.07414945,-73.84321736,-2.66236684,-0.31444457
64.725,20.28373447,5.81490583,-10.96965657,-28.24526519,2.68566106,-3.88991639,18.94320606,-12.21094327,-0.04265821,-73.7269078,-2.39969517,-0.41752219
64.73,19.4708214,5.85081212,-10.83877172,-27.58766307,2.65281644,-3.69376597,19.46323019,-12.0466211,-0.1013778,-73.49090683,-2.16229537,-0.42798986
64.735,18.6771225,5.85279993,-10.72549935,-26.9208547,2.58308184,-3.49966639,19.98134751,-11.84497736,-0.14967045,-73.16513309,-1.92385726,-0.43037125
64.74,17.88268695,5.84694265,-10.60894959,-26.23654284,2.50846758,-3.28915589,20.47200994,-11.64400961,-0.22004457,-72.74841553,-1.70966757,-0.39913966
64.745,17.08233264,5.82537833,-10.49359988,-25.54014031,2.42922187,-3.0583154,20.92642891,-11.43528857,-0.31058739,-72.2395593,-1.51863692,-0.33567839
64.75,16.2800716,5.79383448,-10.38222822,-24.83326394,2.35145675,-2.80788177,21.34856683,-11.22591823,-0.41578642,-71.64257511,-1.3572229,-0.24477343
64.755,15.47884102,5.74868627,-10.28036471,-24.11763773,2.27188144,-2.53885108,21.74300214,-11.01237423,-0.53454501,-70.96372269,-1.22818916,-0.13209601
64.76,14.67795976,5.69464332,-10.18243144,-23.39435904,2.19921474,-2.25081318,22.10946071,-10.79783403,-0.66321231,-70.20645584,-1.13413263,-1.75e-05
64.765,13.88279848,5.63417249,-10.09868271,-22.6693504,2.13667292,-1.95003244,22.44967618,-10.59069358,-0.80044261,-69.3679681,-1.07566344,0.14337783
64.77,13.09185197,5.56635462,-10.024121,-21.94083974,2.0822215,-1.63206693,22.76643739,-10.38417734,-0.94347124,-68.45936699,-1.0524739,0.29670243
64.775,12.31041314,5.49387303,-9.96340401,-21.21200893,2.03529602,-1.30208434,23.06348691,-10.18157665,-1.08871897,-67.48158509,-1.06370114,0.45414416
64.78,11.53583094,5.41777213,-9.91486165,-20.4833759,2.00057261,-0.95892714,23.33891552,-9.98384197,-1.23635384,-66.43687141,-1.1062205,0.61271855
64.785,10.77381388,5.34123103,-9.87981396,-19.7571096,1.97510158,-0.60868352,23.59923581,-9.79281425,-1.38252636,-65.32950297,-1.1788028,0.76935917
64.79,10.01991705,5.26415696,-9.85523159,-19.03220517,1.96562679,-0.2499011,23.83964497,-9.60703506,-1.52756009,-64.16147044,-1.27640709,0.92126975
64.795,9.28063235,5.18945297,-9.84240219,-18.31191502,1.95955524,0.11588599,24.06660016,-9.42595285,-1.66359222,-62.93342412,-1.39644742,1.06782199
64.8,8.54882468,5.11640292,-9.85452552,-17.59574169,1.97130001,0.4876259,24.27362354,-9.25900235,-1.8068163,-61.64901415,-1.52810946,1.20138993
64.805,7.83566238,5.05021204,-9.86197443,-16.8839623,1.98963389,0.85669979,24.47614347,-9.09364159,-1.9312246,-60.31427004,-1.67477565,1.3298783
64.81,7.13087048,4.99047516,-9.9055288,-16.17756121,2.02290835,1.23100077,24.65694238,-8.94482744,-2.060405,-58.92340998,-1.81336777,1.4380232
64.815,6.44438903,4.93634496,-9.92842881,-15.48009332,2.06524361,1.60140517,24.83094173,-8.79632531,-2.17268463,-57.48322193,-1.97296769,1.55147628
64.82,5.77079737,4.89302057,-9.97042548,-14.78813089,2.11846078,1.96740734,24.99224711,-8.66035856,-2.27837141,-55.99351939,-2.11860001,1.650264
64.825,5.10983493,4.85846237,-10.03221021,-14.10421426,2.18192548,2.33288852,25.13909336,-8.53756056,-2.38063507,-54.45528965,-2.24514556,1.73569529
64.83,4.46843435,4.8343345,-10.0918653,-13.42755763,2.25033677,2.68637733,25.28104905,-8.42135937,-2.46785509,-52.87133337,-2.35657032,1.81838168
64.835,3.83917678,4.82183731,-10.14990984,-12.7588999,2.33112755,3.03663909,25.40832182,-8.31379687,-2.54228505,-51.239554,-2.45163867,1.89891609
64.84,3.22050317,4.82023248,-10.22608987,-12.09927207,2.42239967,3.38401309,25.51980854,-8.21787255,-2.60863166,-49.56137613,-2.51068857,1.97028109
64.845,2.62179062,4.83229059,-10.28836736,-11.44966147,2.52243488,3.71389923,25.62475699,-8.13217098,-2.66047744,-47.84011016,-2.55157932,2.04958462
64.85,2.03979926,4.85904857,-10.35145322,-10.80898353,2.62751851,4.0294982,25.71976859,-8.05803798,-2.69714267,-46.07372146,-2.55728295,2.12967089
64.855,1.56513957,4.90937138,-10.39599278,-10.18459292,2.65374649,4.19176581,25.89880756,-7.99312763,-2.69566237,-44.27650246,-2.50106674,2.20361826
64.86,0.90274635,4.95124273,-10.48127825,-9.55837634,2.87599049,4.64180501,25.85180444,-7.94232763,-2.72889434,-42.40729895,-2.45467717,2.29589355
64.865,0.36570562,5.01823885,-10.51795354,-8.95174696,3.00735311,4.92392177,25.90522621,-7.9013018,-2.71833535,-40.50956748,-2.37852217,2.40319145
64.87,-0.07678838,5.10957141,-10.54855674,-8.36380864,3.07964642,5.06216419,26.0294767,-7.87025465,-2.66109542,-38.58497812,-2.23144159,2.46959873
64.875,-0.69095415,5.19542624,-10.58528579,-7.77814667,3.31521137,5.46085415,25.93766632,-7.86290102,-2.65456167,-36.59147419,-2.10248042,2.63061227
64.88,-1.20500934,5.30883197,-10.61630952,-7.21014878,3.48105847,5.72116409,25.92730872,-7.86408898,-2.58450052,-34.57854495,-1.92570173,2.74948744
64.885,-1.6168521,5.44817104,-10.61763884,-6.66825612,3.60317915,5.8316117,25.99378792,-7.87756734,-2.45955568,-32.54771899,-1.71697144,2.81844701
64.89,-2.19806438,5.58372383,-10.61527254,-6.13070438,3.86573199,6.18227518,25.84660684,-7.92635876,-2.40378165,-30.46050354,-1.52891574,3.01616627
64.895,-2.68728223,5.74696626,-10.60426739,-5.61542252,4.07489679,6.40689389,25.77470552,-7.98303166,-2.27316623,-28.36733335,-1.31904596,3.14452568
64.9,-3.08100059,5.92913139,-10.5598891,-5.13047027,4.24780717,6.50603871,25.77327369,-8.05212694,-2.0902444,-26.26980949,-1.1029294,3.22449847
64.905,-3.63470514,6.12053547,-10.50387746,-4.6538734,4.55195761,6.79964867,25.57853006,-8.17009448,-1.97985032,-24.14799782,-0.93895545,3.4041957
64.91,-4.10576649,6.33210171,-10.43560391,-4.20711805,4.81294967,6.99417269,25.45240268,-8.29455761,-1.79256332,-22.04320337,-0.77095466,3.51892742
64.915,-4.5096561,6.54949141,-10.33560274,-3.79544264,5.06319675,7.10957689,25.36842961,-8.43549453,-1.59656053,-19.95714421,-0.62104549,3.60362631
64.92,-4.98793055,6.78617425,-10.20442023,-3.41124691,5.39899537,7.30501937,25.19171091,-8.61979711,-1.42554211,-17.89719757,-0.55414317,3.70458506
64.925,-5.47357998,7.03651618,-10.11126183,-3.03567526,5.72268229,7.4982304,25.01594862,-8.81148419,-1.2144865,-15.89225577,-0.47693405,3.78006705
64.93,-5.91304235,7.2872239,-9.96197224,-2.7125027,6.07540369,7.65216589,24.8635945,-9.02532999,-1.01956382,-13.94738366,-0.46190627,3.84056849
64.935,-6.35141329,7.54314153,-9.80036512,-2.42569629,6.45755579,7.80454989,24.70936679,-9.25572117,-0.83428167,-12.08550723,-0.48753284,3.88612702
64.94,-6.79230072,7.79947443,-9.63950554,-2.17724058,6.85912669,7.97028173,24.55521714,-9.49689125,-0.65403034,-10.32492163,-0.54499612,3.92006997
64.945,-7.21700935,8.04427796,-9.46833543,-1.97068523,7.2946555,8.12478633,24.4216745,-9.7366057,-0.49317275,-8.68103065,-0.6340787,3.94418748
64.95,-7.64074918,8.27897993,-9.30156499,-1.80831266,7.75339789,8.29851073,24.2986769,-9.97322676,-0.3460529,-7.16921034,-0.75272181,3.95563657
64.955,-8.04205616,8.48910952,-9.1339574,-1.69555592,8.24690027,8.45644601,24.20662687,-10.19063957,-0.22306229,-5.79990918,-0.89290873,3.96087712
64.96,-8.4398602,8.67353555,-8.97936961,-1.63251781,8.76680809,8.64291309,24.12898462,-10.38639363,-0.12023453,-4.58058318,-1.06061769,3.9484251
64.965,-8.82174642,8.8217748,-8.84421722,-1.62211405,9.31166047,8.83657436,24.0779988,-10.54657931,-0.04100758,-3.51854711,-1.24335913,3.9235227
64.97,-9.19884506,8.93798406,-8.75053747,-1.67206019,9.86825915,9.09083198,24.0409299,-10.67300563,0.02894034,-2.61827988,-1.45011286,3.87809611
64.975,-9.53573925,8.99678828,-8.64291765,-1.77390996,10.47545027,9.26830881,24.05508742,-10.74334039,0.0504517,-1.88866176,-1.65785443,3.8273015
64.98,-9.87252711,9.0228645,-8.60502477,-1.94671497,11.08544442,9.56062544,24.07434638,-10.77517124,0.08158415,-1.32435848,-1.90017424,3.74185491
64.985,-10.17981097,8.98682497,-8.56703456,-2.1640437,11.72568136,9.79266478,24.13863935,-10.74322821,0.06735001,-0.9361865,-2.13642226,3.64709518
64.99,-10.45918297,8.89690216,-8.58058156,-2.46837364,12.38236714,10.05479761,24.22351793,-10.65703249,0.03173588,-0.71473362,-2.38666739,3.52175968
64.995,-10.72024161,8.75984278,-8.63844285,-2.8351815,13.04469902,10.35543456,24.33415309,-10.5181535,-0.0119977,-0.66211312,-2.64827258,3.36899647
65,-10.97484176,8.57446012,-8.7774136,-3.25230962,13.71640102,10.7107371,24.47733206,-10.31329501,-0.02482187,-0.79023156,-2.92244619,3.19217098
65.005,-11.18008153,8.32554304,-8.88042052,-3.75984285,14.38033804,11.00009306,24.64382424,-10.06972987,-0.12563085,-1.06940403,-3.19745413,2.9955992
65.01,-11.37219021,8.02764362,-9.06296312,-4.32728788,15.05253784,11.34512428,24.83901689,-9.76898656,-0.20213054,-1.51790158,-3.48144306,2.76399807
65.015,-11.54286782,7.68274193,-9.28245754,-4.96200254,15.70103951,11.6713451,25.06208724,-9.41915085,-0.28609002,-2.12487913,-3.7601377,2.51882052
65.02,-11.68708084,7.28819491,-9.54139605,-5.6687605,16.33702339,12.0405036,25.30814587,-9.03066726,-0.3780604,-2.88038805,-4.04924118,2.23482859
65.025,-11.80657569,6.85166179,-9.83811041,-6.45092102,16.94134916,12.40127615,25.57652738,-8.60547897,-0.47629722,-3.77660262,-4.33027484,1.93034237
65.03,-11.90100663,6.37361287,-10.16847454,-7.30489535,17.50671882,12.77386456,25.8648628,-8.15057676,-0.57328368,-4.80452774,-4.60603323,1.59931195
65.035,-11.969381,5.85951596,-10.50090212,-8.23495924,18.03874118,13.12567442,26.16820125,-7.67753887,-0.68568655,-5.95066215,-4.87414433,1.25760153
65.04,-12.01131528,5.3173972,-10.84929413,-9.2418419,18.51055057,13.46767292,26.48200924,-7.19937476,-0.79978808,-7.20645188,-5.12759831,0.90324146
65.045,-12.02540975,4.74501781,-11.19604088,-10.32632335,18.9320685,13.78876629,26.80207043,-6.71204195,-0.92176432,-8.55149226,-5.36152225,0.54108215
65.05,-12.0094912,4.14736268,-11.53851367,-11.48944743,19.28860462,14.09480593,27.12377801,-6.22557924,-1.04767417,-9.97283234,-5.5731324,0.17099544
65.055,-11.96298589,3.52815846,-11.86522155,-12.73166969,19.57142288,14.37070496,27.43924179,-5.7460668,-1.18119816,-11.45050748,-5.75480517,-0.199646
65.06,-11.88119148,2.88943072,-12.16146047,-14.05701076,19.78246539,14.61030247,27.74153294,-5.28034177,-1.32850984,-12.96824397,-5.90460233,-0.56495173
65.065,-11.76221823,2.2323939,-12.4247315,-15.46306885,19.90604658,14.81164699,28.02495493,-4.8292537,-1.48412916,-14.50349458,-6.01387291,-0.92546251
65.07,-11.60355863,1.56028322,-12.64129264,-16.94996164,19.93998815,14.9632911,28.28405059,-4.39784132,-1.65766549,-16.04130732,-6.07930654,-1.27194777
65.075,-11.39361921,0.87133119,-12.80754987,-18.52407281,19.87108951,15.07303721,28.51475064,-3.98389329,-1.82786565,-17.56079747,-6.09284312,-1.61159043
65.08,-11.12839683,0.16909842,-12.90959073,-20.180256,19.70723225,15.13522131,28.71872844,-3.58997858,-2.01590944,-19.05075615,-6.06053741,-1.94014085
65.085,-10.80470889,-0.54415378,-12.9509485,-21.91621217,19.43783505,15.13703637,28.89286134,-3.21865438,-2.22227356,-20.502425,-5.96817262,-2.25474449
65.09,-10.41311517,-1.26798209,-12.92197072,-23.73474629,19.05917238,15.07978881,29.0377933,-2.86899566,-2.44429565,-21.90447596,-5.81528853,-2.55384494
65.095,-9.94342041,-1.99429432,-12.81973692,-25.63151605,18.56194923,14.9533679,29.16163359,-2.54125493,-2.67627325,-23.2525446,-5.59613308,-2.83697134
65.1,-9.39956517,-2.72565534,-12.64655546,-27.60125985,17.94799659,14.76339443,29.25652471,-2.23176934,-2.92377241,-24.53771453,-5.30927379,-3.10117631
65.105,-8.77211026,-3.45726955,-12.40435039,-29.6427215,17.21464209,14.50607069,29.32860904,-1.94017677,-3.18257766,-25.75577562,-4.95407504,-3.34881746
65.11,-8.07061789,-4.18813745,-12.0993684,-31.74335207,16.36640816,14.19627975,29.3718932,-1.65993733,-3.45211128,-26.90418925,-4.54264439,-3.58067232
65.115,-7.27571751,-4.914135,-11.72291203,-33.90296237,15.39977326,13.81381235,29.3986342,-1.39439331,-3.73458157,-27.97556526,-4.0683967,-3.79986544
65.12,-6.40092937,-5.62832567,-11.29823357,-36.10866236,14.32635319,13.37705539,29.40270072,-1.13803389,-4.01443583,-28.97014015,-3.53473632,-4.0089115
65.125,-5.45073558,-6.33182165,-10.82578498,-38.34583698,13.15091548,12.88942434,29.38682622,-0.88558473,-4.29801704,-29.88965426,-2.94826812,-4.21386958
65.13,-4.41180927,-7.00543744,-10.30931428,-40.60114257,11.88740362,12.33358173,29.37681412,-0.64576828,-4.57430103,-30.75068115,-2.28052917,-4.41807149
65.135,-3.35014145,-7.70774179,-9.76091557,-42.86867249,10.52355063,11.76873309,29.27632263,-0.37423277,-4.88489409,-31.48664771,-1.69349088,-4.60904265
65.14,-2.20195659,-8.35889658,-9.1773872,-45.13044656,9.09089568,11.11664654,29.19445886,-0.12218688,-5.17189371,-32.1701043,-1.01579453,-4.80936362
65.145,-0.98529788,-8.96076812,-8.58309843,-47.37109097,7.62167985,10.40424657,29.12249632,0.11615287,-5.43313333,-32.80138165,-0.26154214,-5.01951398
65.15,0.21165962,-9.58980699,-7.98531905,-49.57533543,6.09630882,9.70819669,28.94129995,0.40537859,-5.70819975,-33.30056057,0.36925336,-5.21492261
65.155,1.50538061,-10.12822484,-7.37076916,-51.74600721,4.55146988,8.8809817,28.81940058,0.64744506,-5.95518242,-33.77936624,1.11900033,-5.43549515
65.16,2.78670545,-10.66615469,-6.76341009,-53.85909976,2.99995027,8.04707291,28.61859386,0.92302645,-6.19192971,-34.14977677,1.78790836,-5.65076978
65.165,4.07552273,-11.16033231,-6.17684199,-55.90691301,1.46739998,7.18492472,28.39092779,1.20092033,-6.40407184,-34.45430662,2.44490668,-5.8755283
65.17,5.37073159,-11.61885292,-5.60313268,-57.88289637,-0.0398111,6.27944043,28.12768671,1.48372496,-6.59226726,-34.68069138,3.06381841,-6.10070513
65.175,6.65879485,-12.03606452,-5.05714042,-59.77965097,-1.49729812,5.34386707,27.83225676,1.76823977,-6.75478352,-34.84332457,3.64942712,-6.33389135
65.18,7.93486993,-12.41288171,-4.54340639,-61.58960126,-2.89524581,4.38378506,27.49985857,2.05265237,-6.8896055,-34.93312513,4.19562503,-6.57270869
65.185,9.18891321,-12.75042566,-4.06158489,-63.30979147,-4.21326638,3.39941,27.1280068,2.33858327,-6.9960125,-34.95772497,4.69133798,-6.81876067
65.19,10.41994602,-13.045517,-3.62077894,-64.93438099,-5.4490433,2.40080578,26.7232051,2.6204948,-7.07124179,-34.9205346,5.13898946,-7.06596256
65.195,11.61977698,-13.30036376,-3.22457754,-66.45975766,-6.5896149,1.3982309,26.28213493,2.89737521,-7.11562384,-34.82242759,5.53407221,-7.31378122
65.2,12.78340493,-13.51726363,-2.87414529,-67.88228291,-7.62683997,0.393757,25.80340513,3.16796632,-7.13098059,-34.6656561,5.87773776,-7.5647139
65.205,13.89801349,-13.73128563,-2.57051472,-69.20863437,-8.53261361,-0.55000799,25.2712839,3.4527736,-7.13990156,-34.44402974,6.12203031,-7.77335042
65.21,14.99389727,-13.83412064,-2.33015052,-70.40875688,-9.39160279,-1.58262123,24.75054312,3.67536939,-7.06503813,-34.19432954,6.40823712,-8.05086749
65.215,16.03364842,-13.93980731,-2.13789777,-71.50880789,-10.11062688,-2.5384365,24.17625445,3.90932127,-6.98823787,-33.88462212,6.59884845,-8.28406621
65.22,17.02655634,-14.01048609,-2.00209768,-72.49683111,-10.72376663,-3.46416154,23.57209642,4.12603541,-6.88070532,-33.52909115,6.74510768,-8.51063395
65.225,17.97051328,-14.05656948,-1.91802915,-73.37904517,-11.22107715,-4.33759461,22.94037799,4.32898739,-6.75075261,-33.13985202,6.84215404,-8.71980238
65.23,18.86323602,-14.07448164,-1.89373405,-74.13499,-11.61476598,-5.16396649,22.27179872,4.51226657,-6.59760662,-32.68165486,6.89337474,-8.91017409
65.235,19.70909686,-14.06987639,-1.91680078,-74.79184179,-11.90616845,-5.92766716,21.58716412,4.67877887,-6.42047266,-32.21056929,6.9081002,-9.08190461
65.24,20.50271421,-14.01797789,-1.99605957,-75.33187688,-12.1229976,-6.65573908,20.88548208,4.80791194,-6.20634206,-31.71812379,6.92512899,-9.28013958
65.245,21.24768646,-13.96650713,-2.12344662,-75.76169148,-12.23069595,-7.27357367,20.15629418,4.92877701,-5.98814682,-31.17852603,6.88373497,-9.41642852
65.25,21.94692789,-13.89597757,-2.29520339,-76.08071356,-12.24876339,-7.81697167,19.41021441,5.02748006,-5.75641346,-30.61134058,6.83391245,-9.53973734
65.255,22.61758006,-13.79549623,-2.47834183,-76.30671082,-12.1435611,-8.25305829,18.66128173,5.09882338,-5.52216847,-30.03546824,6.79871248,-9.6338399
65.26,23.19453109,-13.68428891,-2.76953637,-76.39205553,-12.09734602,-8.66207526,17.87464107,5.13994985,-5.23772728,-29.42133937,6.69056545,-9.75288745
65.265,23.75274214,-13.55708186,-3.05790575,-76.38981321,-11.92992111,-8.95246019,17.08835688,5.16292681,-4.97047157,-28.79398577,6.5981245,-9.82924668
65.27,24.2653051,-13.4167853,-3.38049043,-76.28240823,-11.7173937,-9.14908496,16.29302904,5.16298235,-4.69542459,-28.15037349,6.49976448,-9.88470976
65.275,24.73416954,-13.26588616,-3.73177862,-76.0744619,-11.47119336,-9.2516541,15.48893552,5.14188586,-4.41575886,-27.49302869,6.39673829,-9.92073429
65.28,25.16115015,-13.10515861,-4.10662529,-75.76829488,-11.1991294,-9.25996949,14.67768772,5.10009114,-4.1356897,-26.82326148,6.29137453,-9.93871119
65.285,25.54951883,-12.93626116,-4.50227538,-75.36721947,-10.91119397,-9.1781553,13.86317015,5.03947221,-3.85621463,-26.14427364,6.189334,-9.93467369
65.29,25.89896915,-12.7603669,-4.91276221,-74.87381763,-10.6161981,-9.00591867,13.04481853,4.96190103,-3.58088229,-25.45781563,6.09008215,-9.91357466
65.295,26.21509281,-12.57882696,-5.33635301,-74.29084735,-10.32590918,-8.75328421,12.22725608,4.86771698,-3.3116043,-24.76523164,6.00030232,-9.8725235
65.3,26.49574077,-12.3930607,-5.76607916,-73.62236664,-10.04164904,-8.41920891,11.40730907,4.76058139,-3.05300157,-24.06768962,5.91375906,-9.81504453
65.305,26.75722448,-12.18835243,-6.18714957,-72.87048105,-9.78682525,-8.02891861,10.60040949,4.63667757,-2.79398785,-23.37107233,5.83955404,-9.73447663
65.31,26.9746818,-12.0046715,-6.63517004,-72.04005077,-9.54273115,-7.55910176,9.78521422,4.5078595,-2.56481774,-22.66972955,5.7812525,-9.64681803
65.315,27.17203545,-11.80610077,-7.06698369,-71.13187115,-9.32949603,-7.0384312,8.97989375,4.36812475,-2.34563765,-21.96998665,5.72607348,-9.5391924
65.32,27.3439665,-11.60764303,-7.49309495,-70.15023362,-9.14309056,-6.46860587,8.1791351,4.2235222,-2.14099753,-21.27029981,5.68181574,-9.41582818
65.325,27.49307223,-11.40315344,-7.89809721,-69.09983506,-8.98009842,-5.85350216,7.38003663,4.07825581,-1.93958079,-20.56962317,5.64175521,-9.27066284
65.33,27.62456274,-11.20155156,-8.30472438,-67.97748579,-8.8607975,-5.21133101,6.59808034,3.9271152,-1.76911489,-19.87648666,5.62380329,-9.11967214
65.335,27.73603585,-10.9954192,-8.69759876,-66.78987978,-8.77113307,-4.53647697,5.82413785,3.77230209,-1.61687242,-19.18651143,5.61359992,-8.95385487
65.34,27.82328022,-10.79205581,-9.0746941,-65.53625737,-8.70336045,-3.82973797,5.05410819,3.62165042,-1.48193781,-18.50117424,5.61158897,-8.77140185
65.345,27.90065324,-10.58632101,-9.43444828,-64.22284825,-8.6662799,-3.11224274,4.299345,3.47355038,-1.35856945,-17.82084208,5.63286151,-8.5836578
65.35,27.96165273,-10.38031491,-9.77281395,-62.84839911,-8.64888181,-2.37612457,3.55365213,3.32981332,-1.26121025,-17.14569382,5.65258675,-8.37954887
65.355,28.00682895,-10.17657779,-10.09546415,-61.41541177,-8.6467736,-1.62658408,2.81909665,3.19234732,-1.17936116,-16.47799558,5.69143846,-8.16768323
65.36,28.03996788,-9.97493136,-10.39895914,-59.92363685,-8.65994304,-0.86714461,2.09782854,3.06138865,-1.1211943,-15.81713031,5.73785271,-7.94707832
65.365,28.06486086,-9.77478241,-10.68426922,-58.37927893,-8.6843544,-0.10616056,1.39397351,2.93770135,-1.08430165,-15.16399012,5.79838877,-7.7253537
65.37,28.06945423,-9.56933766,-10.93254276,-56.7799567,-8.69368707,0.67146573,0.69007452,2.82521825,-1.04261064,-14.51438938,5.86495367,-7.47826971
65.375,28.06700285,-9.37154157,-11.1675834,-55.12647693,-8.70839716,1.44652942,0.00674289,2.72274952,-1.02791905,-13.8746716,5.94650238,-7.2349675
65.38,28.05176766,-9.17153409,-11.37141558,-53.41920899,-8.70725976,2.22199274,-0.6661409,2.63345582,-1.02096721,-13.24413288,6.02871237,-6.97669806
65.385,28.02831022,-8.975667,-11.55442116,-51.66081143,-8.6969661,2.99747088,-1.32082252,2.55459399,-1.02613818,-12.62276211,6.12462011,-6.71969688
65.39,27.99291816,-8.7822617,-11.71244964,-49.84920576,-8.6665495,3.77007337,-1.9604089,2.4897302,-1.04217416,-12.0120865,6.22552355,-6.45846284
65.395,27.93914842,-8.59683418,-11.85361036,-47.98634011,-8.6036241,4.54624975,-2.59049566,2.43826545,-1.07042522,-11.41083348,6.33789067,-6.18874334
65.4,27.87792791,-8.41125113,-11.96363583,-46.07303863,-8.52195966,5.31788101,-3.20081076,2.39882879,-1.09679199,-10.82106399,6.45662434,-5.91955969
65.405,27.79022334,-8.24306255,-12.06911923,-44.10997229,-8.39069136,6.08973515,-3.80641286,2.37672563,-1.14131214,-10.24079932,6.59086439,-5.64126028
65.41,27.69373199,-8.07950773,-12.15015396,-42.09827638,-8.23275482,6.84260155,-4.39128901,2.3693202,-1.18724135,-9.67353505,6.73067404,-5.36765528
65.415,27.58571357,-7.9151942,-12.18927872,-40.03706841,-8.06070202,7.59915728,-4.95229663,2.37549561,-1.2056679,-9.1313116,6.87447267,-5.094633
65.42,27.45876118,-7.76773305,-12.22175994,-37.93084547,-7.84528484,8.3351697,-5.50109019,2.39825244,-1.23593007,-8.59786474,7.02737933,-4.82438239
65.425,27.30248266,-7.64916253,-12.26063201,-35.78876643,-7.57251002,9.05711415,-6.05109932,2.44282602,-1.27636481,-8.06953346,7.20633963,-4.54528429
65.43,27.13358897,-7.53452992,-12.26241981,-33.60524277,-7.28583722,9.75784601,-6.57620702,2.50078017,-1.29219548,-7.56957288,7.38720862,-4.26787806
65.435,26.95279072,-7.43652869,-12.23826188,-31.38653845,-6.99901318,10.44583906,-7.07554259,2.5766475,-1.28453796,-7.09923163,7.56881462,-3.99725171
65.44,26.74794012,-7.36469656,-12.2162346,-29.14302244,-6.67242964,11.09567777,-7.57092523,2.67130639,-1.27424397,-6.63993683,7.77044896,-3.72529616
65.445,26.52702866,-7.3159722,-12.18432226,-26.88013219,-6.33601454,11.70455105,-8.05208489,2.78434109,-1.24735448,-6.2026781,7.98508415,-3.45448601
65.45,26.28788494,-7.29680403,-12.14849458,-24.60988989,-5.98846574,12.27027169,-8.5252878,2.91579181,-1.20429805,-5.78499062,8.21987814,-3.18019682
65.455,26.03801867,-7.30211857,-12.10232967,-22.33624131,-5.65753057,12.7902983,-8.97907781,3.06396225,-1.13795346,-5.39912575,8.46180976,-2.90885871
65.46,25.78153067,-7.33484358,-12.05046565,-20.07548699,-5.33988409,13.25156504,-9.41608861,3.22781177,-1.05181092,-5.04317849,8.71552057,-2.64201662
65.465,25.51471572,-7.39857179,-12.00666545,-17.84273168,-5.03281705,13.65521545,-9.85154487,3.40737364,-0.94784876,-4.70379567,8.99590304,-2.37016642
65.47,25.27183255,-7.46676421,-11.94980187,-15.64294675,-4.76166197,13.95819427,-10.24790834,3.58671285,-0.84333174,-4.39191239,9.25457709,-2.13855548
65.475,24.99416098,-7.61558184,-11.92000471,-13.51605054,-4.52950663,14.25243175,-10.65915064,3.80841354,-0.66299575,-4.13502656,9.58518613,-1.850252
65.48,24.73679733,-7.75918961,-11.88176303,-11.45951395,-4.31585202,14.4735448,-11.05272055,4.02153894,-0.50574498,-3.89713518,9.90700679,-1.58054207
65.485,24.47336551,-7.90383461,-11.87142885,-9.4882082,-4.11088064,14.65760535,-11.44459678,4.21675927,-0.35209836,-3.69595427,10.26089064,-1.28346027
65.49,24.25255284,-8.08606213,-11.85240967,-7.64257876,-3.95734879,14.75478407,-11.80531173,4.43288563,-0.16312868,-3.5363346,10.61972312,-1.01115382
65.495,24.04905947,-8.27092687,-11.86220258,-5.92177452,-3.83240004,14.80825166,-12.16461902,4.6354904,0.02185213,-3.40016123,11.00563391,-0.7218966
65.5,23.87286127,-8.45676653,-11.87667647,-4.33639431,-3.73504433,14.80426752,-12.50183208,4.82325995,0.21500714,-3.31701827,11.40610993,-0.4323689
65.505,23.7266223,-8.6356769,-11.90879384,-2.89855163,-3.66989024,14.75011695,-12.8272548,4.99103311,0.40289433,-3.27017312,11.82618482,-0.13523809
65.51,23.61170256,-8.79959714,-11.95182817,-1.61284063,-3.6332451,14.64615219,-13.13533682,5.13141557,0.58619319,-3.26935625,12.26140938,0.16412572
65.515,23.52708256,-8.93842881,-12.01310718,-0.48506981,-3.6308997,14.49357684,-13.43398984,5.23763132,0.7504058,-3.30494895,12.71780629,0.48594923
65.52,23.47722259,-9.05146039,-12.0806988,0.47954789,-3.65753565,14.29809184,-13.71413517,5.3092837,0.90133217,-3.38885757,13.18375226,0.80569113
65.525,23.46160872,-9.12993689,-12.15828464,1.27409093,-3.71503712,14.05853227,-13.9795404,5.33879402,1.0305816,-3.51970978,13.65587037,1.13200059
65.53,23.47836616,-9.17088485,-12.24076337,1.90337896,-3.80742723,13.77782128,-14.23152752,5.32598637,1.13467445,-3.69378435,14.13785376,1.47135839
65.535,23.52878922,-9.17220605,-12.32755838,2.36279801,-3.93135191,13.46026671,-14.46755042,5.26807149,1.21518623,-3.91769537,14.61904805,1.81032261
65.54,23.6121978,-9.13501786,-12.4351364,2.65115756,-4.08617087,13.10689289,-14.68698272,5.16470104,1.27148457,-4.19227821,15.09476881,2.13484255
65.545,23.72416217,-9.05290985,-12.51992748,2.78060209,-4.28169364,12.71720804,-14.89541597,5.01667108,1.29083219,-4.51241104,15.57250118,2.480672
65.55,23.87402772,-8.92020092,-12.58576862,2.72931683,-4.51647826,12.27924327,-15.09208782,4.82106641,1.2566443,-4.88466172,16.04874496,2.85000955
65.555,24.05174513,-8.75073612,-12.66879735,2.52043301,-4.78043078,11.82397734,-15.27551648,4.57990983,1.21321068,-5.30263385,16.4972444,3.17652661
65.56,24.26007987,-8.53810071,-12.73627784,2.15219369,-5.08117677,11.325087,-15.44648841,4.29401087,1.12922389,-5.76992678,16.92638211,3.50688882
65.565,24.49798372,-8.28798419,-12.79077381,1.62854776,-5.41728781,10.79022088,-15.60470388,3.96742823,1.00892952,-6.28746305,17.32691633,3.82822592
65.57,24.76555384,-8.00048725,-12.82023169,0.95544927,-5.78763584,10.21187321,-15.75117947,3.60465663,0.85297738,-6.85649816,17.69487954,4.14851661
65.575,25.06042863,-7.68513572,-12.83829767,0.13869067,-6.18923594,9.60584411,-15.88583446,3.20910439,0.6691022,-7.47468676,18.02120834,4.4462637
65.58,25.38064175,-7.34039203,-12.81956011,-0.80971841,-6.61762028,8.95124986,-16.00395708,2.78428937,0.44678943,-8.15175635,18.30625476,4.74061033
65.585,25.7258095,-6.98307724,-12.76368622,-1.88513454,-7.07508523,8.25078963,-16.10451224,2.34249626,0.19027689,-8.88844779,18.53570285,5.03613943
65.59,26.09089517,-6.60786222,-12.70305351,-3.07537601,-7.55175429,7.53573211,-16.19206189,1.87693893,-0.08221775,-9.6731657,18.71569523,5.29653656
65.595,26.47406209,-6.22109,-12.60205935,-4.36538743,-8.03650523,6.78334448,-16.26128581,1.40083646,-0.38133669,-10.51908293,18.83653543,5.54992074
65.6,26.86807881,-5.82802414,-12.46890983,-5.74285043,-8.51740724,6.01549322,-16.30897142,0.91474774,-0.69927542,-11.42863146,18.89255242,5.78638513
65.605,27.26929271,-5.43187688,-12.30788787,-7.19184059,-8.98727061,5.23393548,-16.33393859,0.42321802,-1.03206929,-12.40110766,18.88233791,6.00794085
65.61,27.67220552,-5.03814167,-12.13622383,-8.69981822,-9.44127808,4.4532201,-16.3365571,-0.06919176,-1.37455647,-13.43462509,18.80352347,6.21167303
65.615,28.06891263,-4.64775178,-11.94291307,-10.24782714,-9.85690575,3.67950954,-16.3101357,-0.56620872,-1.72778824,-14.53430243,18.65103036,6.39690398
65.62,28.45341574,-4.26404215,-11.74248294,-11.81963798,-10.23235686,2.91797299,-16.25408314,-1.06142276,-2.08333472,-15.70006888,18.42338764,6.56684916
65.625,28.81713823,-3.88689302,-11.53891489,-13.39285815,-10.55426134,2.18228309,-16.1641059,-1.5563345,-2.4349078,-16.93643991,18.11735303,6.71859202
65.63,29.152797,-3.51867236,-11.33361667,-14.95211166,-10.81435541,1.47796877,-16.03429741,-2.05336686,-2.77707217,-18.24512651,17.73197625,6.85142491
65.635,29.45557457,-3.15865711,-11.13480905,-16.48291538,-11.00469133,0.8176367,-15.8621496,-2.55149216,-3.1039396,-19.62875021,17.26768932,6.96069676
65.64,29.72707509,-2.80563266,-10.94243767,-17.97113204,-11.12312615,0.1783168,-15.63881588,-3.05435593,-3.41652417,-21.08399147,16.72377042,7.04883089
65.645,29.96266451,-2.46331717,-10.76722256,-19.41206807,-11.15740475,-0.41715906,-15.36605534,-3.56134766,-3.71830415,-22.60572001,16.09626341,7.10726848
65.65,30.16189502,-2.12999696,-10.61448956,-20.79212205,-11.10568089,-0.97640798,-15.03509905,-4.07210687,-3.99643154,-24.19890418,15.39018077,7.13646464
65.655,30.3331406,-1.80813141,-10.47563703,-22.11117311,-10.97867354,-1.50976598,-14.63484497,-4.58513498,-4.24683284,-25.86559969,14.61393382,7.12836197
65.66,30.46639506,-1.49397328,-10.35801123,-23.35936677,-10.75993732,-1.99723852,-14.17078571,-5.1056347,-4.47027953,-27.59844049,13.76098113,7.08540928
65.665,30.56796759,-1.18974086,-10.26171017,-24.53193028,-10.46034229,-2.45559459,-13.63488074,-5.62946121,-4.65831415,-29.39273163,12.84214852,7.00188511
65.67,30.63756508,-0.89325874,-10.18839402,-25.62705928,-10.08549261,-2.88329991,-13.02614968,-6.15842843,-4.81434258,-31.24650629,11.86032581,6.8768552
65.675,30.67947915,-0.60291436,-10.13683439,-26.63866263,-9.64277302,-3.2865721,-12.33762414,-6.69193866,-4.93064073,-33.15442302,10.82420486,6.70269176
65.68,30.69275079,-0.31900797,-10.10502949,-27.57447868,-9.13367466,-3.66644759,-11.57960194,-7.22582965,-5.00357346,-35.10340599,9.74848486,6.48822424
65.685,30.67919932,-0.04104585,-10.09528503,-28.42680918,-8.57009546,-4.02676751,-10.7482027,-7.76010263,-5.03837875,-37.08930358,8.63788671,6.22755532
65.69,30.63575748,0.23798429,-10.1016339,-29.19212925,-7.9663828,-4.36501146,-9.84924782,-8.29509435,-5.03747938,-39.1017701,7.50643615,5.92509822
65.695,30.57432968,0.51081583,-10.12759522,-29.87695057,-7.32172426,-4.69155726,-8.87657826,-8.82154086,-4.98757012,-41.12969652,6.35842108,5.56883962
65.7,30.4807486,0.78472048,-10.17148356,-30.47769142,-6.6585035,-5.00014417,-7.85200056,-9.34317254,-4.90691252,-43.15933109,5.21214186,5.17961985
65.705,30.38901319,1.03991035,-10.21381801,-31.0188021,-5.94377982,-5.30555431,-6.75850322,-9.82757116,-4.78398077,-45.17971317,4.08561441,4.73129597
65.71,30.22003073,1.33155069,-10.29027641,-31.43663948,-5.29933695,-5.57101546,-5.64790466,-10.34143144,-4.63673393,-47.1811166,2.97688684,4.2775825
65.715,30.07206196,1.58426522,-10.3508348,-31.81955229,-4.58199034,-5.85044738,-4.47527072,-10.78687126,-4.45943302,-49.14672143,1.90544137,3.76534446
65.72,29.84692175,1.87428609,-10.42966797,-32.08091291,-3.94894288,-6.08950444,-3.29879393,-11.24966363,-4.25634509,-51.07312578,0.88905051,3.25100019
65.725,29.63583686,2.12895601,-10.50574174,-32.31303557,-3.28257394,-6.33329858,-2.0805569,-11.64946888,-4.04311432,-52.94509525,-0.08058502,2.69095781
65.73,29.36502277,2.40253362,-10.57787116,-32.44352433,-2.67636058,-6.55056011,-0.8639908,-12.03574219,-3.80953113,-54.75688276,-0.97336593,2.12627431
65.735,29.0211493,2.6998076,-10.67298897,-32.48662982,-2.15849754,-6.73353773,0.32363882,-12.42771406,-3.58306879,-56.50013307,-1.77387605,1.59535327
65.74,28.69602437,2.96057723,-10.74223854,-32.4918744,-1.63053725,-6.91466308,1.54983835,-12.73796803,-3.33499782,-58.16875995,-2.52330493,0.99377006
65.745,28.33866398,3.21271207,-10.78974322,-32.44301257,-1.12992211,-7.07940308,2.75937407,-13.00488468,-3.10356756,-59.75142946,-3.17866044,0.41228891
65.75,27.92391774,3.47190034,-10.82836963,-32.31202358,-0.69999531,-7.21360624,3.93933531,-13.24692549,-2.87641366,-61.24448625,-3.73652689,-0.14496613
65.755,27.50572019,3.70398067,-10.8354354,-32.13338878,-0.27668784,-7.33840224,5.12393712,-13.41913853,-2.65273881,-62.64050992,-4.2330865,-0.72358252
65.76,27.02728542,3.94398538,-10.85017823,-31.8924826,0.05833687,-7.42573498,6.25861088,-13.58038104,-2.45342062,-63.94258745,-4.62158711,-1.25833375
65.765,26.49322517,4.18829716,-10.85832086,-31.59832234,0.31231432,-7.47454269,7.33781616,-13.72305314,-2.28238273,-65.14627105,-4.89686327,-1.73280701
65.77,25.9517474,4.40453569,-10.84190846,-31.26248338,0.54952686,-7.5074274,8.4089302,-13.80765737,-2.12358295,-66.24527106,-5.11956761,-2.21721542
65.775,25.37822118,4.60751095,-10.80841474,-30.88088022,0.74792495,-7.51304298,9.439834,-13.85542421,-1.99186093,-67.23628406,-5.25861312,-2.65752872
65.78,24.77236174,4.79604997,-10.76067737,-30.45768211,0.90404658,-7.48973847,10.42833529,-13.8710282,-1.88777842,-68.1193923,-5.31878275,-3.05021411
65.785,24.10947556,4.96683365,-10.69617516,-29.99489315,1.06556357,-7.48619911,11.34340405,-13.8516386,-1.81376783,-68.88890117,-5.25486203,-3.33564806
65.79,23.44881652,5.12684427,-10.63606838,-29.49108804,1.12247518,-7.40166956,12.25306475,-13.81265515,-1.75820967,-69.5554396,-5.17667853,-3.63531776
65.795,22.77843747,5.26419629,-10.56164108,-28.96304685,1.15844341,-7.28913297,13.13124127,-13.73797473,-1.72924994,-70.11377156,-5.06282997,-3.89802341
65.8,22.09306055,5.38120501,-10.48077319,-28.4093371,1.17104174,-7.14576852,13.97518212,-13.63963017,-1.72586285,-70.56547369,-4.90720331,-4.1134716
65.805,21.39568683,5.4900227,-10.37367699,-27.84337205,1.16897557,-6.94638631,14.78077012,-13.52223934,-1.74308176,-70.92119851,-4.72201037,-4.2682462
65.81,20.65822607,5.577698,-10.25989593,-27.24012895,1.18899059,-6.68438157,15.51361793,-13.39340887,-1.81922282,-71.15193215,-4.49232472,-4.31914953
65.815,19.90766497,5.64384474,-10.15704027,-26.6194953,1.17537205,-6.43158654,16.21641275,-13.23884558,-1.88795831,-71.28682653,-4.21530411,-4.31629926
65.82,19.1466915,5.69584061,-10.05163574,-25.98087298,1.15017079,-6.1579399,16.88454377,-13.07385224,-1.97416182,-71.32424112,-3.92600628,-4.25201172
65.825,18.40777965,5.71367977,-9.96638383,-25.33452773,1.05557165,-5.8902393,17.55670139,-12.86625706,-2.03657951,-71.27050287,-3.63867684,-4.19369611
65.83,17.60157154,5.74206321,-9.8380343,-24.66461739,1.09099635,-5.52629027,18.1104011,-12.69829076,-2.19516032,-71.10116878,-3.32236466,-3.93930936
65.835,16.81925174,5.74123285,-9.74608474,-23.98721597,1.05823168,-5.17062567,18.67451695,-12.4941544,-2.3140934,-70.84928137,-3.03300903,-3.71081214
65.84,16.03817527,5.72578075,-9.65372541,-23.30367995,1.03144158,-4.79554736,19.21070325,-12.28258773,-2.44287223,-70.50838371,-2.75974626,-3.43706997
65.845,15.25636561,5.69663815,-9.56867262,-22.61301221,1.01162594,-4.39886896,19.71736947,-12.06414197,-2.57612752,-70.07939969,-2.5073023,-3.12486542
65.85,14.47816362,5.65570865,-9.49330626,-21.91774769,0.99806765,-3.98670556,20.19891868,-11.83942352,-2.70850978,-69.56696885,-2.2838891,-2.78717038
65.855,13.7019906,5.60512518,-9.42727743,-21.2186485,0.99684669,-3.55642622,20.65437516,-11.61268452,-2.84081088,-68.97378474,-2.08954407,-2.42752619
65.86,12.93702566,5.54831019,-9.37140899,-20.51776752,1.00057688,-3.12055645,21.09362533,-11.38378112,-2.96638422,-68.30481349,-1.93551515,-2.05863357
65.865,12.1754628,5.48332747,-9.32592259,-19.8140712,1.0184338,-2.67152097,21.5079052,-11.15166374,-3.0879027,-67.56006792,-1.81330394,-1.68507367
65.87,11.42496345,5.41462715,-9.28818887,-19.11665234,1.04206915,-2.21085309,21.90354276,-10.92023337,-3.19597018,-66.74319536,-1.72984516,-1.31132126
65.875,10.6848239,5.34137215,-9.27094988,-18.41658869,1.07382324,-1.75358227,22.28214885,-10.6912062,-3.30139661,-65.85434478,-1.68464784,-0.95427774
65.88,9.95117028,5.2697314,-9.26220152,-17.71855064,1.1240212,-1.28850832,22.63851778,-10.46578838,-3.3957562,-64.89906288,-1.66870233,-0.61473245
65.885,9.22880407,5.19917671,-9.26182004,-17.02356176,1.1827604,-0.82267365,22.9801337,-10.24389985,-3.47578635,-63.88043024,-1.6864134,-0.2988697
65.89,8.51716658,5.13012242,-9.273571,-16.33169665,1.24746996,-0.35683351,23.30523504,-10.02452932,-3.54195119,-62.79773292,-1.7322079,-0.01414637
65.895,7.82317766,5.06698373,-9.29077277,-15.64594831,1.31644835,0.09533631,23.62133041,-9.81386852,-3.59441616,-61.65564489,-1.80747839,0.23897189
65.9,7.13906006,5.01091814,-9.31566383,-14.96411942,1.3959827,0.54553539,23.91956521,-9.61196653,-3.63551565,-60.4547553,-1.90493083,0.45878452
65.905,6.46818531,4.9623228,-9.34637555,-14.28532003,1.4777145,0.98362217,24.20610124,-9.41677357,-3.65849882,-59.19649033,-2.01744395,0.63724738
65.91,5.80761855,4.9240331,-9.3845977,-13.61559649,1.57037443,1.41473674,24.47444845,-9.23541888,-3.67363055,-57.88091799,-2.13958153,0.77352105
65.915,5.15831877,4.89506314,-9.42320364,-12.95049427,1.66652705,1.83690228,24.72753494,-9.06210264,-3.67064566,-56.5104044,-2.26914099,0.86891906
65.92,4.52690799,4.88041394,-9.45623984,-12.28837652,1.75652831,2.23460691,24.97486642,-8.9008996,-3.64940815,-55.08764397,-2.40342891,0.92836305
65.925,3.89986256,4.87665236,-9.50379155,-11.63446445,1.86131187,2.6264542,25.19623634,-8.75848354,-3.62905824,-53.60848686,-2.52840427,0.94093309
65.93,3.28965816,4.8882193,-9.54098204,-10.98700194,1.96063416,2.99504391,25.40852235,-8.62879442,-3.59028749,-52.07876862,-2.64711268,0.92093595
65.935,2.68603224,4.91353967,-9.58009437,-10.34555229,2.06915538,3.35091642,25.59905591,-8.5169899,-3.54728221,-50.49570943,-2.75013528,0.86155367
65.94,2.0918005,4.95291365,-9.61080115,-9.71241155,2.179284,3.69342753,25.77039999,-8.42158384,-3.49399538,-48.86133161,-2.84061412,0.77022566
65.945,1.51307195,5.00808674,-9.63115979,-9.0873365,2.28449316,4.01022501,25.92827938,-8.34389035,-3.43293887,-47.17664497,-2.91164724,0.65639523
65.95,0.93858457,5.07712383,-9.64530248,-8.47167551,2.39961838,4.31666091,26.05883396,-8.28418497,-3.36855277,-45.4396959,-2.95896746,0.51275095
65.955,0.45054971,5.1664103,-9.65160425,-7.86615368,2.44331817,4.49161746,26.25351979,-8.23664413,-3.27340559,-43.66563003,-2.90323826,0.4229253
65.96,-0.17367408,5.25988352,-9.62836564,-7.27261437,2.63511411,4.85795172,26.25903789,-8.22372074,-3.23461769,-41.81534074,-2.98134944,0.175339
65.965,-0.64678528,5.37756943,-9.6151814,-6.69063327,2.69330109,5.02025639,26.40322468,-8.21243869,-3.13011997,-39.94401986,-2.87099631,0.06387961
65.97,-1.26049653,5.49680321,-9.56408225,-6.12157969,2.8928737,5.34980851,26.35172475,-8.23462263,-3.08692859,-37.99805435,-2.89949174,-0.18471876
65.975,-1.71196364,5.64329532,-9.52351041,-5.56889421,2.96632915,5.49065223,26.44850223,-8.26549236,-2.98653019,-36.03932118,-2.74473048,-0.30208249
65.98,-2.30767703,5.7872035,-9.43337577,-5.03542269,3.17398026,5.77651466,26.33864648,-8.33203302,-2.9640631,-34.00691343,-2.73477261,-0.52748082
65.985,-2.82814938,5.94919668,-9.35048097,-4.51910595,3.32817189,5.98220646,26.2832262,-8.40378231,-2.89569036,-31.9553955,-2.6165079,-0.67323509
65.99,-3.32721254,6.12522565,-9.23983537,-4.02699597,3.49637388,6.1623382,26.21082141,-8.50447436,-2.8504522,-29.87513462,-2.4955659,-0.80166426
65.995,-3.82269346,6.30989846,-9.11058549,-3.55959786,3.67921112,6.33511352,26.10592318,-8.62048173,-2.80481682,-27.77060696,-2.36505896,-0.90623952
66,-4.31646213,6.50209433,-8.9617357,-3.12090431,3.88151892,6.50635916,25.96801869,-8.75022345,-2.75432791,-25.65125863,-2.23357193,-0.97797632
66.005,-4.78981659,6.70629315,-8.79887573,-2.70911415,4.10164357,6.66344655,25.81949997,-8.90562395,-2.72901096,-23.5294208,-2.10760076,-1.02131471
66.01,-5.2548846,6.91657952,-8.62235241,-2.33403964,4.34226262,6.81896945,25.64709519,-9.07571392,-2.70480445,-21.41591162,-1.98850992,-1.03155541
66.015,-5.66521633,7.13078596,-8.41636913,-2.00335105,4.57047012,6.96079371,25.49709742,-9.25789479,-2.67671946,-19.3237629,-1.85010406,-1.0287983
66.02,-6.16003485,7.34532923,-8.2343204,-1.68670693,4.89507634,7.13710686,25.2498106,-9.44704589,-2.66475087,-17.25998958,-1.78639218,-0.95094084
66.025,-6.54482943,7.58709627,-7.99785101,-1.44678851,5.19495068,7.28059867,25.08143772,-9.67757244,-2.64827839,-15.26351012,-1.7239047,-0.87558216
66.03,-6.96258073,7.80865128,-7.77923444,-1.23680711,5.56290846,7.45114278,24.86191186,-9.89580594,-2.64679074,-13.3223644,-1.69877641,-0.75146439
66.035,-7.41114341,7.99634716,-7.59119319,-1.04536245,5.94376738,7.67354376,24.6026961,-10.08032174,-2.6455507,-11.45320506,-1.64111531,-0.5805524
66.04,-7.79643252,8.20678787,-7.38723666,-0.92555009,6.36059793,7.8735478,24.3996515,-10.29477488,-2.63600598,-9.70587057,-1.6304534,-0.3929377
66.045,-8.16213129,8.40411511,-7.19586646,-0.85706906,6.80948434,8.09095233,24.21158029,-10.50045794,-2.62585366,-8.07825909,-1.63465095,-0.18305853
66.05,-8.50717137,8.58559015,-7.02304436,-0.8423263,7.29119309,8.3256765,24.04337055,-10.69207052,-2.61185313,-6.58293981,-1.6529662,0.04852998
66.055,-8.83010582,8.74269526,-6.87325062,-0.88462428,7.80997343,8.58191057,23.8955128,-10.86098357,-2.59843944,-5.22824527,-1.68545951,0.29693905
66.06,-9.13338825,8.87427248,-6.75422993,-0.98170756,8.3571265,8.86570648,23.77171499,-11.00417923,-2.58121937,-4.02363681,-1.72912057,0.55880284
66.065,-9.41392663,8.96861122,-6.67559926,-1.13843383,8.93066997,9.18189575,23.66991105,-11.10976973,-2.56548372,-2.96962765,-1.77919256,0.82766865
66.07,-9.67162047,9.03133658,-6.63339634,-1.35862835,9.53128433,9.52561524,23.59384746,-11.18116892,-2.54433671,-2.07716872,-1.84639622,1.10092774
66.075,-9.89838066,9.04790571,-6.62464791,-1.64165782,10.15918537,9.85557811,23.54770698,-11.20478979,-2.52431296,-1.3424968,-1.92780866,1.35612849
66.08,-10.12079112,9.03356789,-6.68591228,-1.98495262,10.78441738,10.30644227,23.51559879,-11.19277561,-2.48171262,-0.77618412,-2.02085616,1.64108961
66.085,-10.31068909,8.96302998,-6.77737395,-2.38995452,11.44053485,10.71361448,23.51413345,-11.12286295,-2.45332508,-0.36814003,-2.13060453,1.88493449
66.09,-10.47108136,8.83456356,-6.89332715,-2.85609398,12.10694442,11.10049901,23.53621033,-10.99953573,-2.45137329,-0.11233392,-2.25113231,2.09061369
66.095,-10.63559239,8.67814549,-7.10317563,-3.37390901,12.76871353,11.59718303,23.57795221,-10.8318631,-2.39008083,-0.02946735,-2.39335926,2.31592298
66.1,-10.7596048,8.45217323,-7.29570815,-3.96517954,13.42761701,12.02462813,23.64156501,-10.61273547,-2.39121634,-0.09250352,-2.55465417,2.47400171
66.105,-10.87880096,8.18829925,-7.5760085,-4.61097779,14.07938478,12.51718011,23.72316219,-10.34740062,-2.35428647,-0.31125209,-2.73180447,2.62088353
66.11,-10.98325377,7.87648997,-7.89066509,-5.31689641,14.70568407,13.01205418,23.82136543,-10.03632709,-2.31722121,-0.67330156,-2.93190481,2.72692607
66.115,-11.07215696,7.51855792,-8.23897795,-6.08279441,15.30402018,13.50054344,23.93540465,-9.68488581,-2.27541769,-1.17674501,-3.1527252,2.79122085
66.12,-11.15694684,7.1139884,-8.66401604,-6.90107865,15.85223595,14.02531463,24.06537343,-9.28143114,-2.20111955,-1.81632468,-3.37713631,2.803449
66.125,-11.20678396,6.6688107,-9.03120198,-7.80111628,16.39194592,14.48023542,24.20508919,-8.86854612,-2.1820837,-2.56977411,-3.65415802,2.77668257
66.13,-11.25059302,6.1844489,-9.45859849,-8.7529339,16.87297101,14.96488199,24.35833276,-8.41705381,-2.12547725,-3.44300633,-3.93204049,2.69437825
66.135,-11.29105117,5.66370412,-9.93332772,-9.75577866,17.26777327,15.462091,24.51827465,-7.93180168,-2.03892728,-4.42207848,-4.20666957,2.53755463
66.14,-11.28998136,5.10728495,-10.3354902,-10.84690881,17.64670812,15.88702699,24.68115605,-7.44914676,-2.01007244,-5.47980278,-4.52981753,2.36208854
66.145,-11.277599,4.52350093,-10.76049311,-11.99623685,17.94324534,16.30122645,24.84605448,-6.94819255,-1.95193683,-6.61836575,-4.84177818,2.12654022
66.15,-11.24334732,3.91200356,-11.17042079,-13.21056371,18.15519029,16.68821483,25.00805323,-6.4386521,-1.89609779,-7.81708311,-5.15104052,1.83819415
66.155,-11.17911099,3.27511515,-11.54493229,-14.49852657,18.29369568,17.0275862,25.16305542,-5.92936306,-1.85234686,-9.06312741,-5.45616682,1.51629289
66.16,-11.08237034,2.61636169,-11.88715831,-15.85947833,18.34247736,17.3261842,25.30728256,-5.42392635,-1.81513576,-10.34139037,-5.7430159,1.15629351
66.165,-10.94855322,1.93725219,-12.17919846,-17.29394007,18.30637574,17.57397577,25.4369135,-4.92535269,-1.80129102,-11.63359702,-6.01012864,0.77254102
66.17,-10.77480757,1.24114745,-12.42001337,-18.80030291,18.16805756,17.76696365,25.54795917,-4.43823862,-1.80608645,-12.92872325,-6.23930983,0.37053
66.175,-10.54921786,0.52848858,-12.5999444,-20.3870055,17.92919813,17.91885569,25.63763653,-3.96194143,-1.81997091,-14.20576792,-6.43616025,-0.05715626
66.18,-10.27245853,-0.19406509,-12.70362612,-22.04483571,17.58488097,18.0134289,25.70467557,-3.50072211,-1.83987175,-15.46051285,-6.58384462,-0.48557064
66.185,-9.93166117,-0.93135634,-12.74794876,-23.7815129,17.14231965,18.04932862,25.75156177,-3.05391582,-1.89810029,-16.67991459,-6.68388815,-0.92126552
66.19,-9.52815454,-1.67765704,-12.72405251,-25.58791336,16.59368281,18.02696712,25.7764269,-2.62371048,-1.98317828,-17.85861626,-6.72237673,-1.34899645
66.195,-9.05332585,-2.43437961,-12.63286848,-27.46739009,15.93808202,17.94982119,25.7767675,-2.20939694,-2.10082922,-18.98207475,-6.70244016,-1.76493426
66.2,-8.50177952,-3.19329923,-12.47348793,-29.41060331,15.17737117,17.81229936,25.76235113,-1.80885189,-2.23179902,-20.05254899,-6.61026261,-2.17666455
66.205,-7.87996823,-3.95856822,-12.25110031,-31.4078378,14.30928401,17.62535894,25.72831907,-1.42148234,-2.40091108,-21.06882669,-6.45878583,-2.56499883
66.21,-7.17278539,-4.72217703,-11.96707753,-33.46686367,13.34209843,17.38045828,25.6760148,-1.04429668,-2.57410439,-22.01201348,-6.23050394,-2.93581531
66.215,-6.38592273,-5.48020229,-11.63011374,-35.56792004,12.28153513,17.07789191,25.61264973,-0.68004006,-2.76897837,-22.89376255,-5.93463252,-3.28619805
66.22,-5.52719328,-6.23163736,-11.24839547,-37.69945436,11.13306508,16.72721388,25.53275837,-0.32280409,-2.98014251,-23.70836257,-5.57290388,-3.61167739
66.225,-4.58768875,-6.96779921,-10.8349981,-39.85087526,9.91409682,16.31338224,25.45781117,0.0225174,-3.20245806,-24.47176955,-5.12181535,-3.92364043
66.23,-3.59874683,-7.69935935,-10.38688665,-42.01294646,8.61419489,15.86719751,25.34112499,0.36814932,-3.44249688,-25.14687711,-4.65293008,-4.19870835
66.235,-2.55914583,-8.4119184,-9.91954949,-44.16681153,7.26072511,15.3741938,25.20247281,0.70993413,-3.68158178,-25.75180534,-4.13950322,-4.45017079
66.24,-1.47166872,-9.10393052,-9.43744153,-46.30325559,5.86321705,14.82980045,25.04300505,1.04913502,-3.92063713,-26.28515371,-3.59155304,-4.67866734
66.245,-0.34482521,-9.77075051,-8.94931629,-48.41092896,4.43678954,14.23506772,24.85914441,1.3851835,-4.1519186,-26.74341793,-3.01888422,-4.88296503
66.25,0.80344362,-10.40964911,-8.46699935,-50.47474408,3.00295424,13.59565777,24.64284373,1.7203842,-4.37230016,-27.12986427,-2.42681321,-5.07443391
66.255,1.97178349,-11.01832791,-7.99852314,-52.48803914,1.57174943,12.90701636,24.40266193,2.05032408,-4.58685844,-27.45250744,-1.83524915,-5.24475283
66.26,3.16023113,-11.58624357,-7.53629187,-54.44003391,0.16118154,12.16910048,24.13366413,2.37612816,-4.76423994,-27.69466212,-1.23515693,-5.39621679
66.265,4.34413247,-12.12688093,-7.10748785,-56.32243473,-1.21810253,11.38600532,23.82555347,2.69546055,-4.94234073,-27.86933464,-0.67402094,-5.53026827
66.27,5.50580491,-12.63611522,-6.70943218,-58.12966726,-2.53665661,10.60611467,23.4702877,3.02285197,-5.08084805,-27.9740307,-0.13301793,-5.65900997
66.275,6.68416119,-13.08732157,-6.33113857,-59.8562325,-3.80114214,9.7340955,23.10310039,3.32577254,-5.18899686,-28.01452717,0.40419225,-5.77978124
66.28,7.85811312,-13.47376489,-5.99307655,-61.49122805,-4.98056089,8.82499592,22.72091149,3.60616077,-5.24120697,-27.99840607,0.95785608,-5.90287021
66.285,8.99442407,-13.84054859,-5.69980022,-63.03809056,-6.08219076,7.90773446,22.28543843,3.88614337,-5.28240569,-27.9151169,1.42314016,-6.0107706
66.29,10.10063474,-14.1666788,-5.45180018,-64.49069892,-7.09098737,6.97074009,21.81310883,4.15326866,-5.29222919,-27.77219223,1.8401264,-6.11918379
66.295,11.16727033,-14.47508117,-5.24957528,-65.85279976,-7.99290907,6.05596925,21.2944841,4.42009992,-5.28817039,-27.56822723,2.1651047,-6.20344676
66.3,12.21448012,-14.71250679,-5.09679538,-67.10507577,-8.81104831,5.09359344,20.76135368,4.64911444,-5.22582094,-27.30938123,2.49381229,-6.30836111
66.305,13.2284597,-14.90711736,-4.99685232,-68.2634124,-9.52996875,4.12673954,20.21466342,4.85403463,-5.13133572,-27.03067287,2.78295718,-6.41799788
66.31,14.1994005,-15.06388193,-4.94562862,-69.3109807,-10.14103471,3.18387792,19.62639115,5.04011314,-5.0040238,-26.67879643,3.01140238,-6.51985731
66.315,15.13176863,-15.17753833,-4.95126348,-70.25442345,-10.66592461,2.24839511,19.02189819,5.19573954,-4.84372225,-26.2990797,3.2095523,-6.63559812
66.32,16.01617735,-15.27887306,-4.9955584,-71.0991494,-11.05971025,1.37830962,18.37722687,5.3456622,-4.67838401,-25.86375943,3.31591864,-6.71703951
66.325,16.86429534,-15.3317051,-5.09470513,-71.83904124,-11.39354639,0.50810109,17.72724521,5.45531494,-4.47044544,-25.41802744,3.41824701,-6.83021552
66.33,17.66729795,-15.35989909,-5.23502474,-72.47464296,-11.61944976,-0.29506375,17.05149091,5.54694664,-4.25511108,-24.92666103,3.45997789,-6.91975449
66.335,18.42959665,-15.35762051,-5.41565604,-73.0089821,-11.76677158,-1.04612775,16.36234353,5.61050417,-4.01577072,-24.41723234,3.47995771,-7.01486368
66.34,19.15031006,-15.32728383,-5.63357342,-73.44099417,-11.83963161,-1.73747111,15.65933586,5.64792494,-3.76378928,-23.8843309,3.47405591,-7.10931674
66.345,19.83171697,-15.273735,-5.88298518,-73.7731992,-11.83953358,-2.35504135,14.94449292,5.6607389,-3.50422769,-23.3319419,3.44326001,-7.19546049
66.35,20.47584379,-15.20040106,-6.15917379,-74.00816132,-11.77427383,-2.89547179,14.22098534,5.65153365,-3.24133731,-22.76315438,3.39209817,-7.26835434
66.355,21.08309959,-15.10438704,-6.45717052,-74.14632363,-11.65501758,-3.35729633,13.49066715,5.61784593,-2.97837271,-22.18216436,3.32777022,-7.33371042
66.36,21.6524233,-14.99103401,-6.77641515,-74.18749406,-11.50096543,-3.73973266,12.75456154,5.56377645,-2.71488545,-21.59008498,3.25170152,-7.39066288
66.365,22.19600979,-14.85863726,-7.10010965,-74.14286529,-11.29795372,-4.03046679,12.01867697,5.48866233,-2.46539113,-20.9934987,3.17146155,-7.42591623
66.37,22.70314365,-14.71350647,-7.43685505,-74.00526363,-11.08335343,-4.23769241,11.27889164,5.39728869,-2.21944937,-20.39001238,3.08944771,-7.45227863
66.375,23.18148918,-14.55604393,-7.7762571,-73.78165544,-10.85332689,-4.35848643,10.53872909,5.29123687,-1.98714668,-19.7827546,3.00876779,-7.46345223
66.38,23.71092159,-14.36657724,-8.0634165,-73.48186651,-10.60436371,-4.42429852,9.86104573,5.16304136,-1.84334751,-19.18057107,2.92312448,-7.42084168
66.385,24.05591423,-14.21341843,-8.45043423,-73.08203985,-10.38662831,-4.34962752,9.06842698,5.04805697,-1.56551649,-18.57099227,2.87804894,-7.42720746
66.39,24.45294854,-14.02534618,-8.76493274,-72.61465908,-10.1611792,-4.22351467,8.33032712,4.91545873,-1.37579996,-17.96508255,2.82090589,-7.39004578
66.395,24.82310766,-13.83989322,-9.08417964,-72.06698023,-9.95359503,-4.02332169,7.59856568,4.77785684,-1.21542766,-17.36068408,2.78454736,-7.332122
66.4,25.17283861,-13.64843848,-9.38479321,-71.44561082,-9.76746023,-3.75664025,6.87263968,4.63889186,-1.07171578,-16.76155058,2.7634886,-7.25350197
66.405,25.49700669,-13.45744378,-9.67394414,-70.7508585,-9.60265367,-3.42657075,6.14986816,4.50084822,-0.95230854,-16.16690571,2.75715613,-7.15462927
66.41,25.80240041,-13.26418595,-9.94773053,-69.98391727,-9.47045394,-3.04437976,5.43702653,4.36362536,-0.85579305,-15.57908457,2.77007582,-7.03881075
66.415,26.08055245,-13.06889887,-10.20092641,-69.14776026,-9.36002245,-2.60660773,4.72362294,4.23127412,-0.76919544,-14.99668069,2.8002703,-6.89879267
66.42,26.34404832,-12.86887943,-10.42515855,-68.24470949,-9.27848515,-2.13579551,4.01918687,4.10583801,-0.69446377,-14.41977627,2.83916976,-6.73463168
66.425,26.58356099,-12.68065161,-10.65602918,-67.26919676,-9.23637826,-1.6269453,3.32863952,3.98359895,-0.66052237,-13.85281014,2.90440177,-6.56656891
66.43,26.79836442,-12.48371549,-10.84785494,-66.22988749,-9.20807832,-1.08264284,2.6348506,3.87224322,-0.61202681,-13.29037506,2.98206309,-6.36500896
66.435,26.98956574,-12.29317842,-11.03610542,-65.12183792,-9.2090252,-0.51243649,1.95185217,3.76598874,-0.59295944,-12.73686443,3.07812925,-6.1523667
66.44,27.1596902,-12.10834324,-11.20943349,-63.94684952,-9.23128726,0.07372917,1.27889003,3.67164223,-0.58374872,-12.1918253,3.18940339,-5.92643736
66.445,27.3061402,-11.92677972,-11.37366347,-62.70354944,-9.27508852,0.67865621,0.61702391,3.58389135,-0.59126501,-11.65666162,3.31189112,-5.68877554
66.45,27.42776989,-11.74723085,-11.52168447,-61.39606307,-9.3243066,1.295068,-0.04017098,3.50625158,-0.59736662,-11.1276444,3.44891497,-5.43138678
66.455,27.53056301,-11.57467064,-11.66699551,-60.01929943,-9.39229741,1.91677738,-0.67778239,3.43789858,-0.61798739,-10.61141043,3.5948191,-5.17651183
66.46,27.60717311,-11.3960725,-11.78893048,-58.57870126,-9.45467463,2.54633638,-1.31082956,3.37541537,-0.62782496,-10.10060307,3.74924558,-4.89814309
66.465,27.64865765,-11.22807055,-11.91511645,-57.06740476,-9.51000064,3.18713751,-1.93816142,3.32247174,-0.64924619,-9.6013544,3.91983561,-4.60601344
66.47,27.67591739,-11.06829797,-12.04250008,-55.4896041,-9.56982655,3.82179041,-2.53972437,3.27879679,-0.6712867,-9.11518389,4.09828397,-4.3288888
66.475,27.67847539,-10.90150264,-12.14968638,-53.84405959,-9.61597307,4.45594612,-3.13012922,3.23985411,-0.68216939,-8.63800784,4.27754785,-4.03804327
66.48,27.64884224,-10.73749793,-12.25228881,-52.12882705,-9.63868103,5.09085282,-3.71103112,3.20748431,-0.69026833,-8.17313197,4.46588055,-3.73371116
66.485,27.59778297,-10.57368051,-12.35124523,-50.34358706,-9.6473124,5.71905562,-4.27091767,3.1800787,-0.69659282,-7.72301312,4.65514523,-3.43389989
66.49,27.52140719,-10.41538623,-12.45019757,-48.49030846,-9.63414662,6.34478154,-4.8116796,3.15936052,-0.69487965,-7.28684498,4.85231824,-3.13917335
66.495,27.42295036,-10.25684673,-12.54279073,-46.56848324,-9.60663794,6.96934043,-5.32974018,3.14346803,-0.67872359,-6.86824093,5.05326422,-2.85228085
66.5,27.29424669,-10.09845349,-12.62931003,-44.57761418,-9.54319902,7.58681095,-5.83274904,3.13210972,-0.65677634,-6.46461588,5.2572784,-2.562448
66.505,27.13933366,-9.94116599,-12.71044269,-42.51953768,-9.44560238,8.18962913,-6.31633819,3.12619588,-0.63006466,-6.07757622,5.4638235,-2.27664434
66.51,26.95879253,-9.78351269,-12.7832195,-40.39495113,-9.32435564,8.78668594,-6.77699859,3.12420744,-0.58668963,-5.71203331,5.67450956,-1.99731374
66.515,26.75048768,-9.63301921,-12.85198267,-38.20981614,-9.16724816,9.36848385,-7.22113583,3.13108251,-0.53692278,-5.36200648,5.8920304,-1.72376629
66.52,26.51733426,-9.48730868,-12.91313459,-35.96648674,-8.98383703,9.93710023,-7.64311535,3.1464153,-0.47474598,-5.03746823,6.11437322,-1.45822892
66.525,26.26062428,-9.35027981,-12.96525692,-33.6727642,-8.77309218,10.48835797,-8.04679236,3.17198807,-0.40024128,-4.73251911,6.34433986,-1.20023806
66.53,25.98415424,-9.22260774,-13.00492088,-31.33390079,-8.54249289,11.01570363,-8.4277878,3.20957268,-0.31246555,-4.45334176,6.57950885,-0.9537355
66.535,25.68736812,-9.10817773,-13.03724416,-28.96132122,-8.27970319,11.51117942,-8.79779756,3.2618893,-0.21680767,-4.18834826,6.82483062,-0.7154859
66.54,25.37316567,-9.01312088,-13.0538337,-26.56225519,-8.01591195,11.98544109,-9.14539011,3.33029166,-0.09891647,-3.95630495,7.08009705,-0.48398656
66.545,25.05267568,-8.93032451,-13.05545938,-24.14728299,-7.7485272,12.4187037,-9.4661394,3.4130647,0.02991173,-3.75885639,7.33817312,-0.27080016
66.55,24.71596211,-8.87320477,-13.05318702,-21.73540508,-7.46208845,12.82179168,-9.78449361,3.51585782,0.17150726,-3.57835899,7.61387803,-0.05732774
66.555,24.38438529,-8.83719429,-13.03621427,-19.33963851,-7.18516504,13.17633301,-10.07733153,3.63774523,0.32388057,-3.43267567,7.89550723,0.13793273
66.56,24.04834071,-8.82871193,-13.01351356,-16.97886155,-6.90071915,13.49660317,-10.37141479,3.7824741,0.4858339,-3.30225799,8.19174202,0.33324555
66.565,23.75702523,-8.81565148,-12.98223104,-14.65917708,-6.63674892,13.71659704,-10.60383407,3.9231388,0.64697984,-3.21199971,8.49055468,0.45816358
66.57,23.43133111,-8.88277839,-12.96950278,-12.42634478,-6.38610744,13.96422711,-10.86566506,4.11737156,0.86689092,-3.16982297,8.83137784,0.65314403
66.575,23.14069783,-8.9493522,-12.93881403,-10.28808482,-6.11801919,14.16486247,-11.11056065,4.3167253,1.049065,-3.14864811,9.16324463,0.81529072
66.58,22.88657752,-9.04067078,-12.90390718,-8.27093132,-5.85516823,14.32125743,-11.33749496,4.53645779,1.23823223,-3.16262393,9.50440501,0.96235039
66.585,22.63493351,-9.11044605,-12.90626122,-6.36390999,-5.57374874,14.48817554,-11.56660152,4.7246821,1.39459775,-3.21082786,9.85329344,1.14889402
66.59,22.47044164,-9.23231075,-12.86727521,-4.63477195,-5.3105526,14.55890591,-11.76386146,4.97019376,1.58211044,-3.28787055,10.21428123,1.24145525
66.595,22.29610639,-9.30179375,-12.90757377,-3.0216162,-5.0271811,14.65257555,-11.96101831,5.13985557,1.74683126,-3.40851147,10.61366548,1.43862911
66.6,22.18166356,-9.38745376,-12.93080017,-1.58685531,-4.75323405,14.70461327,-12.15135978,5.33261656,1.89854448,-3.55198241,11.01897557,1.59993993
66.605,22.10963582,-9.45586071,-12.95838574,-0.31572786,-4.48116306,14.71439329,-12.32252041,5.50565348,2.03873096,-3.74267881,11.42368646,1.74161439
66.61,22.07505935,-9.50203788,-13.00113699,0.78952705,-4.21709549,14.69892942,-12.48606921,5.6532747,2.1629299,-3.96607732,11.84159056,1.89432507
66.615,22.07545377,-9.53671379,-13.04617168,1.71696342,-3.9635438,14.65256257,-12.64907546,5.79402147,2.26901482,-4.23053562,12.22949967,1.96379767
66.62,22.11224991,-9.51281193,-13.12555871,2.49760051,-3.72719144,14.58767191,-12.79012927,5.85995828,2.34612212,-4.51986645,12.68936519,2.21371561
66.625,22.1654376,-9.48372072,-13.18088136,3.09234237,-3.49737988,14.51193381,-12.96064094,5.93476834,2.43363177,-4.83993763,13.0603338,2.23279157
66.63,22.26981416,-9.39677399,-13.29951754,3.5393067,-3.30984984,14.37582525,-13.07260478,5.92607207,2.42871774,-5.2211825,13.53910418,2.56179185
66.635,22.38683241,-9.28496051,-13.3968351,3.81560762,-3.1339145,14.23349867,-13.21408031,5.90110284,2.42266675,-5.62017597,13.96532236,2.76039426
66.64,22.52257344,-9.14121348,-13.50827183,3.93786551,-2.99628328,14.07098271,-13.35468561,5.83565148,2.39816011,-6.0512264,14.36907261,2.94851785
66.645,22.68093732,-8.96683118,-13.63581943,3.8949026,-2.89256741,13.888757,-13.49784482,5.7279235,2.36710853,-6.51333333,14.75891282,3.12196552
66.65,22.84780257,-8.75598112,-13.76360137,3.73399738,-2.83533072,13.67296234,-13.62913016,5.57584891,2.26578368,-7.02016773,15.14039647,3.35480746
66.655,23.03333597,-8.51528912,-13.89517411,3.41636906,-2.82751395,13.43470357,-13.76844672,5.38234477,2.14578085,-7.55250939,15.48887143,3.58856629
66.66,23.22787634,-8.2544725,-14.03718895,2.96795369,-2.87472499,13.17235446,-13.90760509,5.15153931,2.00652557,-8.12003904,15.80875871,3.81800986
66.665,23.43123945,-7.96778505,-14.16781811,2.39659153,-2.97851546,12.87541227,-14.04452492,4.87995184,1.82879965,-8.72478363,16.09434296,4.07538486
66.67,23.64136677,-7.66561744,-14.30124866,1.7081965,-3.14606138,12.54755187,-14.18081651,4.57473874,1.62614026,-9.36469498,16.34374762,4.33504135
66.675,23.85512839,-7.34696061,-14.41299214,0.9157896,-3.37126028,12.18252604,-14.31246216,4.23503758,1.39223214,-10.04602206,16.54684297,4.61458954
66.68,24.07223836,-7.01738944,-14.51763308,0.02587814,-3.666868,11.77682606,-14.43853909,3.86496357,1.13155562,-10.76780649,16.71045195,4.90487897
66.685,24.29135951,-6.67975926,-14.60549546,-0.94893084,-4.02957281,11.32973946,-14.55783658,3.46546139,0.8424427,-11.52799698,16.82829121,5.20726458
66.69,24.50899561,-6.33294974,-14.6682019,-1.99689065,-4.4454497,10.84413621,-14.66546434,3.04037539,0.52688529,-12.33726797,16.8907179,5.51886824
66.695,24.72385203,-5.97877932,-14.68956014,-3.10686015,-4.91279772,10.3033932,-14.75592748,2.59070455,0.18282,-13.20122106,16.90088329,5.85766116
66.7,24.93661302,-5.62430822,-14.6961756,-4.2710373,-5.43409845,9.73425396,-14.83041801,2.12150599,-0.18430653,-14.11185571,16.85480792,6.19545731
66.705,25.14098602,-5.26015858,-14.65302244,-5.46828099,-5.97160095,9.12040166,-14.87975559,1.6280223,-0.57160109,-15.08421405,16.74471183,6.55051942
66.71,25.34114118,-4.89853455,-14.59229455,-6.70057553,-6.55018064,8.47798057,-14.90455131,1.11986441,-0.98145995,-16.11057296,16.57931081,6.90939583
66.715,25.53363971,-4.53193683,-14.51099023,-7.95534111,-7.132241,7.83163258,-14.89843271,0.58772269,-1.40664505,-17.1948868,16.33888252,7.26064695
66.72,25.71430541,-4.16136426,-14.3852588,-9.21239806,-7.7002125,7.14438819,-14.8544681,0.04441165,-1.84188095,-18.35241243,16.03778267,7.6289407
66.725,25.88367682,-3.78829543,-14.23355411,-10.47175061,-8.23884932,6.45312999,-14.76861563,-0.51482535,-2.27636911,-19.58155793,15.66662461,7.99112189
66.73,26.04327163,-3.41613746,-14.10322703,-11.72828688,-8.76598571,5.79825134,-14.64721028,-1.09105461,-2.73056178,-20.86254701,15.21726861,8.32439119
66.735,26.18492883,-3.03585354,-13.90448874,-12.95801855,-9.22297003,5.10000013,-14.4648092,-1.67785371,-3.15368336,-22.24028416,14.71419906,8.66989177
66.74,26.31388051,-2.65643587,-13.72813755,-14.16880577,-9.62349323,4.45126957,-14.23599116,-2.28347214,-3.57638407,-23.67563637,14.12693135,8.97744787
66.745,26.42953187,-2.27464017,-13.53836564,-15.35142273,-9.95287729,3.79975335,-13.9448887,-2.89842281,-3.97964429,-25.19297168,13.47836142,9.26453492
66.75,26.53007042,-1.89221727,-13.3544952,-16.49758356,-10.20042798,3.1834116,-13.59516201,-3.528267,-4.35814459,-26.77853626,12.75880217,9.51356771
66.755,26.62074944,-1.50456444,-13.16188749,-17.60590165,-10.3770075,2.57135314,-13.17379183,-4.17138486,-4.70473573,-28.44118406,11.97634356,9.72965617
66.76,26.69960395,-1.11847739,-12.979087,-18.6730143,-10.45090869,1.98125384,-12.68390269,-4.82421732,-5.00851615,-30.17025779,11.13525975,9.89809609
66.765,26.76240011,-0.72948811,-12.8106576,-19.69234938,-10.44181269,1.43249755,-12.12683901,-5.48789763,-5.27126811,-31.96328021,10.23005623,10.01735261
66.77,26.81688906,-0.34030069,-12.65684306,-20.66771599,-10.34870718,0.90037948,-11.49794191,-6.15917648,-5.48621267,-33.81256788,9.27318143,10.08615002
66.775,26.85940101,0.04619748,-12.50580062,-21.57979418,-10.16156667,0.37488175,-10.78607082,-6.83128323,-5.64415912,-35.7211527,8.28415093,10.09724913
66.78,26.89481455,0.43042053,-12.37263583,-22.44879301,-9.89838532,-0.12882556,-10.00677131,-7.50029158,-5.74369638,-37.66663698,7.26330591,10.05376097
66.785,26.91972735,0.81520517,-12.26045896,-23.26186434,-9.56806542,-0.61227455,-9.15658214,-8.16994521,-5.78687217,-39.64718288,6.21098351,9.95432377
66.79,26.93710426,1.19599479,-12.16039301,-24.02057978,-9.16643759,-1.08630114,-8.23652517,-8.82714557,-5.76869268,-41.64959828,5.1513302,9.79767749
66.795,26.93720447,1.57017556,-12.08189392,-24.72260276,-8.71124289,-1.54081831,-7.26038407,-9.47172178,-5.69851328,-43.66281869,4.08854519,9.59182547
66.8,26.92754711,1.94224291,-12.01679994,-25.36136031,-8.21518364,-1.98342245,-6.21926164,-10.09664065,-5.56374865,-45.67500662,3.03406582,9.32640235
66.805,26.90261853,2.30501962,-11.96232587,-25.94046159,-7.67230523,-2.41559527,-5.12862897,-10.69235065,-5.37761701,-47.67426253,2.00512379,9.0161099
66.81,26.88891927,2.6435846,-11.9115183,-26.48055574,-7.07331401,-2.85675438,-3.97587853,-11.23794489,-5.14518849,-49.64951313,1.02028402,8.65332052
66.815,26.7856622,3.00446227,-11.89428136,-26.91011096,-6.52093428,-3.23027317,-2.83155346,-11.7879741,-4.870456,-51.58699813,0.06128286,8.274397
66.82,26.73522375,3.31766493,-11.86300798,-27.32864156,-5.89540115,-3.63922444,-1.60721781,-12.25226257,-4.55772283,-53.4808712,-0.83280362,7.83243755
66.825,26.61467283,3.63680629,-11.85488201,-27.65568402,-5.3075412,-4.00510389,-0.39215276,-12.6957529,-4.21420768,-55.31797379,-1.66891678,7.368573
66.83,26.4653262,3.94152373,-11.84314851,-27.91749618,-4.7250236,-4.35121182,0.83609625,-13.08735782,-3.84898704,-57.0905251,-2.43556735,6.88666747
66.835,26.28779774,4.22823444,-11.8377873,-28.1174829,-4.16108461,-4.67760417,2.07257519,-13.42784271,-3.46665439,-58.79079054,-3.12917128,6.37702247
66.84,26.07548211,4.49796497,-11.83163904,-28.25565611,-3.62190674,-4.97977633,3.30433107,-13.71458022,-3.07794459,-60.41176647,-3.74287203,5.85432657
66.845,25.82990687,4.74877574,-11.82436199,-28.3327917,-3.11248177,-5.2569361,4.52774942,-13.94696806,-2.68778691,-61.94681305,-4.27651662,5.31863793
66.85,25.51867558,4.99178316,-11.83843552,-28.34372415,-2.66988946,-5.49157794,5.71023115,-14.14898861,-2.30807491,-63.3920641,-4.71892131,4.78788659
66.855,25.20780758,5.19922558,-11.82010087,-28.30570161,-2.22770079,-5.71626492,6.90247111,-14.26807498,-1.9348937,-64.74160223,-5.09207506,4.23430041
66.86,24.85224176,5.38999678,-11.795671,-28.20779308,-1.83288156,-5.90441641,8.05785378,-14.34076462,-1.58528622,-65.98699621,-5.3771118,3.69500062
66.865,24.46887394,5.5553744,-11.76508425,-28.06158742,-1.47254649,-6.06445742,9.1892579,-14.36228997,-1.26093583,-67.13008814,-5.59124456,3.15500258
66.87,24.05081971,5.69729541,-11.72182844,-27.86596836,-1.15245553,-6.19028569,10.28328239,-14.33416419,-0.97033295,-68.16545745,-5.73144192,2.63133605
66.875,23.5999439,5.81875555,-11.67149199,-27.62475847,-0.87369589,-6.28136884,11.33720617,-14.26440948,-0.71384183,-69.09177051,-5.80333925,2.12516578
66.88,23.03859118,5.92190667,-11.58390225,-27.33458949,-0.57529815,-6.39251024,12.25515818,-14.15765426,-0.52503865,-69.89092337,-5.7176655,1.77417887
66.885,22.59053081,6.00072982,-11.54940867,-26.99860041,-0.45564875,-6.3515287,13.31108248,-14.01805165,-0.31798499,-70.60736575,-5.76742671,1.17990292
66.89,22.06025687,6.04806432,-11.46819937,-26.6440906,-0.2704224,-6.34508542,14.243548,-13.83227191,-0.17954688,-71.20098447,-5.66328837,0.75266945
66.895,21.45517087,6.07493492,-11.37931658,-26.23224879,-0.11872245,-6.35261788,15.08065307,-13.61932384,-0.09226731,-71.66640116,-5.45796317,0.44543553
66.9,20.91284882,6.09369646,-11.28611159,-25.80678138,-0.02849529,-6.21017439,15.96702689,-13.39685461,-0.03605422,-72.04252289,-5.36976494,-0.00552422
66.905,20.28719887,6.07481543,-11.197312,-25.33782963,0.04149733,-6.16045562,16.74529853,-13.13795345,-0.01744118,-72.29266977,-5.11348977,-0.25684436
66.91,19.6833311,6.06240313,-11.07228699,-24.86238462,0.11218589,-5.95517103,17.51377597,-12.88348543,-0.0479223,-72.45118367,-4.9476389,-0.59138278
66.915,19.04391868,6.01625246,-10.95742001,-24.35487432,0.16100342,-5.77135464,18.22212639,-12.60278017,-0.11022098,-72.49256231,-4.71944158,-0.82697612
66.92,18.38905836,5.95813327,-10.83724524,-23.82124992,0.1886925,-5.56649726,18.88961806,-12.31633059,-0.20705716,-72.43106313,-4.48332326,-1.01251302
66.925,17.74205782,5.88475915,-10.72330205,-23.27380367,0.15822583,-5.39055616,19.5471195,-12.01499704,-0.29761014,-72.27908044,-4.23520172,-1.14713853
66.93,17.04824437,5.80786452,-10.57424953,-22.70453695,0.20994854,-5.09925501,20.10576582,-11.73807537,-0.48985843,-72.00722888,-4.03446074,-1.24081705
66.935,16.36044076,5.71486792,-10.44527675,-22.11979132,0.21060739,-4.83065855,20.65662905,-11.44787359,-0.66668807,-71.65086238,-3.82884364,-1.29468738
66.94,15.66803791,5.61741622,-10.30999555,-21.51753886,0.20973947,-4.55195893,21.17508722,-11.1618334,-0.86240354,-71.20350257,-3.64780091,-1.30779539
66.945,14.97118561,5.51359977,-10.17668133,-20.90231643,0.20470306,-4.26235715,21.66208186,-10.88167378,-1.07402412,-70.66763948,-3.4911996,-1.28781164
66.95,14.27186157,5.40600175,-10.04392903,-20.27351679,0.19816263,-3.96515035,22.12028587,-10.60838775,-1.29703521,-70.04728475,-3.36339893,-1.23867243
66.955,13.57411177,5.29766473,-9.91368537,-19.63609394,0.19319671,-3.66708459,22.55276193,-10.34576127,-1.52862048,-69.34531072,-3.26883762,-1.16521374
66.96,12.86826546,5.1889026,-9.7861172,-18.98296074,0.19301462,-3.35764469,22.95271618,-10.09188995,-1.76513188,-68.56376543,-3.20487488,-1.0730092
66.965,12.16595789,5.08094929,-9.66320134,-18.31472755,0.18988445,-3.05273402,23.3353087,-9.84549055,-1.99880734,-67.70972446,-3.17530811,-0.96802208
66.97,11.46530127,4.97967715,-9.54820643,-17.64789062,0.19617928,-2.74701129,23.68919966,-9.61785497,-2.23467421,-66.78054827,-3.1773263,-0.85564914
66.975,10.76454583,4.88155258,-9.44211656,-16.96689138,0.2026341,-2.44257247,24.02180004,-9.39913276,-2.46448313,-65.78231783,-3.20886154,-0.74185855
66.98,10.0712963,4.79069494,-9.34137397,-16.27794731,0.20971287,-2.14559255,24.33947944,-9.19174854,-2.68367691,-64.71868945,-3.26937499,-0.62979825
66.985,9.38201793,4.70647795,-9.23201719,-15.58330701,0.22358182,-1.85194185,24.63724595,-8.99246142,-2.89179193,-63.59040555,-3.36205553,-0.5189615
66.99,8.70591679,4.63247446,-9.14431794,-14.8836024,0.23451794,-1.57440234,24.92729378,-8.80989056,-3.0870961,-62.40377889,-3.47145608,-0.4210825
66.995,8.03099926,4.56819304,-9.0703092,-14.18086834,0.25441479,-1.29864069,25.19167144,-8.64420663,-3.27941494,-61.15331864,-3.59736021,-0.3388495
67,7.36481809,4.5148513,-8.99867852,-13.47694272,0.27941402,-1.03002551,25.44292756,-8.49010206,-3.45419015,-59.84753265,-3.73705583,-0.27232665
67.005,6.70846463,4.47172223,-8.95010177,-12.77153231,0.30092937,-0.76733135,25.67832258,-8.35103958,-3.62021714,-58.48300287,-3.87945899,-0.22601069
67.01,6.06879586,4.44245276,-8.88876459,-12.06904608,0.33184861,-0.51873956,25.90758327,-8.22164116,-3.76309633,-57.06747027,-4.03529827,-0.19171126
67.015,5.5188796,4.43007824,-8.86108939,-11.37154767,0.2810336,-0.33883504,26.21194815,-8.10070248,-3.86113066,-55.61155155,-4.14824747,-0.13154358
67.02,4.83342138,4.42089347,-8.79231546,-10.68021554,0.39289747,-0.05052561,26.33069048,-8.0061332,-4.00924992,-54.07699887,-4.32411571,-0.18790511
67.025,4.22864973,4.42875913,-8.76820703,-9.99527573,0.42964677,0.19123981,26.51690983,-7.91428032,-4.10038994,-52.50451133,-4.44920015,-0.21004993
67.03,3.73198665,4.4615534,-8.74449359,-9.32526956,0.40314601,0.33817685,26.79265836,-7.84075141,-4.1531494,-50.90113172,-4.52486615,-0.18185101
67.035,3.10603719,4.48632033,-8.68397404,-8.67211444,0.52032759,0.60362109,26.87931757,-7.78486212,-4.26379795,-49.21447194,-4.68386328,-0.29055835
67.04,2.63576244,4.54535606,-8.67303096,-8.02919556,0.50972604,0.74403869,27.12166998,-7.73443403,-4.27975564,-47.51412936,-4.69865976,-0.29159003
67.045,2.04744437,4.59578998,-8.62252173,-7.40915689,0.63790731,1.01183148,27.18351779,-7.70451065,-4.35471343,-45.73306446,-4.81396792,-0.41418703
67.05,1.6149375,4.6829301,-8.60926626,-6.80604035,0.64981255,1.137918,27.39567766,-7.68485885,-4.34381508,-43.94019526,-4.7813831,-0.42860935
67.055,1.0805577,4.75897876,-8.55134448,-6.23204888,0.78975104,1.39390898,27.43792188,-7.68747583,-4.39987998,-42.06727001,-4.85044225,-0.54188215
67.06,0.68402728,4.87233117,-8.53367852,-5.67600139,0.82699399,1.50806478,27.61444963,-7.69380826,-4.35353174,-40.18625829,-4.76017503,-0.56482413
67.065,0.19233791,4.97222951,-8.46819181,-5.15370348,0.99235221,1.76790358,27.62317546,-7.72598928,-4.38536024,-38.22692937,-4.76951064,-0.65435766
67.07,-0.22212038,5.0994933,-8.42824133,-4.65606583,1.10975535,1.95768133,27.6891775,-7.76917954,-4.35402253,-36.24904416,-4.68652747,-0.68864511
67.075,-0.61044616,5.23863475,-8.37230881,-4.19124923,1.2453444,2.13718146,27.73986792,-7.82996937,-4.31454794,-34.23493826,-4.5822692,-0.71050901
67.08,-0.97900048,5.39209737,-8.3090122,-3.75766173,1.39702906,2.31309649,27.77239369,-7.908777,-4.25915405,-32.19000413,-4.45667924,-0.71357443
67.085,-1.33475536,5.55632103,-8.23580552,-3.35781319,1.5742817,2.49857057,27.77789193,-8.00561483,-4.20110178,-30.11727178,-4.31938774,-0.69585304
67.09,-1.62818608,5.73870126,-8.17535632,-2.99054774,1.71230241,2.60238707,27.8204927,-8.1048042,-4.07402351,-28.03487739,-4.13328798,-0.67098097
67.095,-1.98404631,5.92368486,-8.06322057,-2.66507244,1.98354869,2.85562214,27.74179461,-8.2545662,-4.03495768,-25.9227333,-4.00417621,-0.59543866
67.1,-2.26187409,6.12212822,-7.98787231,-2.37312709,2.17333473,2.98908734,27.72453089,-8.38830731,-3.89622934,-23.81574975,-3.8104947,-0.53272287
67.105,-2.59627585,6.34221629,-7.8696788,-2.11921064,2.49450921,3.2612101,27.61445281,-8.5789112,-3.80753244,-21.71634708,-3.66761284,-0.39530521
67.11,-2.86213985,6.55726588,-7.76367418,-1.90378557,2.76436598,3.4331742,27.54572218,-8.75838747,-3.6813149,-19.6303335,-3.49683781,-0.28719455
67.115,-3.14442793,6.80334664,-7.63193114,-1.73126508,3.10842092,3.66139657,27.44251859,-8.98341091,-3.54702339,-17.58664359,-3.3652198,-0.13024801
67.12,-3.43227298,7.04571126,-7.54196517,-1.58193196,3.44271789,3.91238689,27.32226317,-9.20285611,-3.38847319,-15.58309387,-3.20776869,0.04241155
67.125,-3.6898506,7.2985998,-7.41420392,-1.48846987,3.82583157,4.13770266,27.20823215,-9.45034931,-3.23803248,-13.6433337,-3.08918678,0.21411116
67.13,-3.95344,7.54957698,-7.29406174,-1.42725855,4.23200649,4.40051472,27.0833828,-9.70228115,-3.07746359,-11.78197237,-2.9700524,0.40785155
67.135,-4.21102615,7.80311427,-7.18223824,-1.40870927,4.66766631,4.67452381,26.96115394,-9.96461187,-2.91737738,-10.0181359,-2.86116933,0.61035494
67.14,-4.45995785,8.05435689,-7.0733771,-1.43291643,5.13116489,4.95527304,26.84834433,-10.23056407,-2.75096571,-8.36626811,-2.75972114,0.8179183
67.145,-4.70457603,8.29890219,-6.97397484,-1.49869242,5.6183164,5.25300447,26.7476613,-10.49474889,-2.58505049,-6.84253308,-2.66473397,1.03028684
67.15,-4.94696073,8.5229776,-6.89171328,-1.60265929,6.13533168,5.58740277,26.65328688,-10.7439643,-2.42454694,-5.44385291,-2.57087791,1.24793063
67.155,-5.17970258,8.73097357,-6.82350465,-1.75206737,6.67568954,5.91679608,26.57942946,-10.97824288,-2.26596439,-4.19062009,-2.48166986,1.4546504
67.16,-5.40800283,8.91203129,-6.77813206,-1.94628828,7.23846592,6.28476029,26.51800681,-11.18896997,-2.1176464,-3.08282751,-2.39775528,1.65973615
67.165,-5.63681252,9.06362971,-6.76602737,-2.18635025,7.80101027,6.72006348,26.46453662,-11.37221452,-1.973841,-2.12362309,-2.33146591,1.87297987
67.17,-5.85284741,9.18250804,-6.76547585,-2.46480726,8.3919759,7.12396398,26.4374102,-11.51976037,-1.83951399,-1.31990795,-2.26304596,2.052188
67.175,-6.05852239,9.26072135,-6.79001105,-2.78796864,9.01288137,7.5086622,26.43107507,-11.62587145,-1.72235513,-0.67416481,-2.18147341,2.19726388
67.18,-6.2671138,9.30373725,-6.8632211,-3.15969231,9.61732588,8.01025317,26.42986523,-11.69624992,-1.6037806,-0.18071724,-2.14532817,2.36425507
67.185,-6.45577591,9.29512466,-6.94278437,-3.5739845,10.24728182,8.44008956,26.45501733,-11.71662034,-1.51463408,0.1566652,-2.07812812,2.46523369
67.19,-6.64454107,9.24810922,-7.07107537,-4.03585173,10.86802539,8.95054203,26.49102448,-11.69597214,-1.42512278,0.33853162,-2.05130149,2.57185052
67.195,-6.8290984,9.1574927,-7.23025958,-4.53476611,11.47971797,9.48395299,26.54113239,-11.63221249,-1.34657852,0.37187573,-2.04137238,2.65083363
67.2,-7.00322625,9.02480903,-7.41509211,-5.08112526,12.08372996,10.01654846,26.60860068,-11.52700995,-1.28265423,0.25825925,-2.04663877,2.69842209
67.205,-7.16927226,8.8469621,-7.64043043,-5.67319771,12.67322094,10.57997556,26.68829534,-11.37945454,-1.22574608,0.00646924,-2.07863456,2.72301865
67.21,-7.32532903,8.62600701,-7.90307097,-6.31496122,13.2391357,11.15764335,26.78163048,-11.19178188,-1.17843369,-0.38294428,-2.13688319,2.71931792
67.215,-7.46969143,8.3622219,-8.18768167,-7.00343353,13.77959935,11.74048246,26.88956746,-10.96949884,-1.14187893,-0.90295592,-2.22051058,2.68493904
67.22,-7.60449331,8.05453423,-8.51266869,-7.73886222,14.28991621,12.35746536,27.01006007,-10.7098441,-1.1137805,-1.54561809,-2.33498444,2.62034187
67.225,-7.72244867,7.71028706,-8.84591133,-8.52819829,14.76600159,12.96919234,27.14149626,-10.42897088,-1.09782733,-2.30091007,-2.47876724,2.52617595
67.23,-7.82901418,7.3257405,-9.21856898,-9.3661138,15.19311023,13.61018897,27.2821935,-10.11801029,-1.08727483,-3.15934302,-2.65406383,2.40070035
67.235,-7.91775256,6.90582639,-9.60440067,-10.26006318,15.56748236,14.2498275,27.42944655,-9.7891537,-1.08555256,-4.11039335,-2.8577845,2.246248
67.24,-7.98170036,6.45275963,-9.98552373,-11.21669677,15.89986092,14.88569612,27.58199954,-9.45020464,-1.1006272,-5.13927152,-3.09164889,2.06817059
67.245,-8.02586879,5.96507108,-10.38181136,-12.22949285,16.16980207,15.52105934,27.73738199,-9.09554521,-1.12045313,-6.23950867,-3.34642343,1.86524153
67.25,-8.04376206,5.44697531,-10.77310051,-13.30584121,16.37440706,16.15250861,27.8909353,-8.73610576,-1.15380743,-7.39285699,-3.62051602,1.64024732
67.255,-8.03287881,4.89922985,-11.15634895,-14.44702117,16.5089869,16.77538566,28.04038928,-8.37346824,-1.19790083,-8.58968249,-3.90616625,1.395331
67.26,-7.989568,4.32319504,-11.5201857,-15.65383069,16.567546,17.37072728,28.1824369,-8.01090656,-1.25761117,-9.81603905,-4.19296363,1.13866788
67.265,-7.90769503,3.71983116,-11.85995059,-16.93384568,16.54830341,17.95338853,28.31349191,-7.65131897,-1.32765342,-11.05823155,-4.47704876,0.86639413
67.27,-7.78608561,3.09108536,-12.16249228,-18.28110541,16.44462695,18.49483219,28.43102356,-7.2962641,-1.41870707,-12.30443223,-4.74630942,0.59131215
67.275,-7.61785659,2.43798196,-12.42476601,-19.70190501,16.25375269,18.99776583,28.53237241,-6.94959761,-1.53007755,-13.54364095,-4.99346909,0.31436651
67.28,-7.39847021,1.76108789,-12.63479639,-21.19594091,15.97538307,19.46481042,28.61564842,-6.60657251,-1.64545581,-14.763873,-5.20878023,0.03312835
67.285,-7.12574532,1.06437138,-12.7986312,-22.75895582,15.59976301,19.87179461,28.6814012,-6.27624733,-1.80210985,-15.96018864,-5.38445742,-0.23981798
67.29,-6.78848645,0.34626673,-12.8934842,-24.39713746,15.13617429,20.23471804,28.72910366,-5.94856431,-1.95740099,-17.11866045,-5.51276563,-0.51314397
67.295,-6.38611855,-0.38632866,-12.92123071,-26.10470797,14.5782544,20.5360244,28.76013807,-5.62857531,-2.12714514,-18.24010062,-5.58651485,-0.77883632
67.3,-5.92008578,-1.13320003,-12.89872751,-27.88035495,13.91054313,20.77035332,28.76489167,-5.32323198,-2.33983788,-19.31007706,-5.60033732,-1.02557129
67.305,-5.37522316,-1.89288757,-12.77829414,-29.71141134,13.16182207,20.94650573,28.76835123,-5.01362811,-2.55681008,-20.34412291,-5.55887929,-1.27121328
67.31,-4.74879326,-2.65817882,-12.60407063,-31.6116541,12.31607061,21.04362647,28.75451348,-4.71652207,-2.80099202,-21.31668295,-5.44698845,-1.5055441
67.315,-4.04295306,-3.41900467,-12.35009123,-33.56360323,11.38327402,21.06493603,28.72393365,-4.4269696,-3.04760461,-22.22737631,-5.26747313,-1.72032221
67.32,-3.26499195,-4.17651052,-12.03290024,-35.5529752,10.36347141,21.01001863,28.68269242,-4.14200734,-3.31816366,-23.08847033,-5.02169312,-1.91945911
67.325,-2.39861511,-4.91774407,-11.65803984,-37.57747672,9.28301751,20.8581471,28.65198,-3.86368591,-3.59209236,-23.90659884,-4.6700664,-2.11622281
67.33,-1.50497203,-5.65836721,-11.22370743,-39.6186883,8.10399218,20.68623291,28.55044572,-3.57823242,-3.88669912,-24.63254536,-4.34476211,-2.26841892
67.335,-0.50777209,-6.36509292,-10.74319271,-41.67721272,6.90303952,20.38886595,28.48743389,-3.30576184,-4.17692819,-25.32929789,-3.87415578,-2.43650566
67.34,0.52274503,-7.05221953,-10.22250901,-43.73000241,5.64183711,20.05146644,28.37916251,-3.02818401,-4.4699938,-25.94728398,-3.40163388,-2.57534012
67.345,1.5866003,-7.71501198,-9.66288167,-45.7670489,4.34416979,19.65299757,28.22628991,-2.7453949,-4.75925632,-26.48139918,-2.92166881,-2.69817387
67.35,2.68491229,-8.34248909,-9.08699789,-47.7783724,3.0331777,19.19309235,28.05287331,-2.46032699,-5.03900754,-26.95795339,-2.39771768,-2.81767755
67.355,3.83840412,-8.91982619,-8.50250541,-49.75742927,1.73886827,18.63918594,27.89210682,-2.19275694,-5.31912388,-27.39579205,-1.80638936,-2.93433671
67.36,4.99225467,-9.46329809,-7.90744757,-51.68764092,0.44748288,18.04509303,27.67242749,-1.91438729,-5.57605014,-27.74345027,-1.24135089,-3.03572399
67.365,6.1524089,-9.96379481,-7.31970542,-53.56226174,-0.81320174,17.39286109,27.42056027,-1.63715876,-5.81816891,-28.02855735,-0.67406959,-3.13377928
67.37,7.31815051,-10.41360996,-6.73831931,-55.3728898,-2.0325309,16.68800714,27.13448306,-1.36215965,-6.02885707,-28.23717208,-0.11128849,-3.22201526
67.375,8.47721265,-10.81703658,-6.18245831,-57.11384488,-3.19755696,15.93509998,26.81682884,-1.0919636,-6.22026856,-28.38516496,0.438089,-3.30543698
67.38,9.59455066,-11.19867199,-5.65782233,-58.7785912,-4.30049796,15.15106841,26.42979005,-0.80932446,-6.40607253,-28.45685056,0.89888143,-3.37976313
67.385,10.72188252,-11.50443514,-5.16126016,-60.36340726,-5.32443122,14.29601201,26.04000369,-0.5513198,-6.54078839,-28.47516814,1.40205141,-3.46175357
67.39,11.82345548,-11.76768645,-4.70158105,-61.86126791,-6.26756605,13.40513222,25.60848182,-0.29769666,-6.6484201,-28.42147733,1.85355356,-3.52938759
67.395,12.91216485,-11.95869852,-4.29042144,-63.26623715,-7.1288278,12.4509083,25.16861987,-0.07327652,-6.7054077,-28.32281578,2.32843071,-3.60787037
67.4,13.9420589,-12.15233443,-3.92828197,-64.5873641,-7.89327357,11.51550994,24.6572418,0.17035744,-6.76871812,-28.14984889,2.66187488,-3.65309915
67.405,14.94436712,-12.28698953,-3.6216881,-65.81060494,-8.57434187,10.53436965,24.12749112,0.38835599,-6.78664793,-27.92938817,2.99505065,-3.70879892
67.41,15.91731949,-12.35861578,-3.37617894,-66.92918698,-9.18532955,9.50383132,23.58367672,0.57318725,-6.756448,-27.66219003,3.32718832,-3.76795975
67.415,16.83674943,-12.43516857,-3.17866339,-67.96343112,-9.67428374,8.51049004,22.98926673,0.77178952,-6.72585558,-27.34078402,3.54026198,-3.79045415
67.42,17.72067386,-12.45079102,-3.05315598,-68.88657175,-10.11945387,7.45784051,22.38247152,0.92730322,-6.6513945,-26.97752668,3.76711353,-3.82903534
67.425,18.55785752,-12.46935341,-2.9794469,-69.71912733,-10.44194845,6.44716335,21.73768067,1.08609751,-6.57289945,-26.56464653,3.87659796,-3.8159965
67.43,19.34973493,-12.43748129,-2.97261719,-70.43999342,-10.71998906,5.41705826,21.07858687,1.20908043,-6.45387429,-26.11398845,4.01141411,-3.82353662
67.435,20.10059115,-12.39357916,-3.02294932,-71.06896593,-10.92969062,4.40034685,20.4026514,1.31393992,-6.31922253,-25.64086286,4.08494147,-3.80184585
67.44,20.81192683,-12.33667032,-3.11559507,-71.61046815,-11.05978835,3.41617802,19.71246279,1.40765273,-6.16349243,-25.14920483,4.12681365,-3.76208583
67.445,21.4700984,-12.25935613,-3.28507289,-72.03264105,-11.15331712,2.45198324,19.00030171,1.46672872,-5.99814532,-24.61131704,4.15266594,-3.71459749
67.45,22.09237068,-12.17740132,-3.49120201,-72.37051715,-11.18332237,1.53580464,18.27974206,1.51570818,-5.81878585,-24.06166068,4.14204377,-3.63899204
67.455,22.67372918,-12.08752432,-3.7436145,-72.6146733,-11.16890243,0.66517056,17.54983597,1.54487545,-5.63004017,-23.4947363,4.11175378,-3.54464925
67.46,23.21592342,-11.99068198,-4.03816076,-72.766139,-11.11388857,-0.15564163,16.81249173,1.55284876,-5.43291906,-22.91605971,4.0637114,-3.43025403
67.465,23.72308656,-11.89600065,-4.36963752,-72.8293456,-11.02857559,-0.90789834,16.0715875,1.54860581,-5.23320189,-22.32506391,4.00051002,-3.29283748
67.47,24.19069297,-11.79410776,-4.73470067,-72.8034682,-10.92389497,-1.60328175,15.32623008,1.52223074,-5.02829373,-21.72976427,3.92629559,-3.13642385
67.475,24.62580679,-11.69549395,-5.12760368,-72.69295678,-10.8058765,-2.2233259,14.58009193,1.4833443,-4.82446988,-21.12802215,3.84619646,-2.95990476
67.48,25.03760154,-11.59726124,-5.52861621,-72.51013096,-10.66895863,-2.76499628,13.83734255,1.43758732,-4.60850411,-20.52781031,3.75984706,-2.75951406
67.485,25.40264186,-11.50952668,-5.97542893,-72.23567372,-10.55013419,-3.23591347,13.09067708,1.37401926,-4.41483677,-19.92644425,3.68259484,-2.55048582
67.49,25.74158174,-11.42179003,-6.42839829,-71.88870581,-10.42518861,-3.62832452,12.34694745,1.30116011,-4.22045822,-19.32852662,3.60075761,-2.31990295
67.495,26.05557478,-11.34459002,-6.89306556,-71.47014558,-10.30745869,-3.93653623,11.60909947,1.22397529,-4.03629491,-18.73515563,3.5270173,-2.07697925
67.5,26.3393613,-11.26953285,-7.36229842,-70.97975866,-10.20487157,-4.16602141,10.87258973,1.14046386,-3.85414231,-18.14933435,3.46158634,-1.81955392
67.505,26.59150346,-11.19418659,-7.83198788,-70.42262976,-10.11706742,-4.31836392,10.13266159,1.04963705,-3.66784241,-17.56993374,3.40617932,-1.54397414
67.51,26.83229079,-11.13378058,-8.30787693,-69.79482519,-10.03982206,-4.38820752,9.41572779,0.9584336,-3.5191497,-17.00263062,3.34541632,-1.26513233
67.515,27.02568371,-11.07184893,-8.7723253,-69.11200119,-9.98704087,-4.38351609,8.67077578,0.86862681,-3.33651813,-16.43560848,3.33487761,-0.96780594
67.52,27.2097984,-11.02062716,-9.23529937,-68.36509598,-9.9481915,-4.30388195,7.94846426,0.77942523,-3.18948464,-15.88288652,3.31940892,-0.66762703
67.525,27.36790927,-10.9746528,-9.69239251,-67.55590847,-9.92620651,-4.1524721,7.22940705,0.69156334,-3.05022262,-15.34263703,3.31836258,-0.35833388
67.53,27.50769694,-10.93189096,-10.13726188,-66.68863455,-9.92206706,-3.93420821,6.51678107,0.60753052,-2.92040425,-14.81062646,3.3317199,-0.0453711
67.535,27.62011091,-10.89465125,-10.5730143,-65.76353042,-9.92960443,-3.6504741,5.80434187,0.52758412,-2.80310777,-14.28939458,3.36409373,0.27517542
67.54,27.71652747,-10.85962926,-10.99850362,-64.78204762,-9.95678769,-3.30587411,5.10196202,0.45057206,-2.6990502,-13.77939128,3.40707261,0.59788917
67.545,27.78978248,-10.82846138,-11.40284754,-63.74465128,-9.98852206,-2.9063685,4.39930132,0.38422058,-2.60206157,-13.27850522,3.47040091,0.92555431
67.55,27.84785278,-10.79672391,-11.79423273,-62.65177421,-10.03776445,-2.45357413,3.7073968,0.32172301,-2.51596329,-12.78842505,3.54446129,1.25336841
67.555,27.88459455,-10.76693277,-12.17053647,-61.50507365,-10.09128357,-1.95038316,3.01750824,0.26592068,-2.44360633,-12.30643319,3.63421455,1.58530923
67.56,27.90515109,-10.73789082,-12.53030553,-60.30368969,-10.15105323,-1.40369617,2.33579586,0.21838224,-2.37992061,-11.83412906,3.74015842,1.9153306
67.565,27.9079349,-10.70869637,-12.8729747,-59.04756673,-10.21475066,-0.81441236,1.66066427,0.17915877,-2.3274984,-11.37164479,3.85891086,2.24562815
67.57,27.89147118,-10.67767523,-13.19529986,-57.73789819,-10.27671172,-0.18627076,0.98787002,0.14907257,-2.28651864,-10.91524974,3.9894891,2.58031667
67.575,27.86070425,-10.64495521,-13.50204462,-56.3729847,-10.33894802,0.47527498,0.32583556,0.12593306,-2.25320303,-10.4680933,4.13409119,2.91074378
67.58,27.81494424,-10.60914238,-13.79015721,-54.95388013,-10.39748841,1.16921305,-0.3275552,0.11128005,-2.22796114,-10.02888748,4.29013105,3.23925193
67.585,27.75101445,-10.57078179,-14.06098492,-53.47989205,-10.44793474,1.89392697,-0.97481544,0.1050138,-2.21314969,-9.59654398,4.45798864,3.56800213
67.59,27.67801168,-10.5349194,-14.32267536,-51.95133028,-10.49470289,2.63620663,-1.60440326,0.10919732,-2.2142012,-9.17519726,4.63563817,3.88384968
67.595,27.58756881,-10.48753487,-14.55966739,-50.36701165,-10.53022992,3.41156857,-2.22758484,0.11705823,-2.21512099,-8.75780312,4.82196307,4.20204794
67.6,27.47543491,-10.43352123,-14.76475663,-48.72882176,-10.54018302,4.21215603,-2.85185146,0.13667791,-2.20820202,-8.34526415,5.02004581,4.5329458
67.605,27.35522621,-10.37906874,-14.95774819,-47.0358045,-10.54023451,5.01916269,-3.45697792,0.166371,-2.21513575,-7.94364708,5.22525936,4.84970366
67.61,27.22223114,-10.31708668,-15.13004577,-45.28689798,-10.52738207,5.8406496,-4.04768951,0.20154601,-2.2228397,-7.54854229,5.43491893,5.16156258
67.615,27.07203291,-10.25103828,-15.28577617,-43.481339,-10.4952858,6.67817152,-4.62678602,0.24544917,-2.23671162,-7.16512255,5.65061981,5.46912923
67.62,26.90851099,-10.1806439,-15.42190234,-41.62138896,-10.4419814,7.51968866,-5.19145355,0.29750788,-2.24871547,-6.78889358,5.873069,5.7698793
67.625,26.7327173,-10.10486999,-15.53766091,-39.70624555,-10.37216167,8.36699478,-5.73719803,0.35708675,-2.25694847,-6.42559639,6.09882567,6.06199019
67.63,26.53845951,-10.02862677,-15.6407209,-37.73854482,-10.27266349,9.2101819,-6.27439961,0.42661055,-2.27482146,-6.06763138,6.3311855,6.34614636
67.635,26.3291787,-9.95142628,-15.72492609,-35.72282743,-10.14967784,10.05471831,-6.79447149,0.50438917,-2.28241338,-5.72407721,6.56951195,6.62495381
67.64,26.10767109,-9.87175159,-15.78875847,-33.65675408,-10.00855415,10.88880668,-7.29599831,0.59109103,-2.28359038,-5.39461175,6.80850245,6.89291243
67.645,25.86737804,-9.79630053,-15.8425252,-31.54879812,-9.83492352,11.70687332,-7.78904036,0.68814102,-2.28383355,-5.07234079,7.05548689,7.15344816
67.65,25.61363305,-9.72374517,-15.87880178,-29.40055992,-9.64203766,12.50364283,-8.26494416,0.79526136,-2.2738224,-4.76623229,7.3056927,7.40417
67.655,25.3422282,-9.65885843,-15.90227635,-27.22194612,-9.41748521,13.27006648,-8.73475267,0.91540776,-2.25287393,-4.47056449,7.56366723,7.64932592
67.66,25.06365808,-9.6041257,-15.91439824,-25.01472287,-9.19659164,14.01429798,-9.17789438,1.04673934,-2.21091736,-4.20143641,7.82035031,7.8847628
67.665,24.77027428,-9.55809755,-15.90993367,-22.79508008,-8.93764768,14.7023639,-9.61809428,1.18756081,-2.1691349,-3.93857589,8.08524241,8.10788986
67.67,24.47320706,-9.5291568,-15.90313485,-20.56918859,-8.68505014,15.35801175,-10.03747068,1.34260502,-2.09815827,-3.70300219,8.352621,8.32720022
67.675,24.16639766,-9.51436715,-15.88744775,-18.35196892,-8.4073867,15.95161998,-10.4543274,1.5095245,-2.01977156,-3.47955935,8.62769941,8.53730026
67.68,23.86155075,-9.52092624,-15.86859224,-16.1536019,-8.13628996,16.48689624,-10.84919707,1.68968116,-1.91894436,-3.28553237,8.90493767,8.7397116
67.685,23.54901632,-9.54018663,-15.85906398,-13.99425912,-7.84757819,16.97147297,-11.24713682,1.87527919,-1.80733591,-3.1056297,9.19322797,8.94241929
67.69,23.27052901,-9.58515207,-15.83796924,-11.89814174,-7.58362538,17.36992634,-11.61277814,2.07835351,-1.67147803,-2.94950922,9.52467402,9.10641159
67.695,22.98732417,-9.66707623,-15.82640861,-9.8854634,-7.26262462,17.70481668,-11.98207529,2.30084743,-1.51256371,-2.82424159,9.80516828,9.31158612
67.7,22.73471822,-9.74865151,-15.80987837,-7.96549476,-6.95598322,17.97197332,-12.33276765,2.5193131,-1.35497422,-2.7234132,10.12440147,9.48226793
67.705,22.47093339,-9.81064498,-15.83228413,-6.13995702,-6.61751408,18.22488526,-12.69795436,2.70204041,-1.22169622,-2.64237159,10.4240199,9.69202617
67.71,22.26635922,-9.9078417,-15.84001602,-4.45661655,-6.2811585,18.36474013,-13.03169646,2.9085412,-1.05199443,-2.59477834,10.75535646,9.87416084
67.715,22.14088548,-10.03298392,-15.81684549,-2.92713362,-5.95673106,18.40140892,-13.32139267,3.139078,-0.86314456,-2.5815456,11.06566352,9.99335602
67.72,22.0018735,-10.13168942,-15.8480732,-1.52349895,-5.59418638,18.40193896,-13.62377361,3.31786777,-0.67819945,-2.60733108,11.41749912,10.1651672
67.725,21.84489731,-10.1802375,-15.91843827,-0.23990969,-5.24715604,18.37666315,-13.94768247,3.43053432,-0.53547831,-2.6624952,11.79496107,10.42632353
67.73,21.78767657,-10.26858583,-15.96045177,0.84794542,-4.89795976,18.26854106,-14.22582654,3.58036764,-0.36095926,-2.75138714,12.13499285,10.5664788
67.735,21.70877993,-10.29427161,-16.03030839,1.81892451,-4.57089355,18.06585136,-14.51632532,3.64835733,-0.22677547,-2.87912727,12.53940659,10.84067201
67.74,21.68388498,-10.31658956,-16.09396205,2.61420814,-4.2461448,17.81542169,-14.78208384,3.70338136,-0.09571593,-3.04979797,12.92552841,11.06339906
67.745,21.6965239,-10.33184042,-16.18471176,3.23862777,-3.90993575,17.53730062,-15.02356934,3.73693676,0.03768685,-3.27808712,13.29364386,11.22265222
67.75,21.71442494,-10.29049414,-16.24855007,3.73875791,-3.66823537,17.12669068,-15.26951532,3.70089797,0.13233864,-3.5260005,13.70880654,11.53146281
67.755,21.77878086,-10.24266114,-16.36190786,4.04767631,-3.33922263,16.81588013,-15.49422001,3.64580749,0.25637599,-3.8253721,14.04643582,11.64363088
67.76,21.83736445,-10.15071082,-16.42916534,4.24632835,-3.20856092,16.23312792,-15.70293333,3.52828373,0.27187435,-4.19299592,14.49010407,12.03657544
67.765,21.92562927,-10.04277112,-16.51949979,4.28471553,-3.02735428,15.72357243,-15.90541449,3.38481185,0.30680353,-4.58970798,14.89374309,12.30130215
67.77,22.03697816,-9.89361025,-16.60704902,4.16859071,-2.91169244,15.15824159,-16.08723102,3.18266765,0.30558016,-5.0499531,15.26701991,12.59690739
67.775,22.1628421,-9.7242191,-16.69915134,3.91800929,-2.84613348,14.56560293,-16.2561324,2.94285748,0.28407431,-5.55794733,15.63362215,12.88896928
67.78,22.30380156,-9.52670142,-16.78381443,3.53723436,-2.84368465,13.93253158,-16.40881789,2.65961396,0.22972608,-6.12075421,15.98201176,13.19746254
67.785,22.45773079,-9.31028424,-16.86880161,3.03006144,-2.90651066,13.27447909,-16.54334507,2.33759796,0.15023229,-6.7425687,16.31392456,13.50533016
67.79,22.62561945,-9.06958578,-16.94376158,2.40383652,-3.03777001,12.58430427,-16.65882906,1.97439506,0.04054925,-7.42267542,16.62023708,13.82214427
67.795,22.80675703,-8.8081864,-16.99661536,1.66888068,-3.24874637,11.85299516,-16.75165476,1.57509345,-0.10607833,-8.16669024,16.89433956,14.1585443
67.8,23.00040792,-8.52810439,-17.03194066,0.83080373,-3.53026327,11.09464243,-16.82102933,1.14037456,-0.28270909,-8.97487007,17.13340517,14.49946294
67.805,23.20509331,-8.23347748,-17.0542473,-0.10012297,-3.88548401,10.31369501,-16.86428768,0.67266022,-0.48237122,-9.84921409,17.33816649,14.83959483
67.81,23.4217233,-7.92399433,-17.04512478,-1.11473653,-4.31247543,9.49974442,-16.8767192,0.17589436,-0.71497749,-10.79653237,17.49634863,15.18994505
67.815,23.64872576,-7.60337714,-17.01848175,-2.20517667,-4.80581187,8.67026068,-16.85733808,-0.34933052,-0.96854374,-11.81542279,17.6100465,15.53608599
67.82,23.88827757,-7.26391969,-16.94662581,-3.35830769,-5.34681603,7.80095375,-16.80122013,-0.90040626,-1.24729877,-12.90870408,17.66711732,15.89140621
67.825,24.13207009,-6.92060824,-16.89084098,-4.56617073,-5.94714942,6.95303753,-16.70793108,-1.47868538,-1.53208989,-14.0762328,17.68084068,16.22088399
67.83,24.38423496,-6.56142835,-16.80279543,-5.81717739,-6.56999927,6.09122974,-16.57250716,-2.0818529,-1.83395274,-15.32154495,17.62744905,16.54459741
67.835,24.64188859,-6.19216432,-16.69380786,-7.09954347,-7.20508247,5.23402456,-16.39240705,-2.70551223,-2.14068456,-16.64489706,17.50525243,16.85395749
67.84,24.90530744,-5.8158782,-16.54640706,-8.40651034,-7.84705153,4.36763903,-16.16060851,-3.34295009,-2.44654282,-18.0524087,17.31711246,17.15572858
67.845,25.17131364,-5.43422907,-16.42078198,-9.73453544,-8.47928733,3.53892601,-15.88021534,-4.00091592,-2.74868679,-19.53293986,17.05873275,17.42081583
67.85,25.43578667,-5.0397147,-16.25232926,-11.06018458,-9.05382968,2.72382015,-15.54202179,-4.67202522,-3.02483395,-21.09681276,16.71254826,17.66104769
67.855,25.69333371,-4.64251862,-16.11503222,-12.38123208,-9.60329669,1.97101411,-15.15066997,-5.36312233,-3.27663267,-22.72948386,16.30038798,17.8582166
67.86,25.9516533,-4.24177953,-15.96789255,-13.69576319,-10.07340038,1.23636596,-14.69924209,-6.05937801,-3.50323876,-24.43545451,15.80305632,18.0165768
67.865,26.19579855,-3.83525157,-15.85154794,-14.98286007,-10.48425075,0.5736294,-14.18824279,-6.77186015,-3.68906736,-26.21102141,15.22907988,18.12434031
67.87,26.43865099,-3.42786627,-15.72711927,-16.24862396,-10.79255237,-0.06742229,-13.61174341,-7.48455949,-3.83263282,-28.05066413,14.57592453,18.1847743
67.875,26.66465007,-3.01828096,-15.62488924,-17.47805512,-11.0112776,-0.64049581,-12.9761283,-8.20338838,-3.92303802,-29.94661425,13.84921589,18.18977793
67.88,26.87531139,-2.60638917,-15.54455766,-18.66591091,-11.13394988,-1.15757851,-12.28062532,-8.92341347,-3.96176291,-31.89310471,13.05028173,18.1403442
67.885,27.07229999,-2.19831765,-15.47725951,-19.81008051,-11.1539195,-1.63401725,-11.52455475,-9.63300012,-3.94342691,-33.88100971,12.1929552,18.03757548
67.89,27.2592776,-1.78991912,-15.42508437,-20.90097803,-11.07687976,-2.07517165,-10.69614328,-10.33651819,-3.86840357,-35.90795517,11.278813,17.87494076
67.895,27.46340531,-1.39695892,-15.36721844,-21.96777127,-10.87113249,-2.51160644,-9.79567699,-11.00282464,-3.72337255,-37.95131876,10.32947508,17.65811271
67.9,27.61762124,-0.99875554,-15.35292749,-22.95633389,-10.60319966,-2.85983903,-8.85783399,-11.66512415,-3.52426798,-40.0090106,9.33869766,17.38656852
67.905,27.7500922,-0.60704415,-15.35347011,-23.88522997,-10.25042733,-3.16835499,-7.87243123,-12.29947178,-3.27209748,-42.06697225,8.32448168,17.06648549
67.91,27.82166982,-0.2047677,-15.38108519,-24.72708444,-9.86493675,-3.41442768,-6.87075196,-12.91980401,-2.97314229,-44.11043278,7.29323552,16.7091808
67.915,27.94255085,0.15169242,-15.38948305,-25.55207185,-9.3245619,-3.68381975,-5.77717581,-13.45767816,-2.61458117,-46.13585115,6.2790265,16.28635425
67.92,27.94038748,0.54360564,-15.43996858,-26.25149371,-8.8333392,-3.8745645,-4.72365858,-14.00435305,-2.23319444,-48.12199969,5.26730029,15.85438636
67.925,28.0040559,0.87170199,-15.45880136,-26.93605464,-8.17721343,-4.08386236,-3.56807712,-14.43812528,-1.79427333,-50.07400358,4.29957726,15.34600095
67.93,27.9574329,1.22878897,-15.49941152,-27.49598063,-7.58329549,-4.2375217,-2.44891566,-14.8635474,-1.33563955,-51.97017742,3.36180103,14.83391384
67.935,27.90144164,1.55589141,-15.53303957,-28.00549399,-6.92246406,-4.38641641,-1.30359091,-15.21401923,-0.85799158,-53.80653112,2.47859368,14.28729195
67.94,27.7691673,1.88692391,-15.58127314,-28.42377513,-6.29543424,-4.51720471,-0.18700681,-15.53032379,-0.37906959,-55.57242399,1.65453894,13.7381886
67.945,27.67525977,2.16211136,-15.59433978,-28.80577234,-5.58287259,-4.62688794,0.99147157,-15.73423712,0.11828604,-57.27149377,0.89997511,13.12129047
67.95,27.48558183,2.45167727,-15.60940092,-29.07333335,-4.9369738,-4.72150077,2.12625014,-15.90988071,0.61241714,-58.88968234,0.21458354,12.51607722
67.955,27.20865438,2.74962152,-15.63757387,-29.24231757,-4.38030252,-4.80502072,3.21301489,-16.05678247,1.09502721,-60.42331209,-0.39103977,11.92423007
67.96,26.96394442,2.98821884,-15.62733879,-29.39020035,-3.74473005,-4.88245633,4.3327876,-16.09727339,1.5542016,-61.87327567,-0.93053995,11.27713094
67.965,26.66670426,3.22202246,-15.58761321,-29.4336298,-3.16205614,-4.93308492,5.43137169,-16.07947995,2.00370288,-63.22654902,-1.38793204,10.63213929
67.97,26.28173619,3.46512671,-15.57099939,-29.3966171,-2.69646575,-4.98427826,6.46602972,-16.0511915,2.41837605,-64.49107629,-1.75245993,10.01429329
67.975,25.88997763,3.67202956,-15.51618927,-29.30067908,-2.22545597,-5.02286801,7.50050805,-15.94340939,2.80380978,-65.65649937,-2.06130662,9.36374945
67.98,25.46261489,3.8637843,-15.44236025,-29.13950774,-1.80326952,-5.04736403,8.5049816,-15.78972644,3.14905554,-66.72251052,-2.29538407,8.7247503
67.985,25.01682198,4.02601,-15.33822736,-28.92191279,-1.39702982,-5.06039301,9.48910156,-15.57692883,3.45009339,-67.68313063,-2.47708689,8.08275309
67.99,24.50181336,4.19939752,-15.24183776,-28.63394405,-1.11529477,-5.06269114,10.41442385,-15.36463409,3.71138695,-68.55146512,-2.56403206,7.48254793
67.995,23.9836143,4.33736108,-15.11148406,-28.3026294,-0.84132171,-5.0523003,11.32569249,-15.09352235,3.92599112,-69.31276439,-2.62790781,6.85809163
68,23.41964666,4.4711495,-14.97766582,-27.90678187,-0.64159034,-5.02928421,12.19181986,-14.81201139,4.09434929,-69.97096207,-2.61143477,6.28449318
68.005,22.84741036,4.58035349,-14.81492529,-27.48352995,-0.46867389,-4.99452018,13.03374765,-14.49546334,4.21830487,-70.53152614,-2.57037544,5.70883547
68.01,22.25176511,4.66859635,-14.64338701,-27.00042884,-0.33524315,-4.94242335,13.84041851,-14.15614236,4.28042797,-70.97408264,-2.50999643,5.14986693
68.015,21.63687597,4.74569887,-14.45426804,-26.49307437,-0.24556533,-4.87888779,14.61395813,-13.80797746,4.30613532,-71.32757867,-2.40395979,4.63274364
68.02,21.00632889,4.80825325,-14.25116511,-25.95275322,-0.1909241,-4.8011555,15.35597303,-13.45095272,4.28699689,-71.58164875,-2.27599462,4.14376619
68.025,20.35807949,4.85295617,-14.0597925,-25.38855458,-0.17785399,-4.72221344,16.07420825,-13.08315867,4.26221926,-71.75182255,-2.05533691,3.74038783
68.03,19.70739391,4.88745994,-13.80881528,-24.7933879,-0.16406299,-4.60590925,16.74566555,-12.72241854,4.12058361,-71.79758217,-1.97822643,3.27039632
68.035,19.04218685,4.90637252,-13.57435865,-24.18031387,-0.18328303,-4.48697435,17.39568589,-12.35907381,3.98056232,-71.76406124,-1.82037383,2.88623751
68.04,18.37039485,4.9135997,-13.33118834,-23.54987097,-0.21677855,-4.35504349,18.01760537,-12.0011145,3.80525238,-71.63973278,-1.66555628,2.54245828
68.045,17.69272025,4.90837659,-13.08112133,-22.90575143,-0.26016114,-4.21027708,18.6099972,-11.6499152,3.59627581,-71.42593538,-1.52135938,2.23412325
68.05,17.00949943,4.89339484,-12.8253488,-22.24827366,-0.30743908,-4.05471204,19.17696075,-11.30910753,3.36110127,-71.12684728,-1.39193336,1.96639624
68.055,16.32236925,4.86847028,-12.56674303,-21.58089931,-0.35652825,-3.88744371,19.71660421,-10.97936184,3.10107946,-70.74447138,-1.28076782,1.73284521
68.06,15.63356432,4.83694422,-12.30981788,-20.90429421,-0.40279344,-3.71096227,20.23268478,-10.66452288,2.82078099,-70.2816424,-1.18999729,1.53415182
68.065,14.95249027,4.79481005,-12.04868933,-20.22223172,-0.47419051,-3.51583509,20.73837098,-10.35206897,2.54375271,-69.74608946,-1.10726256,1.37256925
68.07,14.252163,4.7547268,-11.79472907,-19.53345485,-0.4766584,-3.33030846,21.1938361,-10.07936278,2.21204239,-69.12677723,-1.08524738,1.22452958
68.075,13.54965251,4.70450975,-11.54703077,-18.83554869,-0.49588997,-3.12773362,21.63003465,-9.81122215,1.88551639,-68.43474689,-1.07690282,1.1026637
68.08,12.85391288,4.6535942,-11.30208418,-18.13466035,-0.50678516,-2.91882463,22.05229792,-9.55919574,1.55612568,-67.67679258,-1.09405614,1.00516885
68.085,12.15322669,4.60067808,-11.0683872,-17.42784531,-0.50538473,-2.70358471,22.44881118,-9.32480623,1.22151494,-66.84892618,-1.13945426,0.92102084
68.09,11.45021824,4.54783655,-10.84213332,-16.71575293,-0.4887241,-2.48274712,22.82320264,-9.10668511,0.88624683,-65.95612704,-1.21169871,0.84772652
68.095,10.75081918,4.49623178,-10.62941718,-16.00226794,-0.46709864,-2.2568568,23.17988855,-8.90742407,0.55128314,-64.99756817,-1.30853069,0.78571613
68.1,10.05416259,4.44915532,-10.41639015,-15.28062626,-0.43644597,-2.02821883,23.52501706,-8.71904366,0.23358729,-63.9815641,-1.42671844,0.73231963
68.105,9.35270518,4.40265632,-10.22368035,-14.55636028,-0.38865378,-1.79655478,23.84185245,-8.54941249,-0.09172896,-62.90292912,-1.56671608,0.67540509
68.11,8.64477062,4.36447253,-10.05829668,-13.82921375,-0.32161866,-1.56309667,24.1318452,-8.40442748,-0.41511514,-61.76222488,-1.72012194,0.60972549
68.115,7.94701721,4.3313005,-9.88650364,-13.09764288,-0.25833361,-1.32625433,24.41709949,-8.26611003,-0.71556571,-60.56896374,-1.88841997,0.55167594
68.12,7.24655319,4.30683415,-9.74537705,-12.36443811,-0.18509368,-1.08918599,24.67803652,-8.15113936,-1.01663376,-59.31710375,-2.06179607,0.48192684
68.125,6.54935002,4.29163557,-9.61143696,-11.62824012,-0.10784452,-0.85037193,24.92502781,-8.04876238,-1.29948362,-58.01210054,-2.23750044,0.40760337
68.13,5.8579066,4.28671372,-9.49051771,-10.89203164,-0.02748278,-0.61377256,25.15761721,-7.96280503,-1.57103587,-56.65326593,-2.41221559,0.32806172
68.135,5.17253431,4.29349771,-9.37813864,-10.15555076,0.05191868,-0.37785224,25.37731496,-7.89042817,-1.82472282,-55.24262355,-2.57835986,0.24315373
68.14,4.49457039,4.31229427,-9.27569013,-9.42171533,0.13463867,-0.14664417,25.58284389,-7.83445033,-2.0662978,-53.78026078,-2.73432417,0.15321803
68.145,3.82729306,4.34384442,-9.18214833,-8.6938301,0.21692345,0.07870553,25.7747797,-7.7950017,-2.29800603,-52.26577966,-2.87725638,0.06072032
68.15,3.17325904,4.39069809,-9.09359903,-7.97174408,0.29646988,0.29578669,25.95747121,-7.77040173,-2.51239416,-50.70204174,-2.99693505,-0.03095691
68.155,2.52782776,4.44967569,-9.00881749,-7.25974965,0.37813974,0.50844325,26.12092665,-7.7607577,-2.716682,-49.08698744,-3.0965478,-0.12505427
68.16,1.98586701,4.53662774,-8.93550829,-6.55874748,0.38180537,0.66061819,26.37436839,-7.76552192,-2.8711679,-47.44155006,-3.10932059,-0.16158878
68.165,1.29724599,4.6141834,-8.83673732,-5.87653437,0.53146664,0.88831937,26.42062454,-7.78802059,-3.08765839,-45.70930511,-3.20681238,-0.29430472
68.17,0.69028637,4.71884662,-8.75770637,-5.20382835,0.6090955,1.08461484,26.5364069,-7.81833735,-3.24195877,-43.94725204,-3.2105662,-0.36070509
68.175,0.19700349,4.84863912,-8.67938637,-4.55847617,0.63010405,1.21098194,26.73915793,-7.86180623,-3.35482306,-42.15408448,-3.13459223,-0.39426236
68.18,-0.43220063,4.97124309,-8.56575195,-3.93623771,0.7684944,1.40309632,26.74057893,-7.92671825,-3.53565851,-40.27779564,-3.122421,-0.44812205
68.185,-0.88983023,5.1324818,-8.4808398,-3.34061071,0.80521658,1.51124525,26.90498543,-7.99344024,-3.61339016,-38.39309744,-2.9901477,-0.46369509
68.19,-1.4833194,5.28308603,-8.3495785,-2.77496587,0.95455488,1.68283724,26.86045695,-8.08668444,-3.77933425,-36.427858,-2.90396017,-0.43643477
68.195,-1.97066036,5.45820117,-8.23366443,-2.24318146,1.04989005,1.8110535,26.89436096,-8.18141651,-3.8798999,-34.44076237,-2.74447235,-0.38755083
68.2,-2.37016193,5.65802253,-8.12296768,-1.75193042,1.12811255,1.89309806,26.9817075,-8.28241276,-3.92136407,-32.43009452,-2.55166445,-0.35714288
68.205,-2.87449063,5.8509859,-7.95857315,-1.29991593,1.31090387,2.02003395,26.89265686,-8.41800295,-4.06771423,-30.36266198,-2.37695563,-0.19050327
68.21,-3.30106403,6.06523155,-7.81167361,-0.88761315,1.4619515,2.12294273,26.85185824,-8.54781227,-4.13223004,-28.28352105,-2.16290428,-0.03899038
68.215,-3.64708465,6.2894102,-7.66640034,-0.52817675,1.6027322,2.19371683,26.84748126,-8.67160279,-4.14073794,-26.18943246,-1.94506461,0.07209589
68.22,-4.08523987,6.52579043,-7.48212339,-0.21083175,1.86118267,2.31522733,26.69901628,-8.84251524,-4.23055219,-24.08309307,-1.73586275,0.37883286
68.225,-4.39791445,6.76453313,-7.31785653,0.04512605,2.06884459,2.38671045,26.6337047,-8.99049368,-4.2368946,-21.97925808,-1.54033617,0.55356763
68.23,-4.74385394,7.01231929,-7.1216409,0.24877495,2.37905917,2.49460235,26.49192237,-9.16568595,-4.27633707,-19.88993783,-1.37241341,0.85685465
68.235,-5.06622111,7.27471428,-6.94309515,0.4026293,2.70400285,2.60423219,26.34732093,-9.34607678,-4.26818327,-17.8369264,-1.2209547,1.1567465
68.24,-5.38972697,7.52125349,-6.79603258,0.5004163,3.04770187,2.76633547,26.15950652,-9.51261293,-4.24229008,-15.81588122,-1.04984601,1.50072572
68.245,-5.66567738,7.77745728,-6.62860489,0.53356064,3.45768707,2.90008307,25.99133052,-9.69122078,-4.19901048,-13.86041242,-0.96096355,1.81106707
68.25,-5.94142114,8.03193589,-6.4733823,0.51726999,3.91132213,3.08535145,25.80405199,-9.87365374,-4.14285995,-11.98550876,-0.88899812,2.14793375
68.255,-6.20047859,8.28606115,-6.33997101,0.43943136,4.40181269,3.29816152,25.61584447,-10.05552103,-4.06079143,-10.20762189,-0.8489251,2.48179524
68.26,-6.40872676,8.50975453,-6.21216878,0.27312997,4.95274047,3.47164344,25.44307069,-10.21267925,-3.95694046,-8.53307276,-0.84976358,2.78360769
68.265,-6.61982828,8.72343545,-6.11429579,0.05832592,5.54898053,3.71860786,25.26595388,-10.36458518,-3.84331718,-6.98728806,-0.86818255,3.0974058
68.27,-6.81626533,8.9136062,-6.04349306,-0.21558061,6.18338541,4.00217871,25.0963403,-10.49509061,-3.71082341,-5.57463394,-0.91171952,3.39664819
68.275,-7.00034607,9.07655535,-6.01699594,-0.55108783,6.8553652,4.34048586,24.93440939,-10.60325393,-3.57195575,-4.30492884,-0.97789281,3.67758265
68.28,-7.15893179,9.20244274,-6.02169683,-0.95543519,7.56487726,4.66753258,24.79032549,-10.6772835,-3.42504457,-3.18338284,-1.07014447,3.9233449
68.285,-7.2988805,9.28481798,-6.06601883,-1.44142817,8.30217887,5.05162837,24.65551404,-10.71347636,-3.25527982,-2.22084105,-1.1858117,4.15123922
68.29,-7.42325969,9.31870166,-6.1424187,-1.97967134,9.07059218,5.43373526,24.53691592,-10.70382991,-3.08751123,-1.41139051,-1.3212259,4.34057475
68.295,-7.53075679,9.29864336,-6.25347899,-2.58201082,9.86030591,5.83642571,24.43390126,-10.64643335,-2.91850774,-0.76301227,-1.47649681,4.49428942
68.3,-7.6291328,9.2313574,-6.4147264,-3.23879917,10.66410616,6.26731023,24.34450215,-10.54233055,-2.74021609,-0.27183983,-1.64829066,4.61260249
68.305,-7.7042976,9.10300255,-6.60021174,-3.96891426,11.46933723,6.70481075,24.27525613,-10.38672608,-2.56746135,0.0524297,-1.84611837,4.68899901
68.31,-7.75167541,8.9071985,-6.77800877,-4.76725941,12.26810193,7.10654333,24.22126717,-10.18407015,-2.43995792,0.2247815,-2.05668057,4.70736053
68.315,-7.80923818,8.67563449,-7.08330343,-5.61099258,13.06237974,7.61303763,24.18708153,-9.9247346,-2.22748115,0.23215259,-2.29015137,4.70259582
68.32,-7.82724213,8.374027,-7.32000578,-6.53639314,13.83342099,8.03820187,24.17554381,-9.63093599,-2.09478001,0.08003755,-2.55046667,4.63584354
68.325,-7.84716838,8.02345325,-7.68090427,-7.50617912,14.56852516,8.53325503,24.18727103,-9.27470594,-1.88506877,-0.22908902,-2.81534523,4.52346953
68.33,-7.82283529,7.62139302,-7.94583665,-8.56509701,15.28085647,8.92145676,24.2211573,-8.90201914,-1.76177585,-0.67948736,-3.11799247,4.37260009
68.335,-7.78700542,7.16911291,-8.29120104,-9.67945433,15.9483936,9.36663388,24.28274124,-8.48115825,-1.59035832,-1.27694915,-3.42844851,4.16022109
68.34,-7.7272314,6.67181221,-8.63410006,-10.85916054,16.55032177,9.77283091,24.37104526,-8.02790216,-1.42564038,-2.01143409,-3.75019787,3.9071091
68.345,-7.639148,6.13220692,-8.98786685,-12.10767356,17.08915202,10.1803257,24.48882345,-7.54893775,-1.26360175,-2.87725676,-4.08474524,3.59511916
68.35,-7.52026713,5.55888466,-9.31501251,-13.4264253,17.55795653,10.53160734,24.63195237,-7.05509449,-1.11763912,-3.85991251,-4.42243588,3.25513178
68.355,-7.36400972,4.95414711,-9.63171604,-14.81797719,17.94869374,10.8683065,24.8037292,-6.54932806,-0.97998673,-4.95153612,-4.76494628,2.86675957
68.36,-7.17087434,4.3265772,-9.94705416,-16.27255214,18.21798339,11.18505976,25.00770046,-6.03463755,-0.82928017,-6.14372217,-5.09409664,2.42655384
68.365,-6.9279936,3.67635635,-10.16904876,-17.82481961,18.45220232,11.40855349,25.21596683,-5.53670896,-0.75902095,-7.40620261,-5.42230983,2.01206592
68.37,-6.63823322,3.0111912,-10.37386084,-19.44245382,18.56744979,11.61024678,25.4509418,-5.04136058,-0.69203728,-8.73826663,-5.72276101,1.5568388
68.375,-6.2940468,2.34296434,-10.52887875,-21.1334797,18.55370507,11.77474847,25.70372668,-4.56587892,-0.63506504,-10.12198889,-5.99831815,1.08557002
68.38,-5.89730619,1.66475604,-10.6272235,-22.89880122,18.43388166,11.87755137,25.96001882,-4.10961284,-0.62763596,-11.54022075,-6.22956747,0.6220393
68.385,-5.42594007,0.98698029,-10.65000188,-24.7382527,18.18385902,11.94511954,26.2344638,-3.67314372,-0.62012904,-12.97526122,-6.4299954,0.14184512
68.39,-4.89523483,0.31252925,-10.61692624,-26.65446953,17.81795873,11.9530528,26.49875596,-3.271832,-0.67161825,-14.40826332,-6.57724656,-0.31708342
68.395,-4.30088839,-0.36240925,-10.51665046,-28.63095935,17.31789209,11.91498875,26.76427105,-2.89032274,-0.75762663,-15.83824332,-6.66284101,-0.76865403
68.4,-3.62462096,-1.02442726,-10.34968897,-30.67582653,16.69383591,11.82648245,27.02549538,-2.54451366,-0.8714619,-17.23149813,-6.69846482,-1.21209403
68.405,-2.88203451,-1.68150163,-10.12169999,-32.77428243,15.93553591,11.69334908,27.27883046,-2.21830173,-1.00931029,-18.59467499,-6.66171779,-1.63892873
68.41,-2.07077131,-2.33023558,-9.83426852,-34.92026922,15.04937909,11.52145029,27.51678992,-1.91467771,-1.18026551,-19.91014406,-6.56042148,-2.0507067
68.415,-1.18898906,-2.96639089,-9.49637567,-37.10344451,14.03908904,11.3080595,27.74489425,-1.63019278,-1.36884403,-21.17468331,-6.38690913,-2.44999129
68.42,-0.24290804,-3.58964578,-9.11092679,-39.3168224,12.91090736,11.06112258,27.95449935,-1.36283865,-1.57246051,-22.37933258,-6.14614606,-2.83383907
68.425,0.76364579,-4.19820583,-8.68514503,-41.54443617,11.67221026,10.77968125,28.14527826,-1.10752889,-1.78986813,-23.51969368,-5.83892706,-3.20566741
68.43,1.81781653,-4.79118562,-8.23093483,-43.77515592,10.33893126,10.47245786,28.30801944,-0.85871676,-2.00541214,-24.58925208,-5.46495249,-3.56368024
68.435,2.92485657,-5.359369,-7.74550549,-45.99525736,8.92258006,10.12265736,28.4517255,-0.62091783,-2.22839236,-25.58822014,-5.04082414,-3.91034543
68.44,4.08339434,-5.90357186,-7.2660743,-48.19179824,7.46142149,9.72706326,28.59418735,-0.38426624,-2.42542618,-26.52965749,-4.51270604,-4.25952573
68.445,5.25551026,-6.42480103,-6.74707182,-50.35536542,5.93593114,9.32020711,28.66922697,-0.15039323,-2.62670618,-27.36882857,-3.99187465,-4.58314629
68.45,6.44643973,-6.92338361,-6.24201338,-52.46981969,4.39134622,8.88464898,28.71763227,0.08332365,-2.81444595,-28.14304391,-3.41601197,-4.90470351
68.455,7.65099469,-7.39128435,-5.7327848,-54.52810342,2.83983185,8.41881504,28.72696044,0.31575761,-2.9925178,-28.8347845,-2.8268552,-5.21299086
68.46,8.86571835,-7.82627304,-5.22862768,-56.52204227,1.30416228,7.92572812,28.6979026,0.54922239,-3.13764274,-29.44376024,-2.21169042,-5.51217966
68.465,10.0705454,-8.23240096,-4.74591616,-58.44248695,-0.18716693,7.41407382,28.62183103,0.78447169,-3.2609091,-29.97362702,-1.58716623,-5.8054826
68.47,11.2712357,-8.60438709,-4.27631064,-60.28396036,-1.6263032,6.86703311,28.50606442,1.01961417,-3.36103002,-30.42378544,-0.96589987,-6.09027847
68.475,12.45635852,-8.94260544,-3.83416969,-62.04047987,-2.9931921,6.3070375,28.34731441,1.25366827,-3.43365831,-30.79698583,-0.34983012,-6.36703361
68.48,13.60422023,-9.26169312,-3.41234524,-63.70878839,-4.28119548,5.75793781,28.11996967,1.49096583,-3.50646211,-31.08445136,0.20483322,-6.62284047
68.485,14.76259817,-9.51874807,-3.03553663,-65.28081263,-5.45566881,5.128642,27.89951421,1.71386156,-3.49792606,-31.3155465,0.81926585,-6.89385058
68.49,15.86180894,-9.77133812,-2.67735754,-66.75983291,-6.53785483,4.55869635,27.5903729,1.94300638,-3.51437597,-31.45636516,1.32387645,-7.12602147
68.495,16.94831418,-9.97216348,-2.36798868,-68.13750495,-7.50607347,3.93388172,27.26957587,2.15515836,-3.47772685,-31.5394604,1.83881727,-7.36500901
68.5,17.99813473,-10.14251753,-2.10155268,-69.411802,-8.35640249,3.30728379,26.90969421,2.35766426,-3.41697903,-31.55771785,2.31290559,-7.58789116
68.505,19.00821502,-10.28361863,-1.87365443,-70.58404161,-9.08867031,2.69104966,26.50683602,2.5496157,-3.3324951,-31.50790231,2.73968266,-7.79341242
68.51,19.98200934,-10.39297191,-1.69522184,-71.6496264,-9.71198472,2.06512282,26.07491574,2.72381533,-3.22462956,-31.4036257,3.12854189,-7.98644613
68.515,20.91134437,-10.47716172,-1.55885213,-72.61123039,-10.21771424,1.46180626,25.60500438,2.88409461,-3.10384416,-31.2408196,3.46352777,-8.15595779
68.52,21.80104777,-10.53253694,-1.46884032,-73.46258778,-10.62253167,0.86121409,25.10366979,3.02483145,-2.96286709,-31.01619218,3.75664462,-8.30679488
68.525,22.64821608,-10.56754893,-1.42469068,-74.21259606,-10.92553272,0.279648,24.57886754,3.14606852,-2.81151642,-30.7572726,4.00271894,-8.43445676
68.53,23.45236396,-10.57317547,-1.43256035,-74.84706298,-11.14907157,-0.29489466,24.02836011,3.23956844,-2.64239896,-30.44336607,4.21027605,-8.54267542
68.535,24.21209462,-10.56572935,-1.47411072,-75.38687332,-11.26877668,-0.81128335,23.45322949,3.31891746,-2.46851156,-30.10046198,4.37449157,-8.61844225
68.54,24.927404,-10.54158767,-1.57167394,-75.8093619,-11.33763899,-1.32769831,22.8544499,3.37023252,-2.29134017,-29.70321846,4.50633231,-8.67540662
68.545,25.60214129,-10.50511098,-1.70058509,-76.135919,-11.3231201,-1.7866857,22.23734713,3.40509141,-2.11165104,-29.27637472,4.60344017,-8.6980863
68.55,26.24934568,-10.45847201,-1.83717949,-76.37563447,-11.18865579,-2.14884617,21.60811274,3.42465192,-1.94495674,-28.8246484,4.69826972,-8.70398889
68.555,26.81903107,-10.39913415,-2.07901406,-76.47938171,-11.16249723,-2.59661258,20.95433475,3.40720886,-1.74580958,-28.33549575,4.72358963,-8.66533548
68.56,27.36547038,-10.33299338,-2.31746202,-76.50302409,-11.02550396,-2.94327063,20.29070216,3.37710313,-1.5701689,-27.82407475,4.75085382,-8.60637494
68.565,27.87454029,-10.26311626,-2.58585383,-76.43016219,-10.86141442,-3.2356048,19.61905988,3.32963857,-1.39941743,-27.28956877,4.76239127,-8.51830611
68.57,28.34108114,-10.18717222,-2.88306162,-76.26327414,-10.68874577,-3.48492285,18.93543023,3.26349053,-1.22908458,-26.73576088,4.76141446,-8.40159171
68.575,28.77136707,-10.10988191,-3.20310143,-76.00530555,-10.51277237,-3.68432607,18.24588972,3.18265447,-1.06730865,-26.16479506,4.75061265,-8.25884367
68.58,29.1570202,-10.03663445,-3.55697485,-75.65484331,-10.3496109,-3.83535706,17.54673219,3.08456717,-0.92246809,-25.5788236,4.73733633,-8.09235234
68.585,29.511137,-9.96216989,-3.92764845,-75.21931231,-10.19341919,-3.94015925,16.84778822,2.97248829,-0.79266044,-24.98171203,4.7125992,-7.901658
68.59,29.8223632,-9.88938902,-4.30834819,-74.70262138,-10.07104568,-3.9942555,16.13179732,2.85547815,-0.64910568,-24.37068807,4.70586603,-7.68761914
68.595,30.10436822,-9.81305571,-4.69845154,-74.10756642,-9.96812748,-4.00482765,15.417766,2.72714058,-0.51978852,-23.75218224,4.69507193,-7.45310019
68.6,30.34723115,-9.7467131,-5.10530193,-73.43328,-9.89331231,-3.97200227,14.69841666,2.59429628,-0.40264632,-23.12578549,4.69443313,-7.20067689
68.605,30.56136923,-9.68349856,-5.52177456,-72.68475348,-9.84870137,-3.89766118,13.98044029,2.45517639,-0.29769594,-22.49399273,4.69748071,-6.9350435
68.61,30.74470132,-9.62246166,-5.94235228,-71.86585924,-9.83438467,-3.7842509,13.26190073,2.31314073,-0.19940656,-21.85978299,4.70972655,-6.6559785
68.615,30.8959027,-9.56738961,-6.36916819,-70.97690531,-9.84974401,-3.6335594,12.5425979,2.17036784,-0.11066685,-21.22311166,4.73336584,-6.36606496
68.62,31.02123939,-9.51439503,-6.79554617,-70.02134236,-9.892759,-3.44803549,11.82638975,2.0270692,-0.03510054,-20.58583813,4.75994441,-6.06597867
68.625,31.11701925,-9.46512897,-7.22541141,-69.0012625,-9.96162432,-3.22803269,11.11160662,1.88483031,0.03752795,-19.94922853,4.8023043,-5.76071508
68.63,31.18880607,-9.41816762,-7.65417749,-67.91850901,-10.05427132,-2.975049,10.40212069,1.74455826,0.10142347,-19.31470873,4.85208777,-5.45242376
68.635,31.23836925,-9.37336764,-8.08020019,-66.77566162,-10.16617443,-2.69146189,9.699474,1.60823188,0.15757869,-18.68328724,4.91037328,-5.14428962
68.64,31.26214307,-9.32987574,-8.50228548,-65.57418581,-10.28952554,-2.37776184,8.99951038,1.4761887,0.20691558,-18.05519476,4.97919246,-4.83233579
68.645,31.26676394,-9.28744306,-8.91895724,-64.31553478,-10.4243505,-2.03476509,8.30879442,1.34948551,0.24891966,-17.43287898,5.05443211,-4.52261228
68.65,31.24910145,-9.24594247,-9.32884849,-63.00103752,-10.56186217,-1.66299673,7.62331697,1.229722,0.28447414,-16.81610123,5.13813728,-4.21203212
68.655,31.21209577,-9.20338358,-9.73169913,-61.6325304,-10.70007948,-1.26196704,6.94675123,1.1156496,0.31359378,-16.20665797,5.22930769,-3.90383745
68.66,31.15767227,-9.16102192,-10.12469085,-60.21013189,-10.83350159,-0.8334562,6.2804662,1.0112602,0.33801802,-15.60711317,5.32809083,-3.60010418
68.665,31.0892554,-9.11728469,-10.5106598,-58.73551644,-10.96196346,-0.37673684,5.62730891,0.91351355,0.35708168,-15.01513454,5.43220138,-3.30387415
68.67,31.00480072,-9.07196308,-10.88532225,-57.20997892,-11.07680831,0.1075379,4.98464898,0.8244054,0.3698295,-14.43227178,5.54278888,-3.01228277
68.675,30.90796479,-9.02278697,-11.24311483,-55.63327791,-11.17713135,0.61784723,4.3558819,0.74619276,0.37941485,-13.86147429,5.65461114,-2.7256306
68.68,30.79752133,-8.97270268,-11.59342395,-54.00628753,-11.26106744,1.15714631,3.74158507,0.67671881,0.38700108,-13.30176808,5.77545447,-2.4482953
68.685,30.67083668,-8.91914991,-11.92700308,-52.32976811,-11.31889446,1.72559711,3.13605125,0.61786627,0.3853331,-12.75191623,5.89690071,-2.17113965
68.69,30.53324453,-8.86280329,-12.24407683,-50.60368711,-11.35315061,2.31924302,2.54607573,0.57062063,0.3801725,-12.2141453,6.02172031,-1.90123247
68.695,30.38680139,-8.80254774,-12.54531123,-48.82965697,-11.3660882,2.93994575,1.97397639,0.53367955,0.37507989,-11.68908454,6.15060991,-1.64170146
68.7,30.22791738,-8.74721581,-12.84587789,-47.00601358,-11.36487159,3.595537,1.42154545,0.50886915,0.3609907,-11.18259064,6.28608915,-1.39659882
68.705,30.06024391,-8.67966588,-13.10352215,-45.13715621,-11.31853012,4.2654121,0.87736888,0.49757927,0.35289063,-10.67954812,6.41626189,-1.14839228
68.71,29.88074712,-8.61392987,-13.35068653,-43.21940238,-11.25273861,4.96163353,0.3529417,0.50003243,0.34251359,-10.19515899,6.55201048,-0.91170574
68.715,29.68738205,-8.54651078,-13.57585829,-41.25694141,-11.1531643,5.68373606,-0.1601315,0.51596094,0.33242263,-9.72165604,6.68975728,-0.67828305
68.72,29.47610298,-8.48029286,-13.78626813,-39.24915824,-11.01204194,6.42491162,-0.66420272,0.54650605,0.31208747,-9.26132119,6.83038149,-0.44918484
68.725,29.26024779,-8.41269464,-13.9662491,-37.19897677,-10.86310013,7.18662341,-1.14516852,0.59244448,0.30913766,-8.8191865,6.97246071,-0.22915482
68.73,29.02631408,-8.35308895,-14.13954314,-35.11190599,-10.66562697,7.95804505,-1.62096599,0.65535624,0.28970041,-8.38571647,7.11918343,-0.01588101
68.735,28.78211888,-8.29446567,-14.28118332,-32.98606551,-10.45383539,8.74216863,-2.07877455,0.73438765,0.2847016,-7.97067359,7.26771638,0.19169466
68.74,28.5214992,-8.24622214,-14.40920978,-30.83010321,-10.20748132,9.52889395,-2.53051097,0.83318575,0.27839473,-7.56751326,7.42385132,0.39381922
68.745,28.25358823,-8.20307978,-14.51414545,-28.64576002,-9.95199346,10.30845253,-2.96581766,0.94878938,0.28205384,-7.18207166,7.58126587,0.58712716
68.75,27.96676524,-8.17521849,-14.60685684,-26.44262854,-9.66761754,11.08753309,-3.39921837,1.08409145,0.2908366,-6.80850868,7.74994497,0.77930705
68.755,27.66708287,-8.15721668,-14.68494427,-24.22926529,-9.35706317,11.83935283,-3.82969675,1.23591655,0.30305982,-6.44902198,7.92969074,0.96591379
68.76,27.36219291,-8.15908733,-14.74567566,-22.00912435,-9.06487026,12.57753017,-4.24381007,1.41149363,0.33645898,-6.1132291,8.11257945,1.14916127
68.765,27.05202584,-8.17435325,-14.79544932,-19.7981388,-8.76341526,13.27697947,-4.65254916,1.60236631,0.37515624,-5.79310553,8.30428603,1.32570354
68.77,26.72705667,-8.2062888,-14.8401198,-17.60626918,-8.44560598,13.93752728,-5.06588724,1.80848636,0.42593093,-5.49074066,8.51582582,1.50376985
68.775,26.40083056,-8.25811306,-14.88134189,-15.44483418,-8.14267357,14.55107003,-5.47151787,2.0321641,0.48921084,-5.21064513,8.73779954,1.67906397
68.78,26.10899567,-8.31018004,-14.89402632,-13.32949718,-7.90474945,15.09135313,-5.84888075,2.26412967,0.53394095,-4.94527603,8.95645109,1.81803417
68.785,25.77722195,-8.42699123,-14.94770577,-11.2986585,-7.58766848,15.61701714,-6.25761957,2.53303916,0.65720183,-4.72241608,9.23048379,2.01018159
68.79,25.46185641,-8.51224322,-14.99774506,-9.33379526,-7.28311835,16.06102458,-6.65615375,2.77381294,0.74467068,-4.51258996,9.49133748,2.19096731
68.795,25.17749001,-8.62564087,-15.04184079,-7.48062215,-7.00413606,16.43517069,-7.04189376,3.03595589,0.8491161,-4.33335916,9.78239922,2.36319143
68.8,24.9176999,-8.74491974,-15.09226413,-5.7437158,-6.73325986,16.740278,-7.42142215,3.29621021,0.95915832,-4.18130984,10.09077025,2.53523835
68.805,24.68407459,-8.86305656,-15.15228868,-4.13288519,-6.47392831,16.97475303,-7.79344207,3.54826011,1.06946993,-4.06215092,10.4180302,2.70914807
68.81,24.48336733,-8.975295,-15.20560164,-2.65752959,-6.21406903,17.12118231,-8.14467818,3.78470026,1.18882896,-3.9916267,10.76515599,2.87219398
68.815,24.30818051,-9.07421321,-15.27734634,-1.32434146,-5.97468033,17.20470978,-8.49696794,4.00030139,1.29898473,-3.94751006,11.13053184,3.04793223
68.82,24.16586564,-9.15799642,-15.3527989,-0.14183169,-5.74956248,17.20852177,-8.83699528,4.19233309,1.40498574,-3.94626379,11.5148391,3.22329874
68.825,24.08752589,-9.24444651,-15.40662617,0.87087418,-5.54252728,17.14703652,-9.1402181,4.38502096,1.52218446,-4.00038799,11.88947291,3.31727457
68.83,23.9725362,-9.25091795,-15.51773518,1.76332658,-5.35468711,16.97630703,-9.48129974,4.47574967,1.59522928,-4.07553486,12.32861026,3.58109038
68.835,23.91766558,-9.25535592,-15.59813277,2.47778778,-5.1880067,16.74732958,-9.79202385,4.5657228,1.66228556,-4.20920541,12.76638904,3.78278997
68.84,23.89609655,-9.2259342,-15.67964102,3.03257304,-5.04591589,16.43503629,-10.08370493,4.6095484,1.72291175,-4.3921315,13.20743138,3.97464244
68.845,23.90329077,-9.16690567,-15.75275652,3.42802926,-4.94078405,16.04198341,-10.36374565,4.61711264,1.76199286,-4.62663184,13.66077454,4.17918983
68.85,23.93946546,-9.07689401,-15.81856191,3.66752855,-4.84947316,15.59717544,-10.62607324,4.58058487,1.80664229,-4.9113774,14.11239481,4.35915076
68.855,24.00439215,-8.94605349,-15.87106787,3.73604973,-4.82542694,15.03386323,-10.87323312,4.4985199,1.78039422,-5.26872112,14.57477112,4.58380577
68.86,24.09429251,-8.78553492,-15.91351154,3.66274772,-4.81987291,14.42486345,-11.10570811,4.37520037,1.75248389,-5.66874473,15.02998646,4.78702257
68.865,24.2143006,-8.59190602,-15.93895681,3.42869166,-4.8601569,13.74779322,-11.32278646,4.20795337,1.70012234,-6.12508754,15.47182512,4.99337005
68.87,24.36075304,-8.3634457,-15.93675954,3.04895148,-4.94816394,12.99421966,-11.52232032,3.9960952,1.61361506,-6.63893822,15.90106727,5.2100697
68.875,24.53315882,-8.11294182,-15.91535848,2.52497133,-5.08607215,12.18582146,-11.70330712,3.74843782,1.50101904,-7.21357098,16.30376698,5.42873049
68.88,24.73157654,-7.83383092,-15.86608225,1.8625971,-5.27040538,11.31675064,-11.86474703,3.46250975,1.35750524,-7.84896733,16.68362129,5.65000852
68.885,24.95351107,-7.53892105,-15.79554977,1.06947357,-5.50363122,10.40887019,-12.00763625,3.14623614,1.18943583,-8.54347755,17.02840054,5.87205683
68.89,25.200595,-7.22143284,-15.68393465,0.15462155,-5.78971848,9.44550065,-12.126253,2.79887191,0.98018368,-9.30400562,17.33177479,6.10781468
68.895,25.47030377,-6.88842575,-15.54242807,-0.87488698,-6.11676812,8.45413405,-12.22301008,2.42430145,0.74266811,-10.12634394,17.59115176,6.34761906
68.9,25.76005438,-6.5447586,-15.36872372,-2.00646041,-6.48590671,7.44017833,-12.29352203,2.027925,0.4719414,-11.01658928,17.7968599,6.59739952
68.905,26.06734723,-6.18863122,-15.17117792,-3.23360608,-6.88524005,6.40803328,-12.33977661,1.60924954,0.17834919,-11.96962131,17.95690146,6.85453163
68.91,26.38793973,-5.82704955,-14.94899503,-4.53934918,-7.30703462,5.38219575,-12.35797384,1.17311486,-0.14439898,-12.99012246,18.05397522,7.12067809
68.915,26.7178396,-5.46055916,-14.70367192,-5.91072698,-7.74316269,4.369229,-12.34482684,0.72151252,-0.49172883,-14.08146913,18.08444981,7.4001381
68.92,27.05185714,-5.0934315,-14.44181157,-7.33328462,-8.17958904,3.3883137,-12.30121211,0.25723104,-0.85352892,-15.23894204,18.0445245,7.69019929
68.925,27.38518122,-4.72790632,-14.18469675,-8.79865696,-8.60426527,2.44621095,-12.22530451,-0.21918914,-1.23341988,-16.465598,17.93707934,7.98649788
68.93,27.71191093,-4.36622522,-13.94356313,-10.29102633,-8.99756264,1.5613012,-12.11820455,-0.70820328,-1.62836154,-17.7548439,17.75405659,8.28489511
68.935,28.02599719,-4.00626953,-13.68798088,-11.78813039,-9.35820116,0.73556773,-11.96882895,-1.2074033,-2.01944344,-19.11892997,17.48630331,8.59407654
68.94,28.31673328,-3.64916067,-13.44080991,-13.27185157,-9.66284409,-0.01556728,-11.77755202,-1.71778629,-2.39705545,-20.5576597,17.13392837,8.90018119
68.945,28.58937705,-3.30182011,-13.22547726,-14.74482244,-9.90884343,-0.70088227,-11.54482628,-2.23829449,-2.77456838,-22.05935246,16.70055102,9.19889125
68.95,28.83645146,-2.96002958,-13.02716107,-16.18370127,-10.08787087,-1.31226915,-11.26390612,-2.76991499,-3.13409129,-23.62857056,16.17912563,9.49115585
68.955,29.05589178,-2.62618013,-12.86180136,-17.58489079,-10.18309549,-1.84602787,-10.93355836,-3.31328115,-3.46994851,-25.26288628,15.56456696,9.76344095
68.96,29.24937931,-2.30026763,-12.71631018,-18.93825778,-10.19782496,-2.32195771,-10.54582385,-3.8654365,-3.77376282,-26.96164704,14.87193025,10.01388616
68.965,29.32194803,-1.98821294,-12.64774449,-20.23250068,-10.01267251,-2.58966864,-10.19172861,-4.43331376,-4.01362825,-28.69876848,14.05703108,10.18286152
68.97,29.55472668,-1.67266548,-12.51066425,-21.47521236,-9.96773804,-3.07541302,-9.59197697,-4.9944627,-4.27070126,-30.53882114,13.23064738,10.4327599
68.975,29.67500353,-1.37442208,-12.43948645,-22.65777489,-9.70784889,-3.40364307,-9.0166891,-5.56073459,-4.45173589,-32.40879715,12.3028111,10.57717831
68.98,29.75275547,-1.07614198,-12.40070603,-23.76652613,-9.39526224,-3.64220015,-8.39350267,-6.13899023,-4.58668517,-34.31850941,11.28509579,10.70144997
68.985,29.82195636,-0.79113358,-12.38141789,-24.80524961,-8.99387662,-3.86393539,-7.68469714,-6.71058128,-4.67143842,-36.2739853,10.21872565,10.77311838
68.99,29.86875784,-0.51116064,-12.37730919,-25.77867382,-8.52025927,-4.05442555,-6.91298226,-7.27731247,-4.69681599,-38.25975721,9.1055139,10.80034583
68.995,29.91280375,-0.24604964,-12.38595024,-26.69641278,-7.94323673,-4.23423504,-6.06523064,-7.82487121,-4.66522217,-40.26649725,7.9700119,10.76721379
69,29.91449121,0.02377747,-12.41358921,-27.52705488,-7.34159355,-4.37970261,-5.17189341,-8.37262768,-4.58715998,-42.28412027,6.79587196,10.70603358
69.005,29.86826959,0.30081409,-12.46291706,-28.26752238,-6.7438072,-4.50032277,-4.2402271,-8.91971169,-4.46329919,-44.30104696,5.60106483,10.61693406
69.01,29.85155258,0.54952453,-12.5053727,-28.97088529,-6.01740717,-4.62862313,-3.221881,-9.4167984,-4.28454745,-46.31022887,4.43335868,10.44474846
69.015,29.74236468,0.82867312,-12.56923277,-29.55904246,-5.37507461,-4.73624763,-2.20963338,-9.93027075,-4.0751519,-48.29530519,3.2640548,10.28864864
69.02,29.65482313,1.08225296,-12.62585271,-30.09867331,-4.64953668,-4.84503986,-1.11873021,-10.38967311,-3.81521357,-50.25474729,2.13614557,10.04781679
69.025,29.52563698,1.33714944,-12.681112,-30.56512127,-3.92515004,-4.95937157,-0.01608476,-10.82462871,-3.53620546,-52.16739215,1.06403574,9.7943944
69.03,29.39261395,1.57953539,-12.71283442,-30.97111117,-3.16587047,-5.07548795,1.13237879,-11.21009771,-3.22602669,-54.03644004,0.0599645,9.49199168
69.035,29.21490792,1.82841941,-12.76175178,-31.30045715,-2.46177225,-5.18785585,2.28687014,-11.5766066,-2.89926821,-55.84786669,-0.88810122,9.17154726
69.04,28.98986105,2.07989282,-12.79191593,-31.5507365,-1.78726447,-5.31004156,3.43850986,-11.90943953,-2.56040263,-57.59102468,-1.75148635,8.83378124
69.045,28.73880673,2.32546358,-12.81738548,-31.73805124,-1.14667627,-5.43173727,4.5996128,-12.20522345,-2.21440856,-59.26252579,-2.53429629,8.47034353
69.05,28.45484999,2.56817952,-12.82669846,-31.85930887,-0.54811937,-5.55343409,5.7574177,-12.46134472,-1.86651175,-60.85475977,-3.22610877,8.08984111
69.055,28.08738775,2.82322612,-12.83649545,-31.90211665,-0.02888942,-5.68138333,6.86384515,-12.70810966,-1.53629764,-62.36061904,-3.81635085,7.73198814
69.06,27.73460809,3.05257009,-12.8151486,-31.89688842,0.48775267,-5.81054956,8.00247997,-12.88672614,-1.20197569,-63.77873734,-4.32218079,7.31432818
69.065,27.38448305,3.25684059,-12.75128619,-31.84636955,1.00068512,-5.94900619,9.14870094,-13.00092362,-0.88786985,-65.09743858,-4.73429093,6.87882891
69.07,26.92779754,3.4852755,-12.7066216,-31.71959195,1.38254983,-6.06475947,10.20814983,-13.12747805,-0.59958998,-66.31940741,-5.03398528,6.48313485
69.075,26.50364866,3.67358159,-12.6175808,-31.555704,1.78089521,-6.20115223,11.30086325,-13.17789792,-0.33154955,-67.43496451,-5.27652387,6.03372382
69.08,25.98142797,3.87763926,-12.53634111,-31.32623583,2.07115154,-6.30294803,12.3022356,-13.2342934,-0.0977485,-68.44534271,-5.39494668,5.63724992
69.085,25.46250443,4.05517862,-12.42929413,-31.05815587,2.34110865,-6.40987083,13.30223069,-13.24080423,0.10858466,-69.34642468,-5.457327,5.21069274
69.09,24.91440648,4.21407163,-12.30152151,-30.74678424,2.57536042,-6.51052596,14.26564952,-13.21446947,0.27701762,-70.13312617,-5.44436427,4.79946632
69.095,24.331437,4.36401563,-12.16778876,-30.3877432,2.74988654,-6.58488298,15.18441429,-13.16614643,0.41288511,-70.80550597,-5.35978356,4.40306679
69.1,23.69216774,4.48020791,-12.0180611,-29.99451207,2.9609644,-6.67476249,16.03021467,-13.07860297,0.50666822,-71.35533621,-5.17733221,4.07777674
69.105,23.05826408,4.59375444,-11.87154029,-29.56097494,3.06365172,-6.7118236,16.87392984,-12.98404827,0.5736718,-71.80015403,-4.97869803,3.71483283
69.11,22.45260604,4.69424483,-11.68743375,-29.1063801,3.0915343,-6.73908257,17.72202646,-12.8741995,0.58619428,-72.13387606,-4.82649794,3.29764797
69.115,21.78044131,4.75771046,-11.52013947,-28.62469041,3.17232959,-6.7634956,18.48695711,-12.72565159,0.58858942,-72.35251656,-4.53513558,2.99462392
69.12,21.09329037,4.81896915,-11.32964106,-28.10137661,3.18871733,-6.75956459,19.20600215,-12.5849972,0.51744913,-72.44591159,-4.28727024,2.68041105
69.125,20.38131875,4.85210681,-11.14248456,-27.56048328,3.20859031,-6.73929875,19.87986167,-12.4193185,0.4287668,-72.43255946,-3.99399425,2.41846248
69.13,19.66851727,4.85888466,-10.975437,-26.99942021,3.2165838,-6.69756753,20.53525138,-12.22996358,0.33628923,-72.31529553,-3.66708578,2.18999179
69.135,18.90419394,4.85982755,-10.76796133,-26.40980154,3.22314534,-6.6278679,21.09054908,-12.05660093,0.14721079,-72.06910291,-3.39966603,1.99675742
69.14,18.17966395,4.82585353,-10.61878171,-25.81028256,3.19946571,-6.54820863,21.68244932,-11.84279182,0.00846409,-71.74041023,-3.08116166,1.82606296
69.145,17.37354268,4.78988682,-10.40985546,-25.18703163,3.22244239,-6.42972486,22.13400803,-11.65662661,-0.24518892,-71.28265271,-2.84430078,1.71083776
69.15,16.58650349,4.72694044,-10.24428384,-24.55174174,3.22331852,-6.29711217,22.59012008,-11.44501035,-0.47514464,-70.7370483,-2.60026159,1.61516904
69.155,15.79647363,4.64907505,-10.08559313,-23.90524566,3.23077771,-6.14407867,23.01205184,-11.22981506,-0.72648436,-70.09567212,-2.3889302,1.55050978
69.16,14.99989565,4.55611723,-9.93829945,-23.24688225,3.24484608,-5.97145091,23.39695896,-11.01079246,-0.99467319,-69.36139907,-2.21118088,1.51196976
69.165,14.19833306,4.45091645,-9.80292537,-22.57954638,3.26794372,-5.77958887,23.74603283,-10.7896199,-1.27604775,-68.53783548,-2.07050813,1.49656095
69.17,13.39313906,4.33565583,-9.68107462,-21.90349497,3.30163254,-5.56935317,24.06204557,-10.56794163,-1.56776632,-67.63001822,-1.96757027,1.500192
69.175,12.5876928,4.21129793,-9.5744001,-21.22095197,3.34468641,-5.34227803,24.34742174,-10.34524194,-1.86573517,-66.64081665,-1.90152212,1.51932469
69.18,11.78282101,4.08033303,-9.48243534,-20.53342632,3.39698948,-5.09923242,24.60474249,-10.12355141,-2.16728603,-65.57464051,-1.87103793,1.55037955
69.185,10.97960734,3.9454777,-9.40637981,-19.84212685,3.46101642,-4.84110139,24.8344625,-9.90422561,-2.46856438,-64.43534126,-1.87400204,1.58941332
69.19,10.17849304,3.8078051,-9.34726088,-19.14627485,3.53579261,-4.56816825,25.03666941,-9.68635959,-2.77020373,-63.22471347,-1.90769884,1.63391721
69.195,9.37611368,3.67150777,-9.30837257,-18.4471046,3.61770279,-4.27522134,25.21321971,-9.4727831,-3.06240131,-61.9484935,-1.96320802,1.67691819
69.2,8.59221535,3.53558607,-9.27758174,-17.75056586,3.70921188,-3.98471882,25.37811674,-9.26208113,-3.34963459,-60.60923667,-2.0466204,1.72668571
69.205,7.80985453,3.40556278,-9.26674444,-17.05253291,3.80505149,-3.677626,25.52110499,-9.05787575,-3.62381623,-59.21024728,-2.14144329,1.7701857
69.21,7.03568493,3.28127566,-9.27015223,-16.35565531,3.90843547,-3.35987043,25.64592129,-8.85881352,-3.8849867,-57.75328366,-2.24694721,1.80940056
69.215,6.27593002,3.16590848,-9.28591857,-15.66171969,4.01423742,-3.03951816,25.76081843,-8.66650446,-4.12925472,-56.2427262,-2.35678202,1.845076
69.22,5.52745086,3.05977281,-9.31219522,-14.97224648,4.12366582,-2.71365692,25.86254193,-8.48187045,-4.35747812,-54.67955394,-2.46584225,1.87473928
69.225,4.78409314,2.96482964,-9.34901871,-14.28651638,4.2393589,-2.37237141,25.94403832,-8.3031688,-4.56376093,-53.06459174,-2.56690963,1.8946416
69.23,4.05988744,2.88781063,-9.41088937,-13.6065148,4.35251766,-2.03553137,26.0223797,-8.14090915,-4.75185255,-51.40276078,-2.64624745,1.90653955
69.235,3.35327788,2.82343112,-9.46677389,-12.93623423,4.46734512,-1.69988596,26.09099561,-7.9841597,-4.91558276,-49.69254326,-2.71538057,1.91626155
69.24,2.66641945,2.77691923,-9.52930761,-12.27403036,4.57883089,-1.37101644,26.15402851,-7.83979739,-5.05518911,-47.9358145,-2.7613836,1.92199292
69.245,1.99339012,2.74684203,-9.5960692,-11.62244097,4.69099344,-1.04119398,26.20510581,-7.70736196,-5.17180074,-46.13421188,-2.78099512,1.92181884
69.25,1.33868767,2.73667472,-9.66506836,-10.98468998,4.80086388,-0.71486314,26.246487,-7.58746425,-5.25896132,-44.28737567,-2.76953576,1.91833263
69.255,0.69939077,2.74361301,-9.7331871,-10.35415113,4.91163778,-0.39485685,26.27834801,-7.48042076,-5.32347955,-42.39933954,-2.72770985,1.91257341
69.26,0.07949026,2.77177295,-9.78666709,-9.74040429,5.02206156,-0.08290468,26.29627005,-7.38848233,-5.36026916,-40.46474398,-2.66548002,1.91089626
69.265,-0.51763445,2.82036529,-9.84884293,-9.14298158,5.12517333,0.21268142,26.30873597,-7.31400398,-5.37289748,-38.49239975,-2.56086802,1.90692689
69.27,-0.98262103,2.91280303,-9.89782182,-8.57038703,5.15652839,0.35310099,26.43421133,-7.2630158,-5.32033661,-36.50392707,-2.38283847,1.90551073
69.275,-1.65628682,2.98329533,-9.91729812,-8.00465346,5.34036689,0.76156071,26.28949273,-7.22096238,-5.32383387,-34.43042723,-2.28341632,1.90878315
69.28,-2.20883884,3.09985801,-9.95870743,-7.4593416,5.45326586,1.03757644,26.25642924,-7.20261347,-5.25256788,-32.35236307,-2.10348076,1.92036585
69.285,-2.74117282,3.23933785,-9.97829059,-6.93755826,5.57906005,1.28482947,26.20816591,-7.21201459,-5.1750668,-30.24496263,-1.91300962,1.93115959
69.29,-3.25623637,3.39978138,-9.98405828,-6.43665403,5.7126115,1.51111405,26.14961733,-7.24312265,-5.07334424,-28.12051135,-1.70876037,1.94934345
69.295,-3.75218118,3.57833102,-9.95487519,-5.96492302,5.84146118,1.72850814,26.07400173,-7.29819566,-4.95775652,-25.97670507,-1.51743611,1.97792258
69.3,-4.23804033,3.77835917,-9.9149666,-5.51690785,5.98734542,1.93006876,25.98347985,-7.37974659,-4.82994239,-23.83011578,-1.32444222,2.01179435
69.305,-4.64259664,3.99801414,-9.86902363,-5.10219795,6.10406544,2.04990111,25.95476034,-7.47654142,-4.66194985,-21.70005064,-1.1077831,2.03811786
69.31,-5.17332323,4.23297828,-9.77362391,-4.70592249,6.33714838,2.28701967,25.76869293,-7.62133853,-4.55332137,-19.57207935,-0.98437819,2.10237015
69.315,-5.59974688,4.47491786,-9.68290004,-4.347304,6.49194826,2.44734288,25.67001145,-7.76881632,-4.40600696,-17.48074164,-0.82485157,2.15259649
69.32,-6.05417076,4.74640937,-9.54587457,-4.03186011,6.74744357,2.61563117,25.52863931,-7.96582918,-4.27376602,-15.44785093,-0.74729397,2.23174483
69.325,-6.48815359,5.01748039,-9.41546721,-3.74262376,6.99416556,2.7697888,25.4015946,-8.16788069,-4.1440796,-13.47901849,-0.66528501,2.31684767
69.33,-6.90339765,5.2973602,-9.27192732,-3.49727793,7.27642007,2.90638842,25.28879591,-8.38799966,-4.01862954,-11.60034816,-0.61374024,2.41494123
69.335,-7.35426186,5.53159088,-9.13450426,-3.27162648,7.59271922,3.09187325,25.13113021,-8.57828051,-3.93714286,-9.8016033,-0.55453844,2.52050747
69.34,-7.76017793,5.78762534,-8.97520397,-3.1059468,7.93473482,3.25146978,25.02612272,-8.7990389,-3.85339299,-8.14053866,-0.54228717,2.64069204
69.345,-8.15186908,6.02537263,-8.81388793,-2.98690616,8.30786644,3.41414048,24.94081738,-9.0116462,-3.78707495,-6.61349618,-0.54915084,2.76468418
69.35,-8.53235502,6.23919269,-8.65687896,-2.91647735,8.71562199,3.58974334,24.87289734,-9.20820827,-3.73909046,-5.22829236,-0.57486484,2.89302644
69.355,-8.89884345,6.42286007,-8.50851298,-2.89752865,9.15742056,3.77905063,24.82726837,-9.38163669,-3.70814539,-3.99469793,-0.61749575,3.01947993
69.36,-9.2467199,6.56917682,-8.37489848,-2.93407492,9.63027983,3.9775842,24.8083045,-9.52357059,-3.69237912,-2.92019234,-0.67549691,3.1362737
69.365,-9.57650431,6.67373698,-8.25996157,-3.03044993,10.13725981,4.19398963,24.8121258,-9.62948383,-3.69127154,-2.00655727,-0.75133383,3.24062467
69.37,-9.89598265,6.73025103,-8.17235856,-3.18053544,10.67296612,4.46336924,24.83576702,-9.69382143,-3.70338967,-1.25869409,-0.84460041,3.33333102
69.375,-10.19901036,6.74811918,-8.12910293,-3.39653758,11.23039561,4.76232361,24.88500579,-9.71740272,-3.70900638,-0.68216545,-0.95889414,3.41320679
69.38,-10.46359182,6.6994307,-8.07179947,-3.66985646,11.81798435,5.01050466,24.97191435,-9.68726665,-3.74591922,-0.26958846,-1.08253353,3.43397845
69.385,-10.70428054,6.60067219,-8.04490289,-4.02290863,12.42455206,5.28848665,25.08015408,-9.61207973,-3.78194421,-0.02549798,-1.22404619,3.43069938
69.39,-10.93356318,6.455941,-8.10799092,-4.44063481,13.04948303,5.65550442,25.21204886,-9.49037975,-3.81435514,0.04505297,-1.39973429,3.40283283
69.395,-11.13555226,6.25490307,-8.16630082,-4.92275484,13.6758284,5.99612563,25.36815202,-9.32051609,-3.84633468,-0.04116703,-1.58856641,3.33283789
69.4,-11.31269589,6.00033493,-8.2682517,-5.4759238,14.30983167,6.36577846,25.55168249,-9.10491514,-3.87322903,-0.29163759,-1.80266145,3.22166232
69.405,-11.46525862,5.6966918,-8.41288028,-6.10151595,14.93645062,6.75919087,25.76117245,-8.84497048,-3.89371939,-0.69976838,-2.03990395,3.06690624
69.41,-11.59061719,5.34534038,-8.59018375,-6.80183732,15.54865163,7.16554291,25.99492789,-8.54823877,-3.91005436,-1.25847383,-2.30159285,2.86732838
69.415,-11.68846295,4.9471915,-8.80038653,-7.57652497,16.14660721,7.58174245,26.25496387,-8.21373098,-3.91516907,-1.96445141,-2.5882168,2.6233629
69.42,-11.76824443,4.51355587,-9.08985184,-8.41463589,16.69711941,8.04181132,26.54482716,-7.83960973,-3.86977344,-2.81491531,-2.88639851,2.32281926
69.425,-11.7967752,4.03288931,-9.30369448,-9.36080731,17.23607982,8.43324846,26.84106092,-7.46564604,-3.90053269,-3.77614278,-3.23048987,2.00762485
69.43,-11.81169469,3.52810585,-9.62751703,-10.36005416,17.70941842,8.88769009,27.17540395,-7.05035287,-3.83485428,-4.8743421,-3.56976009,1.62302367
69.435,-11.77853803,2.98267506,-9.86972042,-11.46573735,18.15656989,9.27255552,27.50661136,-6.64469965,-3.85194455,-6.06084603,-3.94736482,1.24708888
69.44,-11.71610717,2.41695148,-10.16898606,-12.64391169,18.53648797,9.68848834,27.86326626,-6.21978548,-3.8153365,-7.34848967,-4.32243457,0.81704926
69.445,-11.61723306,1.82639027,-10.4614192,-13.90505965,18.84399025,10.08106648,28.22830512,-5.78967025,-3.77747383,-8.71789015,-4.70077783,0.36951137
69.45,-11.48073281,1.22025178,-10.74753852,-15.25137282,19.07356977,10.4468258,28.59487744,-5.36625768,-3.73550662,-10.14547667,-5.06704272,-0.09097239
69.455,-11.29984407,0.59128161,-11.00479625,-16.68718086,19.22562424,10.77324868,28.95631521,-4.9494299,-3.713428,-11.6234879,-5.4195949,-0.54656179
69.46,-11.07509906,-0.05042592,-11.2363962,-18.20504761,19.28702556,11.0697682,29.31256317,-4.53978884,-3.69437481,-13.12869136,-5.74479341,-1.00825255
69.465,-10.80270869,-0.70684847,-11.42412123,-19.80681859,19.25425504,11.32391678,29.65185754,-4.14703836,-3.70189178,-14.64472157,-6.04175068,-1.45129862
69.47,-10.47923732,-1.37603314,-11.57324078,-21.49037625,19.12110259,11.53045466,29.97415047,-3.76878764,-3.73368557,-16.15926232,-6.29444812,-1.88074193
69.475,-10.10131704,-2.05640146,-11.68170977,-23.25184062,18.87602744,11.68379436,30.2754008,-3.40824454,-3.79138288,-17.65958795,-6.48852335,-2.29456034
69.48,-9.65302715,-2.74493503,-11.72176875,-25.10129099,18.51468206,11.78857368,30.55565165,-3.06013556,-3.84299836,-19.12659038,-6.62546895,-2.68760701
69.485,-9.1456325,-3.44224578,-11.71254918,-27.01944673,18.03631241,11.83096262,30.8109647,-2.73069861,-3.9374736,-20.55738045,-6.69049268,-3.05386598
69.49,-8.56555699,-4.14377671,-11.64340146,-29.00956128,17.44041468,11.81168962,31.04459241,-2.41876632,-4.05416756,-21.94098082,-6.68366488,-3.39246406
69.495,-7.91077763,-4.84654542,-11.5149798,-31.06421928,16.72234384,11.72621191,31.25754646,-2.12497929,-4.19523356,-23.27237194,-6.59643273,-3.70232433
69.5,-7.1943394,-5.55526189,-11.33229705,-33.1728403,15.88335941,11.58284351,31.43397035,-1.84133419,-4.36500603,-24.53887899,-6.43534058,-3.97136827
69.505,-6.39244931,-6.25022157,-11.08916425,-35.33045983,14.925521,11.36695711,31.60161514,-1.57776666,-4.54070117,-25.7493761,-6.17058134,-4.22517219
69.51,-5.52645657,-6.94577437,-10.79384869,-37.52222406,13.85621717,11.09056106,31.73767895,-1.3205035,-4.74542277,-26.88972403,-5.84311571,-4.44060089
69.515,-4.5856367,-7.62357711,-10.44764368,-39.73993946,12.68158975,10.74755054,31.855511,-1.07813413,-4.95888342,-27.96061323,-5.42486756,-4.63443085
69.52,-3.56945288,-8.27343554,-10.0579177,-41.97016373,11.41544595,10.33769735,31.96898086,-0.8537961,-5.17157562,-28.97649407,-4.89735523,-4.81227935
69.525,-2.51723321,-8.92639,-9.63435682,-44.19772512,10.06286055,9.88052448,32.02317251,-0.62065944,-5.40808394,-29.895619,-4.35014623,-4.95614533
69.53,-1.41014661,-9.55455239,-9.1794442,-46.41062624,8.6354242,9.36166021,32.05383453,-0.39408022,-5.65116113,-30.73851752,-3.74923242,-5.0741422
69.535,-0.26733445,-10.15864262,-8.69939402,-48.59618226,7.15882665,8.78921704,32.04394819,-0.16709893,-5.89199181,-31.49760262,-3.10420274,-5.18009604
69.54,0.91240547,-10.73097704,-8.20172587,-50.74174789,5.64417187,8.16560768,32.00449778,0.05592725,-6.1278019,-32.17965893,-2.42366212,-5.26718197
69.545,2.11463831,-11.27256103,-7.69369193,-52.83656886,4.11369069,7.49460109,31.92412656,0.27938122,-6.35573854,-32.77863935,-1.72200662,-5.34447692
69.55,3.33206098,-11.77592282,-7.18105979,-54.87136415,2.58755572,6.78629437,31.804888,0.50367052,-6.56934196,-33.29680207,-1.00673518,-5.41555196
69.555,4.55781431,-12.24199476,-6.66995723,-56.83682551,1.08366223,6.04029246,31.64361056,0.7281323,-6.76714218,-33.73310234,-0.29266939,-5.48189432
69.56,5.78261949,-12.66442136,-6.1693851,-58.72453532,-0.37721062,5.2733151,31.44067557,0.951279,-6.94083924,-34.09025272,0.41660742,-5.54918941
69.565,7.01415725,-13.04161502,-5.67289564,-60.52981375,-1.79471204,4.46160159,31.20235018,1.17209993,-7.09315625,-34.36524489,1.10028141,-5.60403991
69.57,8.23059442,-13.37189658,-5.19986695,-62.24460491,-3.13740619,3.64396361,30.92422491,1.38888085,-7.21763035,-34.56853609,1.76178421,-5.66715159
69.575,9.42706622,-13.65873781,-4.75319869,-63.86639083,-4.39460763,2.82491386,30.60084789,1.60459797,-7.31340113,-34.69445886,2.38611482,-5.73904935
69.58,10.60293339,-13.89609372,-4.33411758,-65.39058294,-5.55934086,2.00221209,30.23930142,1.81395107,-7.37533751,-34.74861196,2.96941469,-5.81817555
69.585,11.73448134,-14.13160542,-3.94844467,-66.820048,-6.60528233,1.23039819,29.81053521,2.04720612,-7.43302656,-34.71622986,3.43944763,-5.88719047
69.59,12.87071913,-14.23914736,-3.59627234,-68.13199973,-7.58472883,0.37697272,29.3978999,2.21711909,-7.40629713,-34.64478237,3.97504646,-6.00066374
69.595,13.95720702,-14.34142764,-3.28468348,-69.34407091,-8.43620778,-0.40767709,28.9245247,2.40398938,-7.37010567,-34.49572234,4.39838104,-6.10356316
69.6,14.99626121,-14.43361617,-3.01179605,-70.45602691,-9.15046207,-1.12794887,28.39806763,2.60302268,-7.31984381,-34.27533476,4.72046232,-6.19912565
69.605,16.01282632,-14.44173809,-2.78443202,-71.45033169,-9.78949491,-1.87542629,27.86694193,2.75895175,-7.21099545,-34.01407857,5.03963029,-6.33023214
69.61,16.98398577,-14.41573701,-2.60461769,-72.33562059,-10.30382432,-2.56016316,27.30242171,2.90359031,-7.07241608,-33.69872881,5.29947256,-6.46636002
69.615,17.91151168,-14.36324174,-2.46726702,-73.10715015,-10.70355415,-3.18556697,26.70012118,3.04055567,-6.90990386,-33.31439574,5.4904941,-6.59750341
69.62,18.80129106,-14.27381365,-2.3721299,-73.78065048,-11.00249721,-3.76288404,26.08508221,3.15616523,-6.71507731,-32.91338585,5.64148996,-6.74192988
69.625,19.64610443,-14.13846044,-2.33513358,-74.32326613,-11.21987867,-4.3105202,25.44590808,3.24206965,-6.48841612,-32.44477518,5.74054197,-6.89946274
69.63,20.44959766,-13.98243936,-2.33282302,-74.76916157,-11.3315508,-4.76962643,24.78846581,3.31445111,-6.24138881,-31.95234254,5.79728718,-7.05234082
69.635,21.21267816,-13.79900188,-2.37251817,-75.10744803,-11.36139951,-5.16585131,24.11557205,3.36356787,-5.97253854,-31.42899069,5.81636133,-7.21318984
69.64,21.93545086,-13.59612935,-2.44819856,-75.34008355,-11.30609986,-5.4753287,23.42647487,3.3944397,-5.69078837,-30.87184494,5.80277217,-7.35951342
69.645,22.61857331,-13.36980659,-2.55887781,-75.46808537,-11.18592392,-5.71707536,22.72765229,3.40187311,-5.39293122,-30.29028375,5.7604074,-7.51074767
69.65,23.26270772,-13.12656956,-2.703677,-75.4959026,-11.00866136,-5.87848343,22.01795352,3.38854679,-5.08557422,-29.68666321,5.6941159,-7.65571698
69.655,23.86883246,-12.86828889,-2.87672205,-75.42287695,-10.78395208,-5.95963242,21.30088036,3.35506866,-4.76708193,-29.06371008,5.60750072,-7.7985743
69.66,24.44090231,-12.6006325,-3.07638383,-75.25379973,-10.52023067,-5.96318324,20.57939602,3.30237044,-4.44822986,-28.42467257,5.51167675,-7.92583649
69.665,24.97711124,-12.32246171,-3.29655626,-74.99039379,-10.2306234,-5.88623555,19.85242085,3.23132329,-4.12668956,-27.7724588,5.40558143,-8.04963882
69.67,25.48040111,-12.03852874,-3.53266726,-74.63664019,-9.92345565,-5.73328029,19.12296216,3.14470191,-3.80855528,-27.11031319,5.29448627,-8.16494805
69.675,25.95342062,-11.75181401,-3.78425026,-74.19466703,-9.61194042,-5.51407106,18.39347831,3.04277004,-3.49568519,-26.44050637,5.18756884,-8.26359621
69.68,26.39618369,-11.46336013,-4.04637568,-73.6680366,-9.30468449,-5.23039761,17.6638695,2.92819811,-3.19056461,-25.76509569,5.08538256,-8.3505826
69.685,26.8085795,-11.17307593,-4.31544348,-73.05871814,-9.0088588,-4.88827706,16.93642167,2.80175336,-2.89576516,-25.0891007,4.99004288,-8.42476407
69.69,27.19292429,-10.88778425,-4.58715358,-72.37056354,-8.73083812,-4.4942055,16.20863689,2.66875748,-2.61466962,-24.40966677,4.9030502,-8.48833213
69.695,27.55213065,-10.60426291,-4.85939306,-71.60609292,-8.48172017,-4.0606253,15.48649623,2.5280689,-2.34855821,-23.73295835,4.82951801,-8.53631794
69.7,27.88182647,-10.32879206,-5.13454506,-70.76684943,-8.26036025,-3.58652728,14.76647592,2.38404036,-2.09539088,-23.05954268,4.77113113,-8.57216222
69.705,28.18773931,-10.05691891,-5.40285479,-69.8561794,-8.07369816,-3.08614177,14.05111844,2.23597351,-1.86175785,-22.38945017,4.72566194,-8.59427599
69.71,28.46608992,-9.79322982,-5.66842693,-68.87668404,-7.91999603,-2.55969131,13.33948523,2.08804851,-1.64204676,-21.72683574,4.69739983,-8.60356282
69.715,28.72018708,-9.53714963,-5.92457049,-67.82857525,-7.80398662,-2.0177242,12.6340406,1.94263066,-1.4357333,-21.07141924,4.68709249,-8.59848485
69.72,28.94864918,-9.2944311,-6.17710769,-66.7138293,-7.72088743,-1.46670629,11.93384332,1.80115901,-1.25580316,-20.42459614,4.69309526,-8.58227197
69.725,29.15632827,-9.05804464,-6.41718727,-65.53452287,-7.67139512,-0.91561159,11.24266119,1.66270869,-1.10050599,-19.78729891,4.71234065,-8.55394342
69.73,29.33590289,-8.83078943,-6.65156563,-64.29284772,-7.65567939,-0.35155478,10.55632241,1.53051546,-0.94449782,-19.162136,4.75535337,-8.51181991
69.735,29.48774813,-8.61618018,-6.87278491,-62.98833389,-7.6507807,0.20818122,9.87118249,1.40738252,-0.8248018,-18.54466263,4.80671422,-8.45951589
69.74,29.61345238,-8.40921935,-7.07983854,-61.62181602,-7.66450453,0.76451631,9.19119464,1.29254257,-0.71742658,-17.9389651,4.87440669,-8.39401557
69.745,29.72120616,-8.21841199,-7.28874737,-60.19332593,-7.71734684,1.31684594,8.53015099,1.18703777,-0.62283085,-17.35182579,4.96357137,-8.32148103
69.75,29.7966706,-8.0334688,-7.47721004,-58.70673511,-7.75913512,1.86509888,7.86469738,1.09283243,-0.54254778,-16.76987198,5.06332169,-8.23333043
69.755,29.85032677,-7.85973737,-7.654194,-57.15862251,-7.80928629,2.4013746,7.20963656,1.01027409,-0.48359453,-16.20248603,5.1743008,-8.13683386
69.76,29.87560922,-7.69328525,-7.81790921,-55.55054574,-7.85524008,2.93390926,6.55906133,0.9377676,-0.43543293,-15.64630036,5.29809991,-8.02802937
69.765,29.86707801,-7.53488119,-7.9669493,-53.8805417,-7.87274494,3.45326549,5.90563603,0.87734506,-0.41890559,-15.09940306,5.43136151,-7.90534649
69.77,29.8443987,-7.39079232,-8.11235222,-52.15129295,-7.92049594,3.97950345,5.27682552,0.83182276,-0.38242901,-14.57193875,5.57909307,-7.77925869
69.775,29.79164854,-7.25003004,-8.23877722,-50.3617797,-7.93502147,4.49607092,4.64825219,0.7964658,-0.37469577,-14.05125391,5.72916575,-7.64292223
69.78,29.7068127,-7.12013162,-8.35500565,-48.51018989,-7.92114575,5.00695516,4.02192713,0.77513403,-0.38252852,-13.54156882,5.88939583,-7.49585945
69.785,29.59666751,-6.99824062,-8.45656827,-46.59942987,-7.88600232,5.51362363,3.40301872,0.76806066,-0.39754844,-13.0407482,6.05609547,-7.3406275
69.79,29.44788548,-6.88869152,-8.55487428,-44.62782935,-7.81368729,6.02148636,2.78002412,0.77401141,-0.43246241,-12.54708929,6.23355368,-7.1728386
69.795,29.27085343,-6.78659923,-8.64104314,-42.59612187,-7.70968536,6.52152991,2.16287271,0.79420595,-0.486308,-12.06298913,6.41531989,-6.9987189
69.8,29.06316368,-6.68800227,-8.70804609,-40.5046749,-7.58572769,7.02934109,1.54976756,0.82702007,-0.53449089,-11.58854605,6.59960257,-6.81450298
69.805,28.83240255,-6.60412908,-8.76056324,-38.36232645,-7.43267329,7.52816149,0.94155255,0.87942241,-0.5863252,-11.11689465,6.78874734,-6.62606198
69.81,28.56754579,-6.53174474,-8.80564967,-36.16464298,-7.2595807,8.03699434,0.33325103,0.94853602,-0.64380344,-10.65448034,6.98031592,-6.43162836
69.815,28.27683648,-6.46480794,-8.82624143,-33.92015686,-7.05917502,8.53983078,-0.27303657,1.03212167,-0.70225737,-10.1981577,7.17183082,-6.23031349
69.82,27.96986547,-6.40844708,-8.82483778,-31.63322547,-6.8451867,9.03059525,-0.86724083,1.13363015,-0.76039272,-9.75177267,7.35997504,-6.03176819
69.825,27.61859451,-6.3854764,-8.84692829,-29.31763439,-6.58132557,9.5066066,-1.49101793,1.26194997,-0.84661071,-9.29263744,7.57780342,-5.81956327
69.83,27.25903841,-6.36774633,-8.83626108,-26.97226221,-6.33372376,9.97704799,-2.09866235,1.40560398,-0.91474477,-8.8478636,7.7840526,-5.61032148
69.835,26.88559692,-6.36414228,-8.79970897,-24.6099153,-6.09584376,10.43947011,-2.70045648,1.56878904,-0.97040649,-8.41607044,7.98352178,-5.40144013
69.84,26.49348625,-6.38555018,-8.76805263,-22.24887599,-5.83853243,10.87272386,-3.31643322,1.75482491,-1.03274303,-7.97906687,8.20361803,-5.19002395
69.845,26.10074055,-6.42521636,-8.72099804,-19.89963794,-5.59592434,11.27909761,-3.92715927,1.96081477,-1.08660253,-7.55132785,8.42643131,-4.98128205
69.85,25.70638684,-6.48467994,-8.66436043,-17.57658552,-5.36963664,11.65819726,-4.53902832,2.18639593,-1.12992053,-7.13096679,8.65539529,-4.77451087
69.855,25.31667607,-6.5631382,-8.60367758,-15.29916649,-5.15327586,12.00214439,-5.15258145,2.42868201,-1.16371761,-6.71718209,8.89869138,-4.56992908
69.86,24.94447643,-6.65845624,-8.53712908,-13.08965431,-4.95183386,12.31042412,-5.76142566,2.685151,-1.18675993,-6.31373215,9.15240612,-4.37073868
69.865,24.59327466,-6.76555004,-8.46645838,-10.96653036,-4.77050152,12.58901662,-6.36808323,2.95184286,-1.20627686,-5.92144153,9.41908341,-4.17849453
69.87,24.27602662,-6.88501452,-8.38876562,-8.95275023,-4.60916629,12.83286388,-6.96546961,3.22825458,-1.21309637,-5.54505055,9.69465493,-3.99650869
69.875,23.99588772,-7.01336028,-8.31403481,-7.06859412,-4.45660838,13.04302276,-7.55625399,3.50889,-1.20797903,-5.18723845,9.99547082,-3.81792813
69.88,23.8342146,-7.17137595,-8.19745347,-5.34519363,-4.35166879,13.19717365,-8.06508329,3.82260967,-1.17124206,-4.87402388,10.30158561,-3.73032026
69.885,23.56919907,-7.25543578,-8.18026645,-3.73036672,-4.18272824,13.34976249,-8.70069195,4.043327,-1.16716634,-4.53958273,10.64644763,-3.48824977
69.89,23.42837452,-7.35295106,-8.1246843,-2.29805185,-4.05964161,13.45440738,-9.25240935,4.28255235,-1.14516693,-4.25714613,11.01162667,-3.32227147
69.895,23.33765856,-7.42727757,-8.08528746,-1.03157608,-3.94984942,13.52286375,-9.78712838,4.49460734,-1.11803942,-4.00570784,11.393832,-3.16501475
69.9,23.29519985,-7.47084944,-8.05955268,0.06410685,-3.8512356,13.55935334,-10.30588077,4.67276716,-1.08953668,-3.7873861,11.80137977,-3.01282769
69.905,23.35117592,-7.49890991,-8.02899522,0.96969093,-3.77059169,13.57742781,-10.75861848,4.83603161,-1.03348484,-3.62364309,12.20195466,-2.99177668
69.91,23.35411983,-7.45216042,-8.07151172,1.72688547,-3.6952494,13.53908909,-11.28696835,4.91087538,-1.03549443,-3.47098321,12.68099661,-2.7265267
69.915,23.45626833,-7.38220909,-8.10340118,2.28946054,-3.63636073,13.49656666,-11.74563788,4.96613116,-1.02448095,-3.37948046,13.16295297,-2.58194645
69.92,23.64378844,-7.27384199,-8.1283264,2.65594282,-3.58519882,13.4656202,-12.1650285,4.98742192,-0.97323664,-3.31135511,13.56516575,-2.62753468
69.925,23.77823127,-7.11482091,-8.24060979,2.88850881,-3.58805191,13.32640005,-12.60470409,4.93028785,-1.0209718,-3.34263962,14.18420068,-2.29744509
69.93,23.99583643,-6.91506892,-8.33467167,2.92733159,-3.58550626,13.21101075,-13.0058561,4.84227901,-1.06280256,-3.40234932,14.73218883,-2.14179778
69.935,24.25369929,-6.68264166,-8.46727604,2.78867155,-3.61567157,13.06450115,-13.38088933,4.70803417,-1.10363641,-3.52098621,15.28276067,-2.00707143
69.94,24.54284712,-6.40953122,-8.6085481,2.48438747,-3.67520373,12.8872914,-13.7335129,4.52512317,-1.17527913,-3.70296533,15.85439337,-1.83982142
69.945,24.86384263,-6.0966021,-8.73384093,2.01671061,-3.75644562,12.67741366,-14.07069673,4.30030646,-1.29760642,-3.93900763,16.43368833,-1.63073501
69.95,25.21371963,-5.77938707,-8.93471172,1.39783037,-3.89064782,12.44489539,-14.37081022,4.03791217,-1.35749558,-4.24705846,17.00031512,-1.51586905
69.955,25.59205208,-5.43123761,-9.11016373,0.62835413,-4.05518968,12.15768061,-14.65030936,3.73813201,-1.48608808,-4.6200226,17.57847989,-1.33081377
69.96,25.9933623,-5.06581395,-9.26933266,-0.28199391,-4.25785792,11.82603314,-14.90221133,3.40689981,-1.64857334,-5.07131747,18.14037972,-1.12611859
69.965,26.4164034,-4.69639194,-9.44405808,-1.32290217,-4.49938216,11.45502882,-15.13376333,3.05273954,-1.81230826,-5.58047296,18.68345047,-0.94953403
69.97,26.85788964,-4.32131623,-9.59109319,-2.48382164,-4.78067938,11.02816632,-15.33414294,2.67572919,-2.00276335,-6.17078588,19.20033093,-0.75350224
69.975,27.31354024,-3.95059125,-9.7261516,-3.75127125,-5.10084718,10.55086858,-15.50708106,2.28116034,-2.20923307,-6.83312416,19.68484779,-0.56087968
69.98,27.77935197,-3.58269887,-9.8255554,-5.11045666,-5.45194311,10.01829211,-15.64841251,1.87440357,-2.43754425,-7.5766012,20.13165923,-0.36277632
69.985,28.25187059,-3.22579196,-9.92095374,-6.55628776,-5.82920251,9.45071678,-15.76526691,1.45846572,-2.6650955,-8.38700104,20.53141509,-0.1843966
69.99,28.72602682,-2.87938345,-9.96941623,-8.06597384,-6.22676115,8.83094236,-15.84485456,1.03697067,-2.91549137,-9.2852645,20.87728847,0.00377456
69.995,29.19789664,-2.54439114,-9.98279399,-9.62588185,-6.63851088,8.16949292,-15.88886694,0.61350958,-3.17771397,-10.26587719,21.1636033,0.19504886
70,29.65708273,-2.2255843,-9.97537377,-11.22421734,-7.03849818,7.50327945,-15.90181895,0.18445922,-3.44323857,-11.32223521,21.38252972,0.36098421
