time,hip_flexion_r,hip_adduction_r,hip_rotation_r,knee_angle_r,ankle_angle_r,subtalar_angle_r,hip_flexion_l,hip_adduction_l,hip_rotation_l,knee_angle_l,ankle_angle_l,subtalar_angle_l
5,46.31954318,-4.78787472,-2.04891297,-31.13392189,4.36425882,-1.49008461,-9.55283853,7.2349928,-11.02152082,-1.07511604,8.47566733,-4.84687407
5.005,45.86955259,-4.81445131,-2.30340476,-29.10367594,4.51873074,-1.12672387,-9.8071796,7.12205179,-10.98175734,-1.28248227,8.53901486,-4.68912729
5.01,45.42300816,-4.84667513,-2.5187714,-27.16869604,4.63341806,-0.79507628,-10.07430754,7.01666421,-10.91620284,-1.46586855,8.58067774,-4.54782115
5.015,44.9698291,-4.88960432,-2.70230254,-25.34520079,4.71704057,-0.49287611,-10.36837318,6.91597121,-10.8245802,-1.62661183,8.60418486,-4.41350085
5.02,44.50689928,-4.953999,-2.86179986,-23.65473551,4.78673626,-0.22681905,-10.68723814,6.82646354,-10.72993858,-1.79638547,8.61535154,-4.2885715
5.025,44.04611141,-5.02767628,-2.99372353,-22.105149,4.84329763,-0.00710916,-11.02709839,6.74031481,-10.62630472,-1.96163021,8.61495872,-4.1730381
5.03,43.59854574,-5.10351702,-3.09544863,-20.70796496,4.89018797,0.15655203,-11.38183451,6.65502327,-10.5155231,-2.122732,8.60016436,-4.06765412
5.035,43.16884019,-5.17839067,-3.17434704,-19.46715584,4.92760029,0.25895204,-11.74541614,6.562862,-10.40230898,-2.28112233,8.56220115,-3.96835455
5.04,42.79894964,-5.25940395,-3.22160107,-18.39290751,4.9521564,0.27753318,-12.08834054,6.47729507,-10.27382683,-2.42275716,8.44366368,-3.85054586
5.045,42.40094531,-5.30645043,-3.26774145,-17.47007684,4.99288244,0.23770294,-12.47662191,6.34953092,-10.14943625,-2.56889157,8.38992369,-3.76974115
5.05,42.04643245,-5.34216169,-3.29676649,-16.71590878,5.02739302,0.1447816,-12.85621714,6.21519,-10.04010835,-2.70843693,8.27636444,-3.67596096
5.055,41.72133487,-5.35322434,-3.31367871,-16.12376223,5.06715941,-0.01308846,-13.23161252,6.05677583,-9.9381418,-2.85432392,8.15159548,-3.58598856
5.06,41.38719139,-5.32707567,-3.32644107,-15.67889155,5.04302614,-0.22226143,-13.63447299,5.86183638,-9.85105757,-3.00712873,8.05703941,-3.50877466
5.065,41.11681585,-5.28479404,-3.34131412,-15.3966747,5.05919494,-0.4969018,-14.00096692,5.64830731,-9.77984029,-3.16342185,7.87433882,-3.40205221
5.07,40.87554552,-5.21384814,-3.36433194,-15.25600251,5.06119797,-0.82047018,-14.35722195,5.40791004,-9.72607719,-3.32913869,7.66605025,-3.28992808
5.075,40.66166532,-5.11106338,-3.39794574,-15.25413338,5.04878366,-1.18737461,-14.70171538,5.1349106,-9.69365805,-3.50939053,7.42372001,-3.16539517
5.08,40.47477546,-4.97872842,-3.44713286,-15.38153538,5.01894716,-1.59034231,-15.0316637,4.8314395,-9.68503146,-3.70669262,7.14591571,-3.0258071
5.085,40.31475474,-4.8145925,-3.51119511,-15.62537389,4.96895865,-2.01622746,-15.3440716,4.49724278,-9.70194632,-3.92076667,6.83189033,-2.87469885
5.09,40.17984719,-4.618434,-3.59574413,-15.97250251,4.9001177,-2.45367581,-15.63434086,4.13226693,-9.74651674,-4.15867242,6.47414554,-2.71371932
5.095,40.05911659,-4.39478146,-3.70225389,-16.41076789,4.80063685,-2.90639268,-15.90573282,3.73727749,-9.81584462,-4.42693762,6.07729156,-2.53952609
5.1,39.95379769,-4.14539507,-3.83262169,-16.92443196,4.67745499,-3.36084608,-16.15333189,3.31353617,-9.9101465,-4.72670415,5.63192197,-2.35408402
5.105,39.85925348,-3.869681,-3.98939706,-17.49688281,4.52696915,-3.8059688,-16.37394435,2.86008967,-10.03497403,-5.06169239,5.13646203,-2.16760141
5.11,39.76847466,-3.57074856,-4.17121024,-18.11707795,4.34842154,-4.24095683,-16.5673114,2.38072135,-10.18206944,-5.43992468,4.59112032,-1.98050904
5.115,39.68613649,-3.24622085,-4.3753938,-18.76664129,4.14999404,-4.637726,-16.72363259,1.87408552,-10.35908404,-5.86093619,3.988202,-1.80964143
5.12,39.59410943,-2.90400502,-4.60575341,-19.42925597,3.92917315,-5.02235487,-16.85132088,1.34185534,-10.55251914,-6.33143948,3.32433107,-1.64516121
5.125,39.48078665,-2.54062932,-4.86387498,-20.08650204,3.67807267,-5.39802449,-16.94985231,0.77959018,-10.76527157,-6.86025944,2.61118025,-1.4991305
5.13,39.3661269,-2.16245952,-5.13845687,-20.73546121,3.42855511,-5.71925446,-17.0018066,0.20312546,-10.99906642,-7.44544426,1.82506364,-1.38401978
5.135,39.23016258,-1.76538333,-5.43274889,-21.35818198,3.16643287,-6.01133385,-17.01528602,-0.40041788,-11.24714225,-8.09424226,0.98199318,-1.30992998
5.14,39.06462276,-1.35458456,-5.74129486,-21.93971825,2.90356144,-6.27816303,-16.9884398,-1.02213484,-11.49491298,-8.8154091,0.06885777,-1.27903723
5.145,38.84527786,-0.93449154,-6.06977134,-22.46882983,2.6392418,-6.54882747,-16.93730939,-1.67270048,-11.72168806,-9.60339424,-0.92244359,-1.30927375
5.15,38.66751135,-0.49239986,-6.38508416,-22.97047217,2.41166784,-6.68113451,-16.79163218,-2.31719892,-12.01865007,-10.4601777,-1.95787491,-1.39315488
5.155,38.40902053,-0.03519028,-6.71090486,-23.38435921,2.1867681,-6.83084658,-16.62166366,-2.99992839,-12.25142412,-11.40280361,-3.07883615,-1.57434598
5.16,38.14209796,0.42405758,-7.04435138,-23.75945749,1.99256799,-6.92802106,-16.39470862,-3.67962491,-12.5128894,-12.4114533,-4.25548856,-1.8217562
5.165,37.82914246,0.8971696,-7.37616168,-24.05780278,1.82212498,-6.99584922,-16.11814785,-4.38094888,-12.7466765,-13.50107245,-5.50036228,-2.17810644
5.17,37.47959448,1.37418997,-7.68921342,-24.29074788,1.69401916,-7.03009124,-15.78939905,-5.08350133,-12.93934122,-14.66590934,-6.81480196,-2.62879983
5.175,37.09952667,1.85055125,-8.00144201,-24.46366949,1.60478779,-7.03213537,-15.40409434,-5.78786772,-13.11331534,-15.90647121,-8.19391952,-3.18763057
5.18,36.68031124,2.30059927,-8.31339714,-24.57557702,1.57256221,-7.01456501,-14.96511422,-6.47497797,-13.25012971,-17.21868632,-9.64202429,-3.8588723
5.185,36.24264642,2.77879666,-8.58468165,-24.62171639,1.56485912,-6.95720279,-14.46064324,-7.17153539,-13.37774372,-18.59903031,-11.10941332,-4.59404951
5.19,35.78345132,3.29102619,-8.81299853,-24.58158575,1.56368764,-6.86598064,-13.88661598,-7.88259143,-13.53039631,-20.04687023,-12.54792364,-5.33830478
5.195,35.27154811,3.72335799,-9.05755292,-24.52670941,1.66305372,-6.79074279,-13.28076641,-8.53786215,-13.53934652,-21.54886413,-14.13391067,-6.30861417
5.2,34.74050476,4.18690081,-9.25766416,-24.39191294,1.76274055,-6.69195959,-12.6054832,-9.2048141,-13.56273788,-23.10929313,-15.66089502,-7.26927892
5.205,34.1812528,4.63861181,-9.42719089,-24.20575972,1.89227954,-6.58656645,-11.87637922,-9.85057915,-13.54526885,-24.71827676,-17.1849876,-8.29453071
5.21,33.60053248,5.13230956,-9.56262258,-23.94036997,1.99279907,-6.47031902,-11.08673889,-10.52458394,-13.54488163,-26.37372185,-18.59885105,-9.26493866
5.215,32.98007087,5.55667592,-9.68771671,-23.65065823,2.16542196,-6.37564863,-10.25534902,-11.13259434,-13.4286102,-28.06200164,-20.07637684,-10.38452414
5.22,32.34251625,5.90554919,-9.77961721,-23.35904835,2.41194682,-6.29816907,-9.37574887,-11.65403857,-13.2244225,-29.7793022,-21.56718802,-11.57725518
5.225,31.68386385,6.28950476,-9.83980116,-22.99141754,2.61645934,-6.21882591,-8.4426933,-12.19510113,-13.02799659,-31.52124776,-22.9108373,-12.69014627
5.23,30.99947654,6.64948377,-9.8699763,-22.57708585,2.82228178,-6.15438498,-7.4649043,-12.69764183,-12.77692065,-33.27704306,-24.16741779,-13.7957291
5.235,30.30588326,7.02849903,-9.89974392,-22.13685555,2.9769704,-6.09597381,-6.44361758,-13.21676604,-12.53321348,-35.06051225,-25.23578585,-14.7890067
5.24,29.58284697,7.32267096,-9.89814231,-21.66056463,3.18375064,-6.07359871,-5.38028838,-13.63132033,-12.1689239,-36.83069601,-26.31324782,-15.87734632
5.245,28.86737021,7.55555614,-9.8759541,-21.21769802,3.41166341,-6.07297772,-4.28110328,-13.9674036,-11.77088473,-38.60478633,-27.3141137,-16.93485964
5.25,28.12601922,7.75720456,-9.81972796,-20.70757477,3.63993411,-6.09038816,-3.14565544,-14.24617012,-11.31907732,-40.35286182,-28.18307508,-17.92909156
5.255,27.37686074,7.94506522,-9.77354652,-20.18637842,3.81594417,-6.12269112,-1.97983251,-14.50251585,-10.84452081,-42.09752273,-28.87820655,-18.83774745
5.26,26.6148972,8.12007035,-9.72859551,-19.64433777,3.9373376,-6.16043298,-0.79053477,-14.73336335,-10.35166513,-43.82775426,-29.397346,-19.64461411
5.265,25.84479587,8.22941164,-9.6807867,-19.07348556,4.08368804,-6.23329689,0.43005836,-14.87217553,-9.79345782,-45.51225425,-29.83363629,-20.43036474
5.27,25.07835421,8.28811581,-9.62397492,-18.52532763,4.21858611,-6.31946547,1.66777899,-14.942057,-9.21934934,-47.17421577,-30.14614331,-21.13867592
5.275,24.31620623,8.30794659,-9.57519922,-17.97323598,4.32603975,-6.41567583,2.92965517,-14.95462906,-8.62039334,-48.79977224,-30.33727852,-21.78700086
5.28,23.55342599,8.28417158,-9.53629603,-17.41491686,4.42046331,-6.52354064,4.20500768,-14.89993204,-7.99801138,-50.37929853,-30.39779472,-22.35721216
5.285,22.77401796,8.22205146,-9.51396884,-16.83152831,4.50470926,-6.6391157,5.47760028,-14.78592227,-7.36754734,-51.89770032,-30.32234205,-22.83737301
5.29,22.02141451,8.12501763,-9.5104527,-16.27131226,4.56012817,-6.76019688,6.77728096,-14.61690173,-6.71842422,-53.38133239,-30.14985259,-23.25740682
5.295,21.28090151,7.98796052,-9.52428998,-15.72493936,4.59965117,-6.88269496,8.08756318,-14.3923438,-6.06614066,-54.81378759,-29.8651631,-23.59578371
5.3,20.54509136,7.81891589,-9.56077931,-15.18036713,4.62996057,-7.00444675,9.39706916,-14.11290823,-5.412945,-56.18722943,-29.47257809,-23.84649336
5.305,19.81718525,7.61606196,-9.61933923,-14.63218652,4.648058,-7.12069488,10.7060186,-13.78047821,-4.77106711,-57.49230671,-28.97325711,-24.00717021
5.31,19.10000481,7.38971709,-9.71096392,-14.09748785,4.66349228,-7.23595743,12.01467257,-13.40914655,-4.13203126,-58.73969182,-28.38774837,-24.07886551
5.315,18.3927459,7.14095524,-9.82049567,-13.5730345,4.67521549,-7.34061914,13.31534761,-12.99526775,-3.50963291,-59.92179411,-27.72118719,-24.05964024
5.32,17.69848419,6.87313941,-9.95704577,-13.06034052,4.68534381,-7.43632075,14.6104144,-12.54669447,-2.90261497,-61.03807351,-26.97608637,-23.94641796
5.325,17.01394968,6.58828368,-10.11828646,-12.56005299,4.69924045,-7.52249507,15.89353566,-12.06686568,-2.31693651,-62.08585363,-26.17067145,-23.74809187
5.33,16.3407003,6.29283861,-10.29953286,-12.07273959,4.71687598,-7.59569393,17.16430317,-11.56256872,-1.75496983,-63.06412722,-25.30734255,-23.4606964
5.335,15.67705694,5.98887634,-10.5002221,-11.59901847,4.74173183,-7.65710664,18.41898834,-11.03820328,-1.22057796,-63.97092168,-24.40206146,-23.09425786
5.34,15.0244237,5.67910856,-10.72012128,-11.13916464,4.77600029,-7.7072405,19.65865402,-10.49745121,-0.71247619,-64.80639035,-23.4620675,-22.64775478
5.345,14.38295783,5.36564656,-10.95478627,-10.69921064,4.81955465,-7.74580166,20.87982357,-9.94513317,-0.23305191,-65.56975285,-22.49818908,-22.13301571
5.35,13.74758097,5.05779681,-11.20039851,-10.26469652,4.87655479,-7.77198644,22.08095072,-9.39044168,0.21309072,-66.2588905,-21.51603903,-21.54900986
5.355,13.12203671,4.75229214,-11.45547594,-9.84858133,4.94595468,-7.78791173,23.26169325,-8.83399923,0.6282287,-66.87484885,-20.52516679,-20.90601582
5.36,12.50285859,4.44968081,-11.71388947,-9.44535966,5.02839343,-7.79571596,24.41824632,-8.27748655,1.00915186,-67.41395368,-19.55005392,-20.22913026
5.365,11.89282669,4.16131998,-11.97830271,-9.05832443,5.12589263,-7.79265885,25.55522129,-7.73339073,1.36297487,-67.88317488,-18.56489824,-19.49364642
5.37,11.29015272,3.87649854,-12.24072161,-8.68477061,5.23646498,-7.78292844,26.66715863,-7.19379005,1.68082591,-68.27332589,-17.6040198,-18.72950963
5.375,10.69252311,3.60174817,-12.50007246,-8.32472249,5.35871151,-7.76737008,27.75335477,-6.66595391,1.96776055,-68.58887925,-16.66868408,-17.95320296
5.38,10.10054186,3.34269556,-12.75450443,-7.97551462,5.49575099,-7.74585032,28.81550578,-6.15809976,2.22440202,-68.82932416,-15.75271321,-17.15829901
5.385,9.51390435,3.09110164,-12.99923819,-7.64275973,5.64236727,-7.71979674,29.85017904,-5.66218035,2.45222398,-68.99505239,-14.8677152,-16.36015649
5.39,8.93120981,2.86023616,-13.23718739,-7.31820498,5.803198,-7.6901595,30.86007501,-5.19333276,2.65447416,-69.08661163,-14.00444354,-15.55727472
5.395,8.35427457,2.63345715,-13.46030629,-7.00725838,5.96933556,-7.65946298,31.84175146,-4.73648843,2.82675995,-69.0997085,-13.18431096,-14.77693107
5.4,7.77957767,2.42503811,-13.67221063,-6.70507221,6.14539101,-7.62566751,32.79616506,-4.30645557,2.97702582,-69.03918233,-12.38892073,-14.00498466
5.405,7.20973818,2.22508428,-13.86984283,-6.41263682,6.32562955,-7.59261868,33.72195902,-3.89546107,3.10166604,-68.90014059,-11.63145331,-13.26338708
5.41,6.64427732,2.03441838,-14.05472183,-6.12909171,6.508638,-7.55982724,34.61923508,-3.5051161,3.20181303,-68.68344002,-10.90647423,-12.55179882
5.415,6.08318896,1.85729483,-14.2226529,-5.85729123,6.69428562,-7.52671967,35.48815663,-3.13565419,3.29132301,-68.39179337,-10.20617541,-11.8709319
5.42,5.52071914,1.69501839,-14.37828854,-5.58562932,6.8833943,-7.493974,36.32625861,-2.7983061,3.3535501,-68.02322874,-9.53530626,-11.22308526
5.425,4.96438925,1.54028299,-14.51981969,-5.32317717,7.06880976,-7.46467672,37.13450556,-2.47777006,3.40328427,-67.57453891,-8.89370237,-10.62486987
5.43,4.41084319,1.39447598,-14.64723402,-5.06759827,7.25247519,-7.43484078,37.91208872,-2.18070723,3.43721846,-67.04952902,-8.27114601,-10.06008118
5.435,3.86280204,1.25528971,-14.76552863,-4.81620366,7.42963442,-7.41140503,38.66132112,-1.90149892,3.45942093,-66.44648959,-7.67788244,-9.55836544
5.44,3.31706658,1.12651523,-14.87181842,-4.56961457,7.60429339,-7.38796671,39.37609435,-1.64641885,3.47029605,-65.76162135,-7.09879446,-9.09268392
5.445,2.7758042,1.00534048,-14.96982347,-4.32795263,7.77255168,-7.36801488,40.0600961,-1.41075413,3.47269498,-64.99887884,-6.53891508,-8.6793516
5.45,2.24074086,0.88951097,-15.06092565,-4.08930808,7.93125463,-7.35215665,40.71148764,-1.19418066,3.46422327,-64.15260273,-5.99954563,-8.32341594
5.455,1.71201471,0.7775408,-15.14410194,-3.85533588,8.08127038,-7.33792145,41.32929631,-0.99532052,3.4469947,-63.22441563,-5.47265896,-8.0138273
5.46,1.18643903,0.67349483,-15.22551334,-3.62417693,8.22700375,-7.32624011,41.91069834,-0.81653308,3.42396821,-62.21446689,-4.95836362,-7.7494771
5.465,0.67077879,0.5702959,-15.30416348,-3.39799534,8.3608635,-7.31789087,42.45851917,-0.65135817,3.39378551,-61.11970637,-4.45756794,-7.53872862
5.47,0.20453009,0.50859017,-15.43581453,-3.17552293,8.47348925,-7.36243123,43.02841936,-0.4928578,3.42550869,-59.95666138,-4.01528328,-7.51236539
5.475,-0.33412123,0.36848257,-15.45057878,-2.96013471,8.6037816,-7.3104023,43.44214365,-0.36740329,3.30828894,-58.67341049,-3.5000476,-7.25504005
5.48,-0.78215687,0.32275728,-15.5892345,-2.74709724,8.70191924,-7.35209337,43.93824235,-0.24566378,3.33532305,-57.34570056,-3.05495437,-7.27433152
5.485,-1.30888892,0.17469375,-15.61090963,-2.54422788,8.81397553,-7.30447902,44.26158356,-0.13750797,3.20624616,-55.88571082,-2.58309724,-7.12730371
5.49,-1.78761934,0.08360704,-15.70303098,-2.34566016,8.90729192,-7.29762344,44.60197614,-0.04492812,3.14741584,-54.36501236,-2.14498351,-7.11414814
5.495,-2.24666841,-0.00655477,-15.79888912,-2.15395205,8.99469817,-7.29709772,44.90707132,0.03728819,3.09075597,-52.76099735,-1.72465104,-7.13364887
5.5,-2.71374985,-0.10621766,-15.89567387,-1.96639587,9.08377687,-7.28819752,45.14532755,0.1021559,3.00035319,-51.07151626,-1.32867024,-7.16129106
5.505,-3.1718748,-0.2033757,-16.00140429,-1.78872357,9.16725704,-7.27653645,45.33492618,0.15570072,2.90877858,-49.30514134,-0.95333569,-7.20654746
5.51,-3.61813168,-0.2921378,-16.1179433,-1.62164125,9.24600613,-7.26403521,45.47816403,0.19471356,2.82011464,-47.46631581,-0.59839202,-7.26204628
5.515,-4.05570242,-0.38854718,-16.22880177,-1.47359862,9.31678387,-7.24228267,45.56516052,0.22732641,2.7266023,-45.55760153,-0.27369054,-7.3117728
5.52,-4.50625525,-0.47746912,-16.35292208,-1.32172951,9.39608136,-7.21099878,45.58749142,0.23603999,2.61145608,-43.59201894,0.01836148,-7.35373925
5.525,-4.95637487,-0.57163891,-16.47478005,-1.18832357,9.47087795,-7.16453028,45.54823341,0.23578905,2.48846081,-41.57410183,0.2740227,-7.37618753
5.53,-5.41569987,-0.65232234,-16.60782525,-1.0546352,9.55210128,-7.10661624,45.45471389,0.21615529,2.36002334,-39.524801,0.49919708,-7.37897079
5.535,-5.88186938,-0.72850398,-16.73791775,-0.9369514,9.63342098,-7.02866181,45.30061822,0.17787355,2.22581464,-37.45309356,0.68308325,-7.34739028
5.54,-6.35962129,-0.79294422,-16.87611363,-0.82795751,9.72091331,-6.93220332,45.095041,0.12604716,2.09503696,-35.37922241,0.84012284,-7.28371482
5.545,-6.83396842,-0.84907755,-17.01308076,-0.73522383,9.80053758,-6.82152233,44.85256491,0.0574252,1.96043072,-33.31862197,0.95797265,-7.18056519
5.55,-7.32926768,-0.90262484,-17.15070968,-0.65493164,9.88533016,-6.6835431,44.55603071,-0.01910904,1.82752277,-31.28647549,1.04687966,-7.03733499
5.555,-7.83477883,-0.94599366,-17.29006917,-0.59385311,9.97409326,-6.52009672,44.22163745,-0.10824956,1.70283203,-29.3042729,1.10860202,-6.85714128
5.56,-8.34710224,-0.98831563,-17.43345367,-0.54664871,10.05825789,-6.33594273,43.86068606,-0.20039238,1.58209183,-27.38700676,1.14181721,-6.64394094
5.565,-8.86554552,-1.02870741,-17.58235986,-0.51501415,10.13444549,-6.13105782,43.48009642,-0.29218662,1.47442365,-25.5526345,1.14299644,-6.40126038
5.57,-9.39216981,-1.07174923,-17.73390393,-0.50763058,10.20378364,-5.8995944,43.07956998,-0.38046031,1.37872385,-23.81551621,1.10986525,-6.13192459
5.575,-9.92831489,-1.11874734,-17.88454953,-0.52476282,10.27147973,-5.63953498,42.66348204,-0.46412345,1.30111411,-22.19261538,1.05974386,-5.85043207
5.58,-10.46873895,-1.17471344,-18.03949533,-0.57121224,10.33196341,-5.35123189,42.24051634,-0.53596417,1.24394642,-20.69605886,0.9931828,-5.56531179
5.585,-11.00814636,-1.24308814,-18.19419397,-0.63926729,10.37767427,-5.04567883,41.82357711,-0.58966549,1.21102422,-19.3363585,0.90844945,-5.28983881
5.59,-11.55200652,-1.3330217,-18.35523447,-0.73187689,10.40871591,-4.71889415,41.40738372,-0.61828535,1.20066546,-18.11982674,0.81203546,-5.03175672
5.595,-12.09120648,-1.44425921,-18.5177468,-0.8555077,10.4172973,-4.37613673,41.00351323,-0.61739243,1.21533831,-17.05366937,0.7006525,-4.79920509
5.6,-12.62675862,-1.58241775,-18.68701067,-1.02195957,10.40904477,-4.01043743,40.60792671,-0.58456935,1.25336597,-16.14500232,0.58832021,-4.60048188
5.605,-13.15788074,-1.75232459,-18.86355963,-1.21759663,10.37617748,-3.63474486,40.2278056,-0.51385041,1.31701516,-15.39502066,0.47203426,-4.44240812
5.61,-13.68050466,-1.95538124,-19.0459885,-1.44944564,10.31067389,-3.25105027,39.86738207,-0.40335423,1.40069285,-14.80681631,0.34627491,-4.3267551
5.615,-14.19435174,-2.19397705,-19.23438036,-1.72236473,10.21513872,-2.86062978,39.52459221,-0.25057693,1.50292965,-14.37784255,0.21669902,-4.25716674
5.62,-14.69804272,-2.47108152,-19.43174473,-2.03942859,10.07880524,-2.46227164,39.20068969,-0.05530158,1.61489189,-14.10819146,0.07746613,-4.23342945
5.625,-15.19099554,-2.78704188,-19.63778515,-2.39704124,9.90137961,-2.06555826,38.89569838,0.18497318,1.73269618,-13.98747134,-0.06786737,-4.25603274
5.63,-15.67267781,-3.14463931,-19.84979226,-2.79869124,9.67361569,-1.66689389,38.61127748,0.47062398,1.85109127,-14.01883402,-0.21765215,-4.32508825
5.635,-16.13673987,-3.54135681,-20.06658211,-3.24556248,9.39252295,-1.28177381,38.35073391,0.7987027,1.96512459,-14.19252564,-0.36921493,-4.43534196
5.64,-16.58406385,-3.97646949,-20.28790075,-3.74000813,9.05877276,-0.91131363,38.11070165,1.16744772,2.06922555,-14.50025922,-0.52321985,-4.58326117
5.645,-17.01123153,-4.44973552,-20.51297902,-4.2831166,8.66496521,-0.56113174,37.89127607,1.57520732,2.15568174,-14.93179099,-0.67889411,-4.76351391
5.65,-17.42385098,-4.96006349,-20.74210828,-4.87932595,8.21905767,-0.22512062,37.68048842,2.01832689,2.22460001,-15.47278973,-0.84124388,-4.9766172
5.655,-17.80645159,-5.5013636,-20.96335823,-5.52975647,7.70856227,0.07748338,37.4894264,2.48691012,2.26969254,-16.11365312,-0.99959181,-5.20958323
5.66,-18.17017006,-6.07879437,-21.16903558,-6.23977608,7.13871912,0.36388499,37.29241036,2.98353152,2.30352672,-16.82426438,-1.15386688,-5.47354306
5.665,-18.51369639,-6.67976862,-21.37865949,-7.00347176,6.5031091,0.62358793,37.10130748,3.488096,2.27917084,-17.62050723,-1.29510886,-5.77687247
5.67,-18.75088678,-7.2927804,-21.57974605,-7.82270798,5.77304871,0.74220183,36.9934633,3.99894753,2.21216528,-18.47918691,-1.444695,-5.98648916
5.675,-19.01243239,-7.96129239,-21.76588986,-8.71397117,5.00266263,0.86226591,36.80110638,4.55009869,2.14193331,-19.33058785,-1.61619359,-6.28348064
5.68,-19.23620067,-8.64194018,-21.91093096,-9.6644355,4.1618825,0.94891484,36.60039677,5.07924423,2.0232978,-20.21479697,-1.7339109,-6.62103599
5.685,-19.34681576,-9.33709987,-22.05451707,-10.68097854,3.24266951,0.91769885,36.46027654,5.61644114,1.88344985,-21.09915655,-1.85448045,-6.85533173
5.69,-19.42601384,-10.05833624,-22.16393596,-11.76124672,2.25668145,0.82055443,36.28249597,6.14687229,1.70108546,-21.9653498,-1.94886289,-7.13333951
5.695,-19.44605525,-10.80086948,-22.23642848,-12.90651733,1.20983958,0.64059671,36.08741489,6.67171868,1.48957038,-22.79700717,-2.01873981,-7.41521899
5.7,-19.38461895,-11.56003111,-22.28359269,-14.11842197,0.10173089,0.38873151,35.89359546,7.18517073,1.25762155,-23.59012581,-2.05232083,-7.66855458
5.705,-19.25388138,-12.33932882,-22.27747244,-15.39871338,-1.06182172,0.02597963,35.66850822,7.68697297,1.00361737,-24.31496374,-2.05832317,-7.92635944
5.71,-19.03896649,-13.13547789,-22.24206264,-16.74173519,-2.2743097,-0.41279093,35.4336063,8.17545967,0.72465985,-24.97775312,-2.0212568,-8.16258162
5.715,-18.74230684,-13.94850391,-22.12285831,-18.14668384,-3.53667537,-0.97497845,35.17043947,8.65016463,0.43868143,-25.56059318,-1.9495843,-8.3927341
5.72,-18.35509753,-14.77355464,-21.96384317,-19.60858382,-4.83077982,-1.60920681,34.8915712,9.10954748,0.13687552,-26.0652178,-1.83231475,-8.5963459
5.725,-17.86844922,-15.58830827,-21.69803661,-21.13623574,-6.15476441,-2.38979335,34.58066189,9.51636191,-0.18476275,-26.48434867,-1.63742889,-8.80600275
5.73,-17.29104969,-16.44747356,-21.47102499,-22.70731977,-7.47904014,-3.11834674,34.25981513,9.9696423,-0.48798683,-26.78931765,-1.46216482,-8.93361198
5.735,-16.606835,-17.26908055,-21.05918489,-24.33433815,-8.81903057,-4.04008956,33.90915262,10.33656772,-0.81805279,-27.03534649,-1.17374364,-9.0906011
5.74,-15.82831712,-18.10677603,-20.631881,-26.00262008,-10.13880293,-4.946625,33.53620684,10.7156538,-1.13796064,-27.16999304,-0.87947273,-9.19520979
5.745,-14.95535079,-18.94480579,-20.13791337,-27.70848783,-11.43147068,-5.88510886,33.13482169,11.08006934,-1.45695079,-27.20773499,-0.55988029,-9.27207102
5.75,-13.98867971,-19.76939047,-19.56606456,-29.44668141,-12.68065246,-6.83985825,32.70300974,11.42371567,-1.77385721,-27.1498656,-0.20783345,-9.32805526
5.755,-12.92343593,-20.56771543,-18.9154115,-31.20944935,-13.89168713,-7.80716865,32.24884841,11.74062656,-2.08415755,-27.00330817,0.16643812,-9.35156635
5.76,-11.78119684,-21.349994,-18.19146622,-32.98994831,-15.01556788,-8.75507639,31.75127219,12.04437362,-2.38887798,-26.7589592,0.55508654,-9.36422775
5.765,-10.5821108,-22.13840495,-17.45330173,-34.77917343,-16.07058248,-9.63247869,31.21276053,12.36495193,-2.69479156,-26.42542858,0.89414471,-9.34523801
5.77,-9.27086118,-22.83446071,-16.55981409,-36.57307852,-17.05513327,-10.54220274,30.65412656,12.61042206,-2.99161382,-26.0129828,1.29236653,-9.31594803
5.775,-7.86072942,-23.41562155,-15.5698475,-38.3576172,-17.94443859,-11.42635537,30.09197531,12.78247043,-3.24816478,-25.54834368,1.75289291,-9.25644239
5.78,-6.45554524,-24.03720666,-14.60005851,-40.13075396,-18.72978526,-12.18935214,29.44336641,13.0145767,-3.52894209,-24.97800796,2.07170032,-9.18674331
5.785,-4.96011748,-24.52800024,-13.521873,-41.88229365,-19.42049625,-12.92393264,28.78889176,13.16197999,-3.783011,-24.36141422,2.43643251,-9.10458157
5.79,-3.42363976,-24.93453895,-12.40248267,-43.60331224,-20.01062548,-13.5844357,28.10544919,13.27643985,-4.02381312,-23.69185064,2.78813711,-9.00520387
5.795,-1.82873529,-25.21381298,-11.24672968,-45.28533215,-20.49989659,-14.16867171,27.42402365,13.32667646,-4.22895179,-22.98670618,3.16547294,-8.86948319
5.8,-0.28311816,-25.4731518,-10.09182492,-46.9253187,-20.87375547,-14.66395332,26.63962809,13.39772449,-4.45509447,-22.20689653,3.39106665,-8.76372482
5.805,1.30675805,-25.59228179,-8.90827105,-48.5163948,-21.15333216,-15.08119077,25.86303453,13.3966467,-4.65659596,-21.40414484,3.63858308,-8.63492926
5.81,2.89044444,-25.61226307,-7.73831651,-50.05360083,-21.33307406,-15.41205437,25.06208222,13.35642975,-4.84436261,-20.5769021,3.85139109,-8.49287798
5.815,4.46201871,-25.52983101,-6.58371414,-51.53208905,-21.41723348,-15.65809184,24.23996892,13.27581767,-5.02406091,-19.72600817,4.02758099,-8.3402622
5.82,6.0097284,-25.35118786,-5.46079595,-52.95065172,-21.40940176,-15.81874292,23.40006106,13.15561924,-5.19719652,-18.86693701,4.16282278,-8.17967919
5.825,7.5153594,-25.07196499,-4.38465767,-54.29260537,-21.31154588,-15.89598653,22.53318536,12.99220473,-5.3690341,-17.9835469,4.25245457,-8.0181261
5.83,8.99433353,-24.70893721,-3.36012258,-55.58492705,-21.13450324,-15.8864573,21.67461493,12.79616821,-5.53165764,-17.12828303,4.31420941,-7.83910018
5.835,10.4213654,-24.25998246,-2.40330147,-56.80918095,-20.88132054,-15.79726746,20.80832195,12.56341559,-5.68550423,-16.28770445,4.34192985,-7.65462962
5.84,11.80518429,-23.74862954,-1.5268438,-57.94183183,-20.55028076,-15.61836058,19.93516644,12.30422562,-5.85890475,-15.41932383,4.35802017,-7.44676996
5.845,13.11860486,-23.16020789,-0.73257397,-59.00926024,-20.16109202,-15.37623153,19.05822799,12.00870074,-6.01355591,-14.59223637,4.32928568,-7.2497393
5.85,14.38395671,-22.52325313,-0.02012736,-60.00504675,-19.70893883,-15.05456507,18.19157743,11.69123466,-6.17416502,-13.78959617,4.28022173,-7.03887929
5.855,15.58869972,-21.84362935,0.6018409,-60.92629303,-19.20439053,-14.66562487,17.33122558,11.35424868,-6.33257604,-13.01414058,4.21436524,-6.82174179
5.86,16.73194068,-21.12959338,1.13001642,-61.77138233,-18.65650002,-14.21838,16.4795825,10.999548,-6.48507004,-12.27059323,4.13277469,-6.60441624
5.865,17.81767708,-20.39581397,1.56865749,-62.54193613,-18.06751747,-13.71338066,15.63890315,10.63483629,-6.63393367,-11.55966461,4.0420031,-6.38349888
5.87,18.84267712,-19.6488271,1.91273135,-63.23630125,-17.45145502,-13.16902393,14.80923651,10.2611158,-6.77301006,-10.88288303,3.94358062,-6.1680905
5.875,19.81084232,-18.89849988,2.16588965,-63.8549564,-16.81525241,-12.59500433,13.99281718,9.88234173,-6.89916394,-10.24111383,3.84057986,-5.96024123
5.88,20.72654232,-18.16078535,2.34495875,-64.40504929,-16.14648387,-11.97105605,13.18830544,9.51089802,-7.02451399,-9.63832532,3.74142774,-5.7510151
5.885,21.58789788,-17.4304944,2.43355239,-64.87511819,-15.48358304,-11.35805224,12.39846297,9.13661496,-7.12300819,-9.06845607,3.64161219,-5.562638
5.89,22.40103213,-16.72600267,2.45328445,-65.27913092,-14.80393648,-10.72091979,11.61947572,8.77440724,-7.2105354,-8.53455093,3.54932297,-5.38210964
5.895,23.16492131,-16.04919995,2.40355574,-65.612736,-14.1199263,-10.07913867,10.85157526,8.42326952,-7.27813304,-8.03532405,3.46717066,-5.21644286
5.9,23.8838846,-15.40411714,2.29128036,-65.87710238,-13.43957042,-9.45095156,10.09427422,8.08522143,-7.32512662,-7.56751427,3.39488698,-5.06968805
5.905,24.55966893,-14.79641342,2.12430334,-66.075437,-12.76297673,-8.83748802,9.34550775,7.7642934,-7.34967548,-7.13075984,3.33582566,-4.94241435
5.91,25.19459319,-14.22718707,1.90868066,-66.20791094,-12.09313059,-8.24841927,8.60480115,7.46079333,-7.35321454,-6.72250514,3.29090986,-4.83734238
5.915,25.79135684,-13.6995031,1.6478875,-66.27594299,-11.43548781,-7.69341205,7.87142859,7.17640774,-7.32733351,-6.34036163,3.26205373,-4.75395266
5.92,26.35177195,-13.21252538,1.35183043,-66.28286239,-10.78847366,-7.17768405,7.1435007,6.91120364,-7.27803933,-5.9843554,3.24834313,-4.69326289
5.925,26.87650897,-12.76998819,1.02783458,-66.22909079,-10.15175513,-6.69749188,6.41729091,6.66928344,-7.20646133,-5.64964131,3.25355745,-4.65700493
5.93,27.37157502,-12.36516651,0.68172617,-66.11456375,-9.52983242,-6.27238761,5.69788897,6.44569882,-7.11008665,-5.3364148,3.27451879,-4.6427088
5.935,27.83773486,-12.0031945,0.32072993,-65.9419665,-8.92311234,-5.89724583,4.97975828,6.24609742,-6.99655121,-5.03969804,3.31400122,-4.65300226
5.94,28.28023442,-11.66932415,-0.04434643,-65.71217524,-8.32835967,-5.58185063,4.27008967,6.06190546,-6.84461451,-4.76508565,3.36839177,-4.67581245
5.945,28.68843589,-11.38890178,-0.43455012,-65.42129958,-7.74866167,-5.30906246,3.55273605,5.90354169,-6.68965287,-4.49691558,3.44476079,-4.72514281
5.95,29.07942653,-11.13716798,-0.81421071,-65.07557725,-7.18695967,-5.0979818,2.84061951,5.76568243,-6.52306228,-4.2423359,3.53646652,-4.79502372
5.955,29.4513352,-10.91188269,-1.17782066,-64.67524753,-6.64535078,-4.93961738,2.12806974,5.64756212,-6.34523003,-3.99832647,3.64484763,-4.88761556
5.96,29.80846131,-10.72112597,-1.55245744,-64.21425328,-6.11251219,-4.84854445,1.42769982,5.54457951,-6.15802328,-3.7654633,3.76829428,-4.98295763
5.965,30.15276636,-10.54582634,-1.89450929,-63.69843853,-5.59946619,-4.80811938,0.72872812,5.4591805,-5.96186082,-3.5401973,3.9052461,-5.09329553
5.97,30.48887319,-10.39680219,-2.22874132,-63.12978236,-5.10004732,-4.82229669,0.03792784,5.3897334,-5.77090134,-3.32087094,4.05775496,-5.21267504
5.975,30.80608163,-10.25972189,-2.53997107,-62.49715242,-4.62180963,-4.87747448,-0.65133923,5.33131401,-5.56822695,-3.10914957,4.22004137,-5.33964073
5.98,31.12285827,-10.1313898,-2.81919027,-61.80960513,-4.16205513,-4.97912238,-1.32824363,5.28535971,-5.3715796,-2.90229452,4.39359019,-5.47197475
5.985,31.43975896,-10.01367776,-3.07589826,-61.06386386,-3.71698794,-5.12290502,-1.98957644,5.25051726,-5.18738638,-2.70005557,4.57906155,-5.60408508
5.99,31.7487797,-9.90338851,-3.30983414,-60.25573113,-3.28932882,-5.29963927,-2.64003599,5.22395203,-5.01370955,-2.50422401,4.77311587,-5.73720817
5.995,32.06532907,-9.8024546,-3.51995218,-59.38728634,-2.87030738,-5.50792448,-3.26491163,5.20891634,-4.86171759,-2.31683973,4.97756645,-5.86321249
6,32.37522435,-9.69214929,-3.70249498,-58.45690195,-2.4795849,-5.73146393,-3.87922751,5.19135622,-4.715558,-2.12879814,5.18506205,-5.98558659
6.005,32.68509896,-9.5779372,-3.85443532,-57.46135014,-2.09702152,-5.97289502,-4.4711469,5.17843061,-4.58875007,-1.95355725,5.40021456,-6.10377019
6.01,33.08548636,-9.46008794,-3.92143777,-56.42366342,-1.67879264,-6.19642677,-4.96611245,5.19851939,-4.53206328,-1.79838713,5.63848967,-6.2136841
6.015,33.31602984,-9.33476294,-4.08909346,-55.27509498,-1.38124101,-6.4608227,-5.57364932,5.15644522,-4.40339656,-1.62375086,5.84441584,-6.30993591
6.02,33.70876979,-9.20862267,-4.11378187,-54.10496123,-0.99457087,-6.66161404,-6.02388231,5.18087741,-4.37885198,-1.48401261,6.07693304,-6.41129011
6.025,34.04195821,-9.06325308,-4.16747303,-52.84746095,-0.6420287,-6.87073568,-6.48600947,5.16900173,-4.34568394,-1.35164967,6.3039562,-6.50298977
6.03,34.3570071,-8.90754472,-4.20791347,-51.51854158,-0.32500571,-7.05717464,-6.93364325,5.15170658,-4.3293876,-1.22462938,6.52554912,-6.58426251
6.035,34.66574057,-8.74081267,-4.23146608,-50.1223563,-0.02863063,-7.21257081,-7.35237667,5.12847918,-4.33460134,-1.1096358,6.74168181,-6.65455363
6.04,34.96750606,-8.56476124,-4.23739031,-48.6583231,0.25482188,-7.33088994,-7.73874632,5.10335266,-4.36220174,-1.01167972,6.95427135,-6.71556075
6.045,35.25856741,-8.36707889,-4.22848501,-47.12554599,0.53164214,-7.40884283,-8.09502467,5.06329474,-4.41071727,-0.92439867,7.16744944,-6.76752732
6.05,35.48467408,-8.14931912,-4.24250578,-45.50927484,0.74508156,-7.42993637,-8.45947714,4.98792753,-4.462957,-0.85213959,7.38731942,-6.73874719
6.055,35.7574501,-7.93520619,-4.19830949,-43.8519142,1.00962449,-7.39273994,-8.73870566,4.94064444,-4.55713377,-0.81753774,7.58946632,-6.75961866
6.06,36.03105425,-7.72191103,-4.11836628,-42.15055573,1.2746111,-7.32165898,-8.99035923,4.91038289,-4.67481918,-0.78257252,7.78749399,-6.8197345
6.065,36.26873562,-7.49275261,-4.05922488,-40.38266865,1.50612087,-7.17367541,-9.21553312,4.85079003,-4.79404359,-0.77518147,7.97235145,-6.85409224
6.07,36.47711539,-7.25969538,-3.99090464,-38.56937332,1.72000539,-6.95856855,-9.42205778,4.784509,-4.92267618,-0.78901273,8.15313781,-6.87143385
6.075,36.59499791,-7.04380285,-3.96076441,-36.71842647,1.95788421,-6.53153039,-9.66358024,4.69779324,-5.05828299,-0.82472512,8.38571399,-6.71670773
6.08,36.77032452,-6.8243973,-3.87580293,-34.85088729,2.13437985,-6.21249242,-9.81821346,4.63251156,-5.18979018,-0.87513678,8.52973024,-6.73245194
6.085,36.88658089,-6.62177722,-3.7899102,-32.97586036,2.34036181,-5.75332908,-9.98668722,4.57036575,-5.33919497,-0.95831276,8.70254069,-6.69881239
6.09,36.98248653,-6.42430949,-3.68364588,-31.10675509,2.53488924,-5.25089442,-10.15616469,4.51267275,-5.47960211,-1.03425065,8.86433441,-6.66393264
6.095,37.07885374,-6.23447273,-3.56857966,-29.24592307,2.66444444,-4.78966561,-10.28632815,4.45148435,-5.60316271,-1.13482477,8.97171417,-6.66886273
6.1,37.16065043,-6.04572747,-3.38292502,-27.42920882,2.77909635,-4.36210311,-10.42002542,4.41986953,-5.77982477,-1.25323213,9.09334703,-6.72245595
6.105,37.1619889,-5.91524699,-3.32211584,-25.6473622,2.96370516,-3.64901804,-10.58633058,4.35292033,-5.84511949,-1.39544133,9.20477931,-6.62810462
6.11,37.17701309,-5.7736373,-3.16721867,-23.93560325,3.09653547,-3.07388208,-10.74112626,4.31561842,-5.96876072,-1.5471182,9.29870993,-6.60722736
6.115,37.20705143,-5.63194304,-2.92826578,-22.30768907,3.17436321,-2.63945952,-10.8835613,4.30667697,-6.11722217,-1.71107244,9.39050648,-6.65529549
6.12,37.15631039,-5.54258375,-2.84030938,-20.75943795,3.355313,-1.92732715,-11.07327141,4.25255814,-6.15716479,-1.8968422,9.45554338,-6.57039017
6.125,37.13602662,-5.43717706,-2.64312122,-19.31830554,3.47125939,-1.41351326,-11.24739136,4.22609408,-6.24880217,-2.08758503,9.50546865,-6.55903196
6.13,37.10076131,-5.34215577,-2.44618127,-17.98754855,3.59674281,-0.92550475,-11.43477493,4.19711287,-6.31700021,-2.29274193,9.54546356,-6.54640595
6.135,37.0986737,-5.23901071,-2.17648662,-16.78375856,3.687898,-0.60966843,-11.60441421,4.1866184,-6.40100291,-2.50673871,9.57706072,-6.58006549
6.14,37.01686506,-5.15961795,-2.02835631,-15.69438759,3.85635138,-0.12320265,-11.83611903,4.1282114,-6.41632812,-2.73538221,9.57223342,-6.52940834
6.145,36.97718853,-5.0632387,-1.80182728,-14.74514478,3.99919009,0.17687056,-12.04703015,4.08536223,-6.46151553,-2.96862981,9.55762647,-6.52045718
6.15,36.97054089,-4.96211992,-1.53852526,-13.93914762,4.14346266,0.3504802,-12.24065874,4.04850667,-6.50478779,-3.21013218,9.54181443,-6.53741432
6.155,36.92639923,-4.84832306,-1.32633185,-13.26029027,4.31722029,0.53168015,-12.47290157,3.97789101,-6.53334535,-3.45748827,9.48570208,-6.52334544
6.16,36.88901543,-4.73416489,-1.11055047,-12.72316378,4.49712607,0.64370976,-12.7081393,3.90465991,-6.54482181,-3.71763304,9.42095544,-6.50237354
6.165,36.81322941,-4.59948887,-0.91612376,-12.31408406,4.66611051,0.72279433,-12.9894669,3.80698046,-6.55158462,-3.9823924,9.33630098,-6.45046188
6.17,36.82743532,-4.4598066,-0.70577034,-12.04972271,4.86777753,0.70271183,-13.19508018,3.71312463,-6.55459936,-4.26079249,9.23697415,-6.43068221
6.175,36.81497522,-4.30234652,-0.52053468,-11.89752666,5.07432901,0.63720385,-13.43061744,3.59821913,-6.5678632,-4.54078494,9.10406,-6.39419346
6.18,36.71387772,-4.09889417,-0.33830718,-11.86527567,5.20578132,0.47094202,-13.77176425,3.45173297,-6.61145866,-4.80956509,8.95854275,-6.30027722
6.185,36.73795074,-3.92449297,-0.19821645,-11.95537564,5.41650069,0.35395991,-13.97916927,3.31209257,-6.61249205,-5.12172304,8.78424951,-6.24339081
6.19,36.6625713,-3.6804411,-0.03623341,-12.14735538,5.52817688,0.05670484,-14.31628523,3.13821534,-6.6826389,-5.39058826,8.5914384,-6.11785192
6.195,36.63880041,-3.44785153,0.08592208,-12.43924185,5.65458653,-0.21476458,-14.59279071,2.96142595,-6.73698499,-5.69348012,8.3753725,-5.98627882
6.2,36.61960878,-3.2027654,0.1859576,-12.82086251,5.76161009,-0.50332432,-14.86745952,2.77177478,-6.80349592,-6.00322961,8.12389879,-5.84939939
6.205,36.5986825,-2.94506639,0.26523546,-13.28102132,5.83234628,-0.82188307,-15.14269931,2.56934756,-6.8829548,-6.32269716,7.84189142,-5.68893804
6.21,36.58096817,-2.67763098,0.31910244,-13.81027978,5.8721883,-1.15062252,-15.40947564,2.35609801,-6.97998855,-6.65723696,7.52347615,-5.51425805
6.215,36.59919063,-2.43412347,0.32013368,-14.40945766,5.94194838,-1.38906489,-15.63112352,2.13754043,-7.03288779,-7.00901,7.13539779,-5.35148327
6.22,36.53592651,-2.11387403,0.36663664,-15.02681753,5.81991382,-1.84886321,-15.9229533,1.89224689,-7.22927629,-7.3738962,6.77401817,-5.12317518
6.225,36.54946463,-1.8637386,0.3232888,-15.70816629,5.81866069,-2.08150204,-16.11938821,1.65671978,-7.31049914,-7.76759429,6.2974159,-4.92927199
6.23,36.48056116,-1.5211046,0.32987876,-16.38070774,5.60123168,-2.56201839,-16.37418158,1.37559796,-7.56123979,-8.18248443,5.85610696,-4.68013091
6.235,36.44861179,-1.21812648,0.28260881,-17.08241367,5.43869652,-2.89960526,-16.56478485,1.0970018,-7.75984128,-8.63054649,5.32403148,-4.44944221
6.24,36.43561779,-0.95767338,0.18583762,-17.80456656,5.32010167,-3.11278379,-16.7024965,0.82178625,-7.9069749,-9.11594414,4.69564218,-4.23876027
6.245,36.34921473,-0.5851949,0.1353311,-18.47753655,4.98644186,-3.56093817,-16.87353212,0.48507704,-8.22547593,-9.63408569,4.10128786,-4.03222716
6.25,36.2664444,-0.27449995,0.04477533,-19.15034239,4.71456663,-3.9382534,-16.98824579,0.15529871,-8.46404943,-10.21064546,3.40152553,-3.79009423
6.255,36.19942459,0.05929617,-0.07150013,-19.81006776,4.43628235,-4.18612871,-17.05226866,-0.19826134,-8.75974295,-10.8191108,2.63814049,-3.63220801
6.26,36.10556311,0.39203107,-0.20078639,-20.43695045,4.14075128,-4.45285098,-17.08107987,-0.57279066,-9.05686991,-11.49154701,1.80790337,-3.48803983
6.265,35.99762536,0.72856082,-0.34572704,-21.03131473,3.84350479,-4.68930755,-17.06674541,-0.96966363,-9.36847041,-12.21566373,0.90769957,-3.37409085
6.27,35.86702048,1.07102249,-0.50154974,-21.58448392,3.5453368,-4.91165716,-17.00835668,-1.39157637,-9.686116,-13.00492082,-0.05987969,-3.30260128
6.275,35.71766142,1.41713778,-0.67160395,-22.09797481,3.26046951,-5.10122452,-16.90169541,-1.83741117,-10.00920225,-13.85759035,-1.09611902,-3.27995411
6.28,35.54786118,1.76359506,-0.85642877,-22.56875748,2.99765619,-5.25521139,-16.74472041,-2.30607746,-10.33197892,-14.77611698,-2.20206631,-3.31072764
6.285,35.35366207,2.11606443,-1.05602536,-22.9911802,2.7568149,-5.37875428,-16.53571719,-2.80309895,-10.64662947,-15.76455907,-3.38275914,-3.41239315
6.29,35.12461555,2.46770952,-1.25747629,-23.36148679,2.54572017,-5.4795038,-16.27740989,-3.32394615,-10.9090539,-16.82298728,-4.64260692,-3.61475577
6.295,34.88315514,2.80792595,-1.48731541,-23.69725036,2.38435697,-5.5204694,-15.96002077,-3.85992793,-11.17857704,-17.94644122,-5.96135536,-3.86422252
6.3,34.62107643,3.16114098,-1.73079038,-23.97851297,2.25895582,-5.50790203,-15.5810242,-4.42464622,-11.44764709,-19.13985045,-7.32806875,-4.16166675
6.305,34.31237461,3.45520832,-2.01549215,-24.22394891,2.2044876,-5.48507191,-15.1567477,-4.97843103,-11.58881588,-20.40008616,-8.81107443,-4.65032759
6.31,33.99534854,3.80101582,-2.27269505,-24.39885145,2.16710863,-5.38612015,-14.65742879,-5.57937372,-11.78225597,-21.72493762,-10.26018552,-5.07046608
6.315,33.64615813,4.08096484,-2.57755724,-24.56510379,2.21362541,-5.26855523,-14.11304138,-6.15407639,-11.85539845,-23.10554243,-11.81229406,-5.64638875
6.32,33.28805354,4.42661957,-2.87458202,-24.66654337,2.24188975,-5.10937709,-13.50180941,-6.79208319,-11.99053722,-24.5420542,-13.28931106,-6.12897775
6.325,32.86382474,4.66508755,-3.18704872,-24.7064908,2.39264013,-4.92141964,-12.8348317,-7.35968057,-11.89913684,-26.03522803,-14.87386261,-6.83316605
6.33,32.44211846,4.91938817,-3.51462002,-24.73320314,2.5564602,-4.70115619,-12.11041961,-7.94370826,-11.82358696,-27.56893723,-16.41941334,-7.49303262
6.335,31.98407093,5.21164077,-3.82521087,-24.67063765,2.70091747,-4.47081386,-11.32843304,-8.56292799,-11.73107826,-29.14342404,-17.86691977,-8.07673405
6.34,31.50187487,5.38580307,-4.18024253,-24.62116615,2.96597223,-4.21198353,-10.49563133,-9.08307703,-11.46600585,-30.74944844,-19.37568918,-8.80903763
6.345,30.99886844,5.64605485,-4.51962371,-24.49084778,3.14640403,-3.95933591,-9.61269767,-9.67345009,-11.25549036,-32.38391332,-20.7149512,-9.37027899
6.35,30.4612763,5.76214386,-4.85519892,-24.34150402,3.47766284,-3.66389553,-8.67548715,-10.11134097,-10.82266703,-34.02524069,-22.10301245,-10.08691156
6.355,29.89619679,5.9717528,-5.18797057,-24.11022647,3.68918644,-3.40149957,-7.69974331,-10.62490429,-10.44474792,-35.6855368,-23.27949143,-10.60713699
6.36,29.30144931,6.09908536,-5.52098322,-23.84958075,3.96784902,-3.13130669,-6.68250572,-11.03601832,-9.93609685,-37.3393658,-24.41381834,-11.14856419
6.365,28.71246191,6.15186946,-5.8460301,-23.60879019,4.30816411,-2.83152849,-5.62316958,-11.34242999,-9.36457399,-38.98933565,-25.48453659,-11.69491766
6.37,28.07222422,6.25769562,-6.1685033,-23.2779031,4.53837607,-2.58736281,-4.54901143,-11.67573062,-8.78427053,-40.6310116,-26.34894768,-12.09407765
6.375,27.41359254,6.30502326,-6.47606287,-22.9165218,4.79886538,-2.34090617,-3.44570352,-11.91207576,-8.12941599,-42.24252006,-27.12466777,-12.46376453
6.38,26.73570647,6.32049148,-6.76534185,-22.52223318,5.05166539,-2.10223536,-2.32494055,-12.07543708,-7.44006855,-43.82269808,-27.77567184,-12.77478853
6.385,26.03383527,6.3132781,-7.03624089,-22.09611704,5.28033819,-1.88751228,-1.19907706,-12.17270342,-6.72997661,-45.36603507,-28.29076704,-13.01322368
6.39,25.30732809,6.28159951,-7.29215919,-21.63480507,5.47840124,-1.69736963,-0.07212587,-12.20599934,-6.00406055,-46.86534136,-28.67208892,-13.1887744
6.395,24.5640229,6.22115744,-7.53033401,-21.1442653,5.65680903,-1.52331883,1.0550875,-12.16746829,-5.26768346,-48.31604005,-28.92649154,-13.30706299
6.4,23.80019008,6.13801874,-7.74963898,-20.62389833,5.80305291,-1.37343033,2.17223199,-12.06525959,-4.53483756,-49.71303092,-29.05189139,-13.36932965
6.405,23.01442639,6.02881883,-7.95257612,-20.07182806,5.91849216,-1.24857555,3.27360065,-11.90043049,-3.81242573,-51.04896117,-29.05367475,-13.38169012
6.41,22.22401568,5.90138254,-8.13675208,-19.50908134,6.00425882,-1.13491525,4.36487291,-11.67955433,-3.10765438,-52.3334858,-28.93300436,-13.34491426
6.415,21.41010224,5.75637431,-8.3132532,-18.91043908,6.05554963,-1.04938459,5.43032239,-11.40952291,-2.42396639,-53.54708255,-28.70236887,-13.2699548
6.42,20.58861797,5.58678405,-8.46845423,-18.2988293,6.08014225,-0.97856819,6.47215471,-11.08661884,-1.77846168,-54.69492458,-28.35296297,-13.15619873
6.425,19.75540442,5.40640342,-8.60780979,-17.66952063,6.07295031,-0.92671815,7.48491722,-10.72705844,-1.17341646,-55.77451148,-27.91069696,-13.02027618
6.43,18.91521048,5.21078834,-8.73847747,-17.02671733,6.03867081,-0.88675698,8.47279096,-10.33596873,-0.6102303,-56.7876637,-27.37185015,-12.85722007
6.435,18.06986137,5.00490957,-8.8569586,-16.37544656,5.98023286,-0.85810137,9.43103066,-9.91983432,-0.09580689,-57.73107902,-26.75270469,-12.68326969
6.44,17.22260991,4.7901432,-8.96563552,-15.71716175,5.9012628,-0.83544853,10.36171752,-9.48737207,0.36553237,-58.60511294,-26.0576633,-12.49670848
6.445,16.37571784,4.56965116,-9.06528867,-15.05661718,5.80509639,-0.81675107,11.26447328,-9.04285983,0.77456954,-59.41074376,-25.30091645,-12.31285837
6.45,15.53163502,4.34444601,-9.15941649,-14.39629884,5.69592119,-0.79866591,12.14033956,-8.59534492,1.12652768,-60.14711934,-24.49156371,-12.13667227
6.455,14.69246488,4.11847969,-9.25042678,-13.73892459,5.57769869,-0.77774303,12.99133229,-8.15267531,1.42282003,-60.81636603,-23.63623739,-11.96588708
6.46,13.86131835,3.89296604,-9.33777935,-13.08806237,5.45460541,-0.75150108,13.81937016,-7.71863331,1.66365751,-61.4191971,-22.74871976,-11.81616712
6.465,13.03992156,3.67090321,-9.42465298,-12.44808964,5.33018756,-0.71722803,14.62508052,-7.30146748,1.84839136,-61.95690792,-21.83539444,-11.68489958
6.47,12.23032145,3.454597,-9.51127978,-11.82007076,5.20857785,-0.67303819,15.41154031,-6.90501181,1.9794389,-62.43166935,-20.90640841,-11.58142189
6.475,11.43329264,3.246513,-9.59902382,-11.20504352,5.09416411,-0.6171896,16.17970873,-6.53608127,2.05724432,-62.84324583,-19.96971132,-11.50229623
6.48,10.65252656,3.04629156,-9.68764269,-10.61037523,4.98769873,-0.54796741,16.9323874,-6.193117,2.08924824,-63.1953398,-19.02476276,-11.44736778
6.485,9.88675694,2.8594014,-9.77842443,-10.03089864,4.89436207,-0.46600489,17.66954469,-5.88572075,2.07109247,-63.48714364,-18.0913353,-11.43204273
6.49,9.13779095,2.68361247,-9.87409389,-9.47235958,4.81808056,-0.37079403,18.39355369,-5.61163662,2.01203982,-63.72003396,-17.16341705,-11.43615653
6.495,8.40724972,2.52338219,-9.96977543,-8.93531917,4.75635033,-0.25974575,19.10522624,-5.37691003,1.91006714,-63.89549427,-16.24875528,-11.47414864
6.5,7.72775998,2.36171387,-10.06880356,-8.42949054,4.69911945,-0.18947145,19.84124466,-5.14629988,1.80552814,-64.01721337,-15.41821247,-11.67515395
6.505,7.00143685,2.24850258,-10.1690663,-7.92778517,4.68891465,8.1e-07,20.49543324,-5.01887725,1.60277551,-64.07771916,-14.47485465,-11.63960388
6.51,6.32682819,2.13419301,-10.27489803,-7.45721832,4.68589264,0.14637836,21.17606734,-4.8947904,1.40772433,-64.08428641,-13.61943572,-11.75282006
6.515,5.70460887,2.02450889,-10.4015201,-7.01052967,4.68193167,0.21125058,21.88589407,-4.78169174,1.21487759,-64.03369419,-12.85433258,-12.0143332
6.52,5.0352051,1.95875158,-10.47486519,-6.58208033,4.73555969,0.47102807,22.51058084,-4.75654995,0.95071504,-63.93321906,-11.98877552,-12.0557246
6.525,4.41523298,1.89149134,-10.60677201,-6.17999948,4.79415111,0.6398891,23.15631409,-4.74196059,0.68142853,-63.76649796,-11.20781616,-12.22440066
6.53,3.80984379,1.83927799,-10.7149188,-5.79345162,4.87418048,0.82600466,23.79440088,-4.74842592,0.41694826,-63.54768304,-10.46123486,-12.39897083
6.535,3.25221322,1.79396894,-10.83413158,-5.42297639,4.93672489,0.90279437,24.46247299,-4.75353311,0.18156319,-63.27352154,-9.77652124,-12.676633
6.54,2.65408599,1.77720421,-10.93441753,-5.0796797,5.08232057,1.20125738,25.03965799,-4.84158399,-0.13966385,-62.93396978,-9.06001038,-12.7921723
6.545,2.1215124,1.7578573,-11.06842955,-4.74740632,5.18012965,1.29796275,25.67171542,-4.90222473,-0.40493317,-62.54091038,-8.42341978,-13.05394639
6.55,1.55805163,1.75942826,-11.16720285,-4.43486552,5.35237117,1.5810835,26.23041745,-5.01416996,-0.70959658,-62.07656886,-7.7897595,-13.21199171
6.555,1.05461619,1.76415489,-11.30150984,-4.13429175,5.4731587,1.6755594,26.83484114,-5.11088108,-0.97449131,-61.56220146,-7.21196999,-13.47146549
6.56,0.51989587,1.77669373,-11.39697334,-3.84534008,5.66625874,1.9431367,27.36636337,-5.23809849,-1.27169872,-60.97171282,-6.66565936,-13.65494832
6.565,0.03798716,1.79681092,-11.53313131,-3.57296357,5.81141392,2.04845244,27.93093195,-5.35694743,-1.53506634,-60.32759917,-6.15347632,-13.9015445
6.57,-0.47104491,1.81080947,-11.62706783,-3.30130608,6.01562842,2.2893195,28.43164296,-5.48049232,-1.81394703,-59.60637514,-5.69349293,-14.10900542
6.575,-0.93164607,1.83826645,-11.75998006,-3.04982917,6.1756638,2.39634505,28.95475561,-5.60467501,-2.06890244,-58.82867803,-5.25254251,-14.35146987
6.58,-1.38128338,1.87200078,-11.8561912,-2.78301025,6.33103373,2.47835293,29.47376771,-5.71523783,-2.287298,-57.98764242,-4.84774881,-14.58493805
6.585,-1.86736819,1.86841861,-11.95874578,-2.55108718,6.56275348,2.73448609,29.88932663,-5.82995242,-2.58567747,-57.05946849,-4.52965187,-14.82607109
6.59,-2.28426207,1.91050871,-12.07316077,-2.30294796,6.70429906,2.77259569,30.38017669,-5.93345717,-2.78307394,-56.09028453,-4.18228906,-15.04967013
6.595,-2.74626175,1.88764679,-12.17787895,-2.0849862,6.92710037,2.98737991,30.75143981,-6.01720647,-3.07459518,-55.02248046,-3.95292489,-15.33163549
6.6,-3.17172646,1.88841473,-12.29223244,-1.86021601,7.10341252,3.10264876,31.147342,-6.08955939,-3.30991127,-53.90311453,-3.72115577,-15.59698148
6.605,-3.54992194,1.92261441,-12.40420181,-1.63344883,7.23643866,3.12346351,31.5766564,-6.16573272,-3.49363258,-52.73951879,-3.45505275,-15.8060141
6.61,-3.9767889,1.86107765,-12.49958763,-1.43423536,7.44182993,3.28525567,31.8732695,-6.19223365,-3.7903687,-51.46236351,-3.36280643,-16.12525201
6.615,-4.33169049,1.88231729,-12.6194033,-1.22035303,7.56269558,3.29912157,32.25640184,-6.23797815,-3.96784095,-50.17059369,-3.14067024,-16.32984705
6.62,-4.73427368,1.79148609,-12.71181122,-1.03464612,7.75479274,3.43545289,32.50020131,-6.22242746,-4.27257942,-48.75964132,-3.13191214,-16.65487476
6.625,-5.08014986,1.74468098,-12.85147622,-0.86161056,7.88533032,3.48314284,32.78607024,-6.21335997,-4.51806613,-47.31709224,-3.02400764,-16.90610842
6.63,-5.44671032,1.66808577,-12.93662223,-0.67307079,8.0408586,3.56873211,33.01658267,-6.16799065,-4.76984239,-45.80284057,-3.0040173,-17.18301752
6.635,-5.76474957,1.58839914,-13.07319928,-0.5208836,8.16069025,3.60508603,33.24810793,-6.11589623,-5.03667028,-44.23679462,-2.95283772,-17.40358432
6.64,-6.10896742,1.48451013,-13.16660688,-0.35566229,8.30202953,3.6798853,33.42043142,-6.02714604,-5.29825022,-42.60638342,-2.9603977,-17.65580905
6.645,-6.40865855,1.37014277,-13.29628028,-0.22191765,8.41489779,3.71737979,33.588867,-5.92677234,-5.58222315,-40.92477484,-2.9587522,-17.83628211
6.65,-6.663371,1.26832712,-13.45211702,-0.10188584,8.48290958,3.70905549,33.78100596,-5.79459379,-5.79842744,-39.21208985,-2.87456135,-17.95637565
6.655,-6.98330757,1.09575912,-13.54876291,0.00232735,8.63342135,3.79079825,33.82788824,-5.65939585,-6.1707695,-37.41431462,-2.99270876,-18.10973516
6.66,-7.2996343,0.93321215,-13.69122669,0.10420592,8.7454065,3.8664755,33.86699565,-5.47350008,-6.44211621,-35.59235746,-3.01490864,-18.23769872
6.665,-7.53846602,0.77368309,-13.83150554,0.17963822,8.82300901,3.87923616,33.94613956,-5.29340034,-6.74206525,-33.74736245,-3.05232039,-18.2253822
6.67,-7.76878935,0.60207028,-13.9947545,0.21768121,8.88933439,3.88833467,33.99244948,-5.08305071,-7.01570504,-31.87600754,-3.07588122,-18.17989572
6.675,-8.09747401,0.40170325,-14.13884713,0.28022813,9.01215375,3.97872621,33.9142057,-4.84717805,-7.31298203,-29.97053066,-3.1084127,-18.09681247
6.68,-8.35256354,0.21168502,-14.29882602,0.30102985,9.09251026,4.01335877,33.88079366,-4.60199562,-7.57471018,-28.06936172,-3.13776209,-17.91219042
6.685,-8.56785369,0.03053997,-14.43747948,0.30840286,9.14415153,4.01958158,33.86763572,-4.35384708,-7.8081388,-26.17556667,-3.18765982,-17.67580159
6.69,-8.86156933,-0.16926331,-14.62426678,0.29498401,9.23574539,4.06958194,33.74978369,-4.07632481,-8.02613794,-24.28622346,-3.19230717,-17.32851474
6.695,-9.07699635,-0.34470256,-14.77468577,0.27587532,9.27310586,4.06583639,33.70780052,-3.80345356,-8.18037513,-22.43362017,-3.24067153,-16.97824933
6.7,-9.33756907,-0.5308192,-14.94324382,0.23544389,9.32970129,4.08308868,33.60244744,-3.5147405,-8.30820208,-20.61180802,-3.26288335,-16.52510982
6.705,-9.64943628,-0.69504763,-15.14605399,0.18092691,9.4123921,4.11857117,33.44859028,-3.22704766,-8.36946314,-18.85135977,-3.23629897,-15.93694486
6.71,-9.87384037,-0.84995207,-15.30627128,0.11377687,9.43143266,4.09115322,33.3790147,-2.93873525,-8.35684879,-17.14913852,-3.28443342,-15.44809014
6.715,-10.16242622,-1.00446422,-15.48829107,0.03639412,9.47075335,4.08546731,33.24680646,-2.644106,-8.2986349,-15.51986562,-3.28476647,-14.82467915
6.72,-10.45302453,-1.13307068,-15.67518155,-0.05318983,9.50503308,4.06510128,33.1257513,-2.3598433,-8.1534236,-13.98861517,-3.2784124,-14.17658353
6.725,-10.75461616,-1.24621402,-15.86233261,-0.15153602,9.53392665,4.03367922,33.00753947,-2.08234308,-7.93429981,-12.56127243,-3.25927097,-13.50141004
6.73,-11.0763596,-1.34240814,-16.04915948,-0.25554158,9.56379204,3.99804366,32.88723072,-1.81562264,-7.64584377,-11.24903889,-3.21151076,-12.78754341
6.735,-11.38801567,-1.42915495,-16.2332639,-0.3738108,9.57437777,3.93899089,32.79203382,-1.55189617,-7.28118902,-10.0554986,-3.17673413,-12.11324926
6.74,-11.71945665,-1.50528577,-16.41374741,-0.49323722,9.58360097,3.87570911,32.70063692,-1.2954131,-6.85440928,-8.99121774,-3.11632025,-11.43106486
6.745,-12.05077926,-1.58261334,-16.59860331,-0.62636651,9.57270984,3.79538328,32.62791358,-1.03493216,-6.36468354,-8.05736146,-3.06182641,-10.78360035
6.75,-12.40782901,-1.65254416,-16.77962989,-0.75301022,9.56584947,3.71850511,32.5561502,-0.78012479,-5.8352915,-7.25525233,-2.97590565,-10.13069005
6.755,-12.76620684,-1.72951229,-16.96281334,-0.89212366,9.5397794,3.63259411,32.5023658,-0.51838825,-5.26332068,-6.58776802,-2.89325857,-9.52413835
6.76,-13.14157186,-1.8104762,-17.14631358,-1.03162023,9.50423769,3.54793325,32.45614535,-0.25188787,-4.66253684,-6.0535178,-2.7979908,-8.94650814
6.765,-13.52937144,-1.89842934,-17.33330893,-1.17439741,9.45453088,3.46712314,32.41976783,0.0231411,-4.04425282,-5.6502148,-2.69354841,-8.40290878
6.77,-13.93214738,-1.99915427,-17.52185339,-1.31510945,9.39542863,3.39555977,32.39169008,0.30956334,-3.41846892,-5.37599963,-2.58287379,-7.89605061
6.775,-14.35653823,-2.12215137,-17.70750846,-1.45953234,9.34202074,3.35354674,32.36562546,0.61367073,-2.81099617,-5.23530905,-2.46276623,-7.39858987
6.78,-14.76859823,-2.24591527,-17.91260013,-1.61507486,9.22136395,3.29219124,32.37174789,0.92700137,-2.17320961,-5.2223309,-2.35426812,-7.0128366
6.785,-15.20168063,-2.3907497,-18.11689656,-1.76947453,9.10609374,3.26335146,32.37835457,1.25900326,-1.56743989,-5.32987355,-2.24208754,-6.64868892
6.79,-15.64227507,-2.55405446,-18.32720599,-1.92909302,8.96746863,3.25931917,32.39642427,1.60885182,-0.98980024,-5.55557468,-2.1324184,-6.33058014
6.795,-16.09000997,-2.73813962,-18.54380242,-2.09681127,8.81202469,3.28498811,32.42267341,1.97524286,-0.44681683,-5.89219982,-2.02971538,-6.05667072
6.8,-16.53919174,-2.94149272,-18.76919448,-2.27394484,8.62817903,3.33736479,32.4614,2.35884577,0.05704127,-6.33467252,-1.93501345,-5.83259942
6.805,-16.99274898,-3.16522301,-19.00624025,-2.46205996,8.42388527,3.42397829,32.5070432,2.75899797,0.51391048,-6.87639981,-1.85074531,-5.65227916
6.81,-17.43931558,-3.40728685,-19.2435841,-2.66374927,8.17959442,3.53857088,32.56589669,3.16930832,0.91812338,-7.50675775,-1.78007003,-5.52075644
6.815,-17.88261802,-3.67047664,-19.4925294,-2.88300178,7.90819304,3.68697103,32.63060912,3.59253857,1.26725556,-8.21839314,-1.72310641,-5.43100323
6.82,-18.2482175,-3.9487506,-19.69221925,-3.1228435,7.62053547,3.76724685,32.76973064,4.00987807,1.56626142,-9.0083434,-1.66436068,-5.39941564
6.825,-18.73000585,-4.25209014,-20.00123357,-3.38789288,7.25190443,4.05530356,32.78485771,4.4562035,1.79088977,-9.84261614,-1.66015437,-5.37062262
6.83,-19.12264117,-4.57941967,-20.25790252,-3.6833954,6.86379074,4.28360497,32.87071443,4.89344867,1.95369841,-10.72938602,-1.649893,-5.39851967
6.835,-19.5058636,-4.92290253,-20.52743612,-4.00782716,6.4462089,4.53196945,32.94869206,5.3322785,2.05918619,-11.65471332,-1.65578283,-5.4616067
6.84,-19.78958131,-5.26117385,-20.72904137,-4.37049882,5.96469288,4.66356406,33.10011086,5.73855448,2.12520432,-12.62118893,-1.61103379,-5.54316942
6.845,-20.1637059,-5.67220911,-21.04555544,-4.77629892,5.44169559,5.01544459,33.11197762,6.19506811,2.09935344,-13.55071001,-1.7178218,-5.67087617
6.85,-20.43556816,-6.07572549,-21.29410681,-5.2254957,4.85753435,5.24956319,33.18898379,6.61178501,2.03818389,-14.50348711,-1.74853919,-5.81843024
6.855,-20.6271306,-6.47152289,-21.49547803,-5.7227653,4.19892389,5.39673393,33.30112085,6.9938158,1.94985512,-15.46405405,-1.70167184,-5.9674908
6.86,-20.79789735,-6.91369156,-21.71864104,-6.27686135,3.47966034,5.57127619,33.36651475,7.39039129,1.79887122,-16.3729357,-1.73492747,-6.13146768
6.865,-20.99826909,-7.44226119,-21.99211158,-6.8881237,2.77209344,5.79688985,33.3241039,7.82583316,1.57414069,-17.19944016,-1.89929464,-6.37787312
6.87,-21.08909216,-7.9412239,-22.20079292,-7.56396897,1.94988381,5.9171097,33.32604455,8.21008938,1.35673116,-18.01750901,-1.92086621,-6.59750157
6.875,-21.10113395,-8.44076292,-22.36343635,-8.30722419,1.05749073,5.99000543,33.33001362,8.5660415,1.13936012,-18.79781447,-1.85285532,-6.80078225
6.88,-21.09538551,-9.04685433,-22.54376741,-9.12243316,0.14358662,5.94445701,33.24436139,8.96797151,0.82591902,-19.45488685,-1.9716704,-7.05507558
6.885,-21.01098436,-9.63930076,-22.67910969,-10.00662498,-0.85291055,5.85187956,33.15677445,9.3402038,0.5388575,-20.07155959,-1.97160589,-7.28827143
6.89,-20.86013348,-10.25440543,-22.79771966,-10.95762488,-1.90621042,5.67438947,33.04234762,9.70111763,0.22772384,-20.61955994,-1.94647153,-7.50913281
6.895,-20.64100365,-10.91299865,-22.83380009,-11.99477015,-3.00852369,5.35268739,32.88020535,10.06751506,-0.08353203,-21.06892294,-1.91193361,-7.7335737
6.9,-20.35240019,-11.58501433,-22.8589638,-13.09598547,-4.16617638,4.94956236,32.69515343,10.42669069,-0.40078753,-21.45078076,-1.84610468,-7.92851452
6.905,-19.99279477,-12.28271608,-22.85207658,-14.27233255,-5.37080804,4.43916839,32.47210674,10.78237584,-0.72073932,-21.74640679,-1.75788492,-8.10117196
6.91,-19.56033678,-12.99685571,-22.77006285,-15.51975868,-6.61479773,3.79529805,32.20641869,11.12577049,-1.03872959,-21.95417076,-1.62821285,-8.2629745
6.915,-19.05453324,-13.72514665,-22.62962978,-16.83815398,-7.89047658,3.02308345,31.90603752,11.46335133,-1.34980321,-22.08292539,-1.47752386,-8.39605188
6.92,-18.48044097,-14.46229091,-22.45305193,-18.21471877,-9.19342945,2.1793862,31.57124456,11.80375159,-1.64999182,-22.13040035,-1.29912656,-8.50154809
6.925,-17.82203133,-15.18371826,-22.15414649,-19.65714067,-10.51240413,1.14187368,31.20260697,12.09341786,-1.95538988,-22.12123367,-1.04799998,-8.59855939
6.93,-17.10244688,-15.92472224,-21.85196327,-21.14386571,-11.84225601,0.08600337,30.79346807,12.41028287,-2.23007005,-22.01189973,-0.8176928,-8.64830203
6.935,-16.31602882,-16.663275,-21.49051035,-22.67844746,-13.1654813,-1.04576038,30.34454983,12.71937265,-2.48929793,-21.82467613,-0.57535065,-8.67282793
6.94,-15.46487455,-17.39262256,-21.06578735,-24.25451703,-14.46865406,-2.24423853,29.85663215,13.01825941,-2.73380457,-21.56395152,-0.3186339,-8.67727927
6.945,-14.54957583,-18.10768393,-20.58081128,-25.86818187,-15.74024378,-3.4978433,29.33333954,13.30473057,-2.96680371,-21.23577369,-0.06113206,-8.65838208
6.95,-13.5661347,-18.78819469,-20.0234072,-27.50655601,-16.97633214,-4.78104928,28.77898827,13.56717049,-3.17267544,-20.8388883,0.21486616,-8.61490182
6.955,-12.53221541,-19.44623437,-19.41233045,-29.16866668,-18.15049239,-6.07683988,28.18510736,13.81854399,-3.3687795,-20.38020075,0.48279744,-8.55923389
6.96,-11.46309512,-20.10845102,-18.7902951,-30.85085505,-19.24253248,-7.32938387,27.5519365,14.08686839,-3.56346821,-19.86261331,0.68622143,-8.4834189
6.965,-10.29953192,-20.63775333,-18.01462903,-32.53832486,-20.29014579,-8.65687936,26.91095705,14.25136895,-3.71385062,-19.30617825,0.99402092,-8.39237748
6.97,-9.13307655,-21.20072849,-17.26566496,-34.23803918,-21.2106422,-9.87840514,26.21611178,14.46510529,-3.88032985,-18.6925652,1.17655938,-8.28929326
6.975,-7.88836382,-21.62773757,-16.40412278,-35.92019247,-22.07639002,-11.10273993,25.52025972,14.58163783,-4.0105567,-18.04513806,1.45538839,-8.17587849
6.98,-6.65702345,-22.07417659,-15.56283903,-37.60701463,-22.78230414,-12.21647361,24.76236088,14.73908354,-4.15555607,-17.34635625,1.58844964,-8.05683529
6.985,-5.36542644,-22.40385016,-14.64037558,-39.27489034,-23.41984757,-13.29650794,24.0071863,14.8190763,-4.28599325,-16.63259859,1.77796438,-7.93182711
6.99,-4.05707698,-22.66467092,-13.69860151,-40.91990958,-23.93608119,-14.28173266,23.22841585,14.87138847,-4.4070494,-15.88595583,1.94085624,-7.7965131
6.995,-2.72634127,-22.8546172,-12.73542751,-42.54406816,-24.35101211,-15.19265783,22.44255341,14.88692248,-4.53000517,-15.13611777,2.08364782,-7.64878388
7,-1.39637207,-22.97122331,-11.76606289,-44.13727917,-24.64051772,-15.99217108,21.63327518,14.87178903,-4.64910092,-14.36607019,2.19943677,-7.49992726
7.005,-0.04706633,-23.00789261,-10.78426899,-45.69778656,-24.83339354,-16.70632242,20.82643019,14.81778817,-4.77447303,-13.59012564,2.30785926,-7.33689726
7.01,1.29058042,-22.97666888,-9.81420367,-47.21998804,-24.90705208,-17.31066326,20.00327297,14.73516371,-4.90398483,-12.80772583,2.38547067,-7.17023102
7.015,2.61562287,-22.8764366,-8.85845342,-48.70462921,-24.86834717,-17.80618411,19.17223604,14.62387567,-5.0376983,-12.02993697,2.43659674,-7.00332356
7.02,3.93317973,-22.7074963,-7.92548115,-50.14390448,-24.73099952,-18.19456714,18.34232223,14.48077075,-5.17712957,-11.25547185,2.48029751,-6.8268726
7.025,5.2328171,-22.48090839,-7.01491082,-51.53627045,-24.48600279,-18.48398351,17.50646053,14.31612968,-5.33604191,-10.47767514,2.49077895,-6.64890622
7.03,6.51362089,-22.19516031,-6.14892842,-52.88599001,-24.15668957,-18.65282656,16.68354722,14.12610649,-5.48583541,-9.7334006,2.50758751,-6.46087252
7.035,7.77137015,-21.86074886,-5.31663602,-54.19174774,-23.73391067,-18.71905882,15.86497206,13.91890979,-5.64878738,-9.00780532,2.50403337,-6.27080477
7.04,9.0035915,-21.48688083,-4.5377265,-55.43549179,-23.22830495,-18.67022995,15.04831513,13.69830342,-5.82276999,-8.27709555,2.51043102,-6.07276936
7.045,10.20594999,-21.07801313,-3.80410417,-56.63818571,-22.64335745,-18.52390513,14.24080361,13.4674235,-5.99768691,-7.58187178,2.49297443,-5.87844596
7.05,11.37708499,-20.64328228,-3.12717288,-57.78503806,-21.98882342,-18.27457692,13.44136689,13.23125635,-6.17395653,-6.9063057,2.47898028,-5.68269211
7.055,12.51808518,-20.18796729,-2.50033835,-58.88222379,-21.26761324,-17.92754403,12.65138799,12.99335857,-6.35169338,-6.25428559,2.45757766,-5.48941525
7.06,13.62509963,-19.7214422,-1.93300493,-59.9260084,-20.49437841,-17.49470511,11.86950909,12.75725277,-6.52434493,-5.62660368,2.44157521,-5.29971016
7.065,14.69835583,-19.24835077,-1.42178106,-60.91685158,-19.67670576,-16.98663911,11.09614904,12.52628249,-6.69060129,-5.02405103,2.42466388,-5.11738369
7.07,15.74260669,-18.7781287,-0.96555291,-61.855625,-18.81510135,-16.40083526,10.3340059,12.30347535,-6.85052067,-4.44767845,2.41030741,-4.9408371
7.075,16.75440254,-18.31517311,-0.56213304,-62.74213387,-17.92652605,-15.75490995,9.58060627,12.09324661,-7.00012831,-3.89790037,2.40596021,-4.77216071
7.08,17.73484952,-17.86237107,-0.21153623,-63.57422768,-17.01459244,-15.06370976,8.83650763,11.89505376,-7.13540197,-3.37397038,2.40259818,-4.61261949
7.085,18.68657165,-17.42786641,0.09283892,-64.35559905,-16.0904461,-14.33042213,8.10172456,11.71475462,-7.26056077,-2.87795595,2.41547016,-4.46379684
7.09,19.60963014,-17.01313611,0.35050008,-65.08237548,-15.16041055,-13.57134526,7.37503463,11.5514963,-7.37060753,-2.40591438,2.43869262,-4.32582685
7.095,20.50506137,-16.62076098,0.56575264,-65.75718287,-14.22949306,-12.79834838,6.65830166,11.40679653,-7.4619671,-1.96278132,2.46899475,-4.19689968
7.1,21.37416806,-16.25365569,0.74292807,-66.37801635,-13.30655203,-12.02027868,5.94897575,11.2819826,-7.53894201,-1.54420805,2.51422472,-4.07928537
7.105,22.21822743,-15.91077221,0.88325728,-66.94340744,-12.39497721,-11.26046028,5.24884257,11.17518784,-7.59889334,-1.15041566,2.56801156,-3.97252796
7.11,23.03854464,-15.59526183,0.99459149,-67.45621209,-11.50023475,-10.5063733,4.55660585,11.09012311,-7.64395713,-0.78346609,2.63838174,-3.87482055
7.115,23.8367622,-15.30576125,1.07767727,-67.91261318,-10.62931785,-9.78878908,3.87316932,11.02423832,-7.67458116,-0.43957315,2.72184123,-3.78788803
7.12,24.61312845,-15.04233326,1.13760094,-68.31301481,-9.78137381,-9.09937501,3.19801413,10.97792225,-7.69055904,-0.1199219,2.8192506,-3.70871577
7.125,25.37005425,-14.801325,1.17817841,-68.65579989,-8.9651677,-8.45634844,2.53261695,10.94887864,-7.69616078,0.17658479,2.93142962,-3.63924852
7.13,26.10676259,-14.58369687,1.20013833,-68.94000078,-8.17417388,-7.86120258,1.87624443,10.93758205,-7.68869076,0.45059817,3.05348915,-3.57505363
7.135,26.82577338,-14.38325256,1.21029008,-69.16351669,-7.41770116,-7.32460034,1.23083239,10.94063792,-7.67497519,0.70265475,3.18960716,-3.51953509
7.14,27.52757627,-14.20016973,1.20885272,-69.32546715,-6.6941093,-6.84710606,0.59695485,10.95811927,-7.65388526,0.93328205,3.33632158,-3.46945888
7.145,28.21244434,-14.0302736,1.19856006,-69.42542713,-6.00454712,-6.43187695,-0.02542185,10.98749481,-7.62789635,1.14321239,3.49336914,-3.42456134
7.15,28.88089277,-13.87359008,1.18058684,-69.4588507,-5.34723811,-6.0759739,-0.63542062,11.02841121,-7.59853195,1.33599484,3.659457,-3.38316827
7.155,29.54282364,-13.70385554,1.17842528,-69.42647499,-4.73331924,-5.82903871,-1.21513995,11.07028688,-7.56776026,1.4891034,3.83441467,-3.3561936
7.16,30.17198121,-13.57194701,1.13880561,-69.32236161,-4.13610014,-5.55499261,-1.80920271,11.13168419,-7.54344103,1.65962263,4.01880064,-3.31567278
7.165,30.79599191,-13.4245446,1.10866675,-69.14880579,-3.58988374,-5.39404016,-2.37356859,11.1901298,-7.52731601,1.80309523,4.21243146,-3.29070479
7.17,31.40436433,-13.273263,1.08008304,-68.90237425,-3.07303568,-5.29190447,-2.91865792,11.25107722,-7.51220088,1.92563975,4.40912626,-3.26823106
7.175,32.03724945,-13.09456858,1.06471006,-68.58051679,-2.65055209,-5.35109304,-3.40619645,11.30456197,-7.52281825,2.02853946,4.61444302,-3.30478377
7.18,32.63143624,-12.93139092,1.03650657,-68.18671857,-2.20302995,-5.39023992,-3.89845116,11.36707941,-7.51990904,2.12167314,4.81201456,-3.31516667
7.185,33.14267413,-12.7762945,0.98843712,-67.71429649,-1.71949733,-5.33415462,-4.43063185,11.42526104,-7.49974224,2.19772676,5.00879035,-3.23891528
7.19,33.72045749,-12.58558191,0.9585595,-67.16360218,-1.36364021,-5.45408513,-4.86705712,11.47781972,-7.53850923,2.26748783,5.21391544,-3.2819317
7.195,34.26291102,-12.39000609,0.91954507,-66.53407193,-0.9956711,-5.59725115,-5.2956378,11.52549753,-7.56566901,2.32100334,5.41101826,-3.30499206
7.2,34.77925837,-12.17925649,0.87356981,-65.82317728,-0.65256236,-5.76324363,-5.70814101,11.56196888,-7.60400292,2.36244573,5.6074926,-3.32527801
7.205,35.27307676,-11.94971865,0.81997532,-65.03002514,-0.33394297,-5.96123272,-6.10002764,11.58447054,-7.65513503,2.3935366,5.80396715,-3.3466092
7.21,35.74463081,-11.69736789,0.75480087,-64.15221887,-0.04573208,-6.19557936,-6.46707572,11.58812439,-7.71967583,2.41406448,5.99902502,-3.369026
7.215,36.16859151,-11.40675692,0.65570241,-63.17404361,0.13471701,-6.55431853,-6.82676844,11.54604159,-7.77949826,2.42875278,6.20378276,-3.33369156
7.22,36.62074885,-11.13548248,0.59659052,-62.14328263,0.40646056,-6.78356849,-7.128377,11.54669639,-7.88615914,2.42204607,6.38247101,-3.40399439
7.225,37.03436008,-10.810227,0.48706387,-61.00442641,0.55130554,-7.14049518,-7.40419652,11.47550478,-7.94920453,2.41085835,6.56056234,-3.43130211
7.23,37.43501063,-10.48948337,0.38400799,-59.79604776,0.72822964,-7.45128932,-7.6543682,11.41629782,-8.04996534,2.39170708,6.72779214,-3.49477874
7.235,37.81364531,-10.14891915,0.26550713,-58.50435576,0.87555884,-7.7663288,-7.87616811,11.33320083,-8.15008158,2.36357141,6.88877841,-3.56976577
7.24,38.16941163,-9.7970602,0.13460443,-57.13329814,1.00804091,-8.06434071,-8.07232995,11.23395367,-8.25046475,2.32590877,7.03802285,-3.65594548
7.245,38.49781564,-9.4300359,-0.00511913,-55.68190785,1.11627112,-8.36760442,-8.24243063,11.11615221,-8.35828053,2.27289475,7.18213259,-3.75474438
7.25,38.79971328,-9.05241748,-0.1607735,-54.15140228,1.2057897,-8.65729695,-8.38480635,10.97659398,-8.47124957,2.20686944,7.31637641,-3.86611754
7.255,39.08069248,-8.66415079,-0.32623272,-52.54867813,1.30708833,-8.86723964,-8.50709519,10.8176393,-8.56471295,2.14700717,7.43288188,-3.98163504
7.26,39.32561935,-8.2689924,-0.50794791,-50.8693375,1.38669058,-9.07257859,-8.60737555,10.6407284,-8.66848143,2.06463707,7.5446009,-4.11273531
7.265,39.54708039,-7.86695484,-0.68253318,-49.12732582,1.46956629,-9.21075888,-8.6954561,10.45264876,-8.75557462,1.99311331,7.64253627,-4.2428067
7.27,39.73127984,-7.46610673,-0.87847069,-47.31780645,1.52399941,-9.32633683,-8.76343835,10.24343691,-8.84171171,1.89770643,7.73471152,-4.38413009
7.275,39.86899083,-7.07843304,-1.10122271,-45.44499058,1.54111252,-9.4294174,-8.82042376,10.01737145,-8.92073567,1.77669735,7.82119959,-4.54045125
7.28,39.99275267,-6.67981268,-1.28274429,-43.53191487,1.59492125,-9.42322683,-8.87340634,9.79561674,-8.99117518,1.68233026,7.88841483,-4.68255564
7.285,40.06998376,-6.29954177,-1.48912326,-41.57169142,1.61681468,-9.38098312,-8.92002635,9.55900382,-9.0463648,1.56135804,7.95468685,-4.83298759
7.29,40.11410543,-5.93191128,-1.68474002,-39.58304768,1.63152986,-9.28320207,-8.96934529,9.32116724,-9.09024218,1.44131662,8.0115082,-4.98227278
7.295,40.12179533,-5.58438859,-1.87760838,-37.57602677,1.63643133,-9.12822878,-9.02408028,9.08404632,-9.12029463,1.31411868,8.06205533,-5.13136401
7.3,40.09371757,-5.26499318,-2.05976971,-35.56680388,1.63721061,-8.91559428,-9.08765369,8.85650943,-9.13733923,1.17412331,8.10546316,-5.27908465
7.305,40.04327579,-4.96336046,-2.21445457,-33.57163848,1.6348593,-8.64507471,-9.1633755,8.63841148,-9.13688486,1.04222274,8.14167092,-5.41727968
7.31,39.95002148,-4.70418139,-2.37428211,-31.600533,1.63412864,-8.31177039,-9.26103202,8.42789134,-9.11332723,0.89609346,8.17557346,-5.55625377
7.315,39.83478676,-4.47330992,-2.5008728,-29.67665211,1.64348874,-7.92786554,-9.37846226,8.24084715,-9.08355199,0.74573807,8.20140723,-5.68839214
7.32,39.71458897,-4.26846126,-2.58712405,-27.8150978,1.65205392,-7.51384795,-9.50742314,8.0737626,-9.04912549,0.6013887,8.22255868,-5.80516521
7.325,39.58918674,-4.09185439,-2.6382346,-26.02828047,1.65845756,-7.08199987,-9.65089938,7.92678244,-9.00441391,0.4598661,8.23863573,-5.90477741
7.33,39.4982655,-3.92186643,-2.57945906,-24.34233155,1.63546091,-6.69519278,-9.7836667,7.82805702,-9.03926052,0.31635666,8.25739089,-6.00211129
7.335,39.35090894,-3.80242403,-2.6013175,-22.73745008,1.63686406,-6.22321799,-9.96574135,7.69652777,-8.9707778,0.16764059,8.27259889,-6.0780187
7.34,39.14392654,-3.75968113,-2.62535301,-21.25842776,1.76259483,-5.68300864,-10.2251815,7.59948469,-8.82501535,0.00830738,8.27917454,-6.14103028
7.345,39.00581561,-3.69867151,-2.55259984,-19.90723293,1.81985052,-5.22883887,-10.45058696,7.52766698,-8.76278456,-0.14225104,8.28099199,-6.1941369
7.35,38.86907653,-3.65891306,-2.45297717,-18.68854157,1.8957798,-4.79887635,-10.6991752,7.4663776,-8.69422195,-0.2921357,8.28731062,-6.22919856
7.355,38.77991024,-3.61808553,-2.28376043,-17.60960107,1.92725592,-4.4600927,-10.92838315,7.42853254,-8.67906017,-0.4480118,8.28961539,-6.25580415
7.36,38.62874107,-3.61444462,-2.18669831,-16.66469692,2.068694,-4.06815784,-11.23015812,7.36120522,-8.58630558,-0.60812123,8.28162589,-6.24617647
7.365,38.51764506,-3.6135859,-2.03445896,-15.8766496,2.21956915,-3.74594229,-11.52655287,7.31553732,-8.52826247,-0.76987887,8.2703085,-6.22727461
7.37,38.42603714,-3.61607145,-1.87503966,-15.23386518,2.38598638,-3.48761453,-11.82491414,7.26461762,-8.46963748,-0.93778631,8.24762907,-6.18425766
7.375,38.34590459,-3.61513153,-1.71394534,-14.73639865,2.56742344,-3.2718828,-12.1347288,7.20624625,-8.42392353,-1.10927508,8.21957869,-6.12409546
7.38,38.27503959,-3.60908248,-1.56383653,-14.3787038,2.75590765,-3.09397937,-12.45335769,7.13512178,-8.38670147,-1.28765803,8.18212025,-6.04061953
7.385,38.25973543,-3.58988772,-1.3822397,-14.1622859,2.95708855,-3.01428,-12.73990693,7.05888042,-8.36149283,-1.46671962,8.12281977,-5.96053237
7.39,38.15750541,-3.55563079,-1.27596828,-14.08174858,3.13895658,-2.85237163,-13.12341093,6.93990966,-8.34505967,-1.66101851,8.08157077,-5.79655299
7.395,38.17031831,-3.5128551,-1.1270791,-14.15116446,3.37257739,-2.85995865,-13.42496906,6.8339638,-8.34029425,-1.85034373,7.98076435,-5.67320281
7.4,38.09522061,-3.45325226,-1.01666501,-14.30138311,3.56887149,-2.83213757,-13.79776508,6.69432058,-8.36709271,-2.06540528,7.90000743,-5.4655873
7.405,38.07612623,-3.37515246,-0.91958235,-14.58508988,3.77971918,-2.88324195,-14.1369022,6.53909883,-8.40367744,-2.28107124,7.77866193,-5.25722482
7.41,38.11871478,-3.29044106,-0.82919038,-14.97186059,3.99919421,-2.98513359,-14.41653541,6.36948514,-8.41641859,-2.50952764,7.59023003,-5.0920156
7.415,38.04319704,-3.17001323,-0.78450167,-15.44225807,4.15524432,-3.09976422,-14.81215265,6.16759995,-8.51491252,-2.75244544,7.44818986,-4.78282913
7.42,38.10028453,-3.05794209,-0.75300684,-16.00038283,4.34370193,-3.24277145,-15.06604969,5.95562248,-8.54795343,-3.0209562,7.18689517,-4.59222283
7.425,38.00919524,-2.89019763,-0.75145213,-16.6083894,4.43950584,-3.44565882,-15.45784996,5.70178621,-8.69459032,-3.29613543,6.98783209,-4.21790402
7.43,37.99217,-2.72415198,-0.77877466,-17.27429133,4.53828647,-3.65635308,-15.7520963,5.42891672,-8.81169686,-3.60663031,6.70102796,-3.9020225
7.435,38.02249797,-2.57160028,-0.82197787,-17.98999692,4.64877522,-3.84550033,-15.97888653,5.1552293,-8.87846758,-3.94506146,6.31360569,-3.66218074
7.44,37.90695321,-2.34272171,-0.90994969,-18.69544395,4.62078315,-4.14838273,-16.30855742,4.81032973,-9.07666795,-4.30771038,5.98573279,-3.26570607
7.445,37.91793987,-2.16990389,-1.00219565,-19.45093745,4.68027131,-4.34523806,-16.48647348,4.49702591,-9.16639108,-4.71367368,5.49718188,-3.01485476
7.45,37.76355869,-1.89633376,-1.14973084,-20.1486406,4.56447634,-4.69501283,-16.762222,4.08192801,-9.39761994,-5.15195746,5.06568954,-2.62750518
7.455,37.66357812,-1.65076097,-1.30142203,-20.85890439,4.49356505,-4.97834645,-16.94261279,3.67943196,-9.58141771,-5.63909089,4.51948475,-2.31253548
7.46,37.53860925,-1.38702597,-1.48018355,-21.54002528,4.39068136,-5.26300663,-17.08878697,3.24548776,-9.77200353,-6.17230092,3.91171945,-2.0281275
7.465,37.38620277,-1.11149449,-1.67878212,-22.18218408,4.26793968,-5.54730445,-17.19628154,2.78717806,-9.96792294,-6.76069231,3.23852849,-1.76664261
7.47,37.19834617,-0.81312177,-1.90140306,-22.77434692,4.1194917,-5.83608978,-17.26585376,2.29139813,-10.1777717,-7.40613306,2.49806028,-1.53390014
7.475,36.97065592,-0.50411574,-2.1354411,-23.30510588,3.96210864,-6.1273293,-17.29418481,1.77302809,-10.37482412,-8.11798842,1.68969266,-1.33152404
7.48,36.72710846,-0.17663123,-2.38826744,-23.78794062,3.79838819,-6.3871607,-17.26909691,1.22495076,-10.60099073,-8.88187558,0.81175509,-1.19292077
7.485,36.44498574,0.16213519,-2.65123495,-24.20152334,3.63723991,-6.63960707,-17.19503082,0.65445858,-10.81496821,-9.71883567,-0.14071482,-1.10294246
7.49,36.12704864,0.51455419,-2.92591618,-24.54677999,3.48040275,-6.87791985,-17.06989862,0.05894781,-11.02774162,-10.62672322,-1.16393882,-1.07519977
7.495,35.72905411,0.87312814,-3.22008065,-24.80608376,3.32038991,-7.15877585,-16.92235222,-0.57173799,-11.18237673,-11.60677794,-2.2672082,-1.14127717
7.5,35.37108332,1.25917383,-3.48928311,-25.01719059,3.19620341,-7.31553244,-16.66711874,-1.20452984,-11.41843057,-12.65498613,-3.42512474,-1.24239283
7.505,34.92082728,1.64875655,-3.77689636,-25.13504505,3.07463636,-7.5198058,-16.39317482,-1.87449546,-11.55332444,-13.77795168,-4.66758805,-1.48168213
7.51,34.44528182,2.02304917,-4.08361875,-25.19925755,2.98993861,-7.7039355,-16.06055957,-2.54108031,-11.69212048,-14.97145417,-5.98564607,-1.81209018
7.515,33.97694499,2.44869899,-4.33950681,-25.1946278,2.91333569,-7.80002958,-15.6420361,-3.2322958,-11.88243341,-16.23068157,-7.3183313,-2.15170734
7.52,33.4202385,2.81745439,-4.64659928,-25.1207959,2.88940942,-7.95728707,-15.20202599,-3.91384078,-11.93542042,-17.56287204,-8.7701506,-2.70072879
7.525,32.86120846,3.21367185,-4.91314318,-24.98678816,2.88158753,-8.05183928,-14.68677778,-4.60284283,-12.01980439,-18.95386256,-10.24239836,-3.28395947
7.53,32.27173223,3.62651325,-5.15718447,-24.77683124,2.88440994,-8.1157726,-14.11039835,-5.3046288,-12.08991383,-20.40401678,-11.71545865,-3.91282504
7.535,31.6481312,4.0035439,-5.42655849,-24.54094144,2.93032338,-8.19188793,-13.49069328,-5.98701745,-12.09898818,-21.91162022,-13.25767537,-4.68802725
7.54,31.00227735,4.38880442,-5.65831076,-24.23642922,2.98947987,-8.2356599,-12.80916055,-6.66538379,-12.0923266,-23.46631037,-14.78849864,-5.49700917
7.545,30.32930002,4.76362899,-5.88007573,-23.88439243,3.06735803,-8.27181884,-12.0761421,-7.33184734,-12.04771731,-25.06629022,-16.31234684,-6.36842599
7.55,29.64464907,5.17641782,-6.08332128,-23.47712308,3.10373016,-8.26899122,-11.28618886,-8.02537611,-12.03516327,-26.70941102,-17.74918649,-7.21180195
7.555,28.91601193,5.47494891,-6.2793913,-23.05125496,3.26144681,-8.31900656,-10.45871914,-8.60858302,-11.84794265,-28.37556636,-19.27671121,-8.25350205
7.56,28.18627146,5.86261416,-6.45634902,-22.55851099,3.30887213,-8.30325515,-9.5734685,-9.2640534,-11.7506209,-30.07954006,-20.6037685,-9.14752939
7.565,27.42940533,6.12058814,-6.62195248,-22.06955792,3.47991908,-8.3424199,-8.64982122,-9.78210841,-11.48787216,-31.79024944,-22.02061481,-10.25221277
7.57,26.66337764,6.41235481,-6.77700592,-21.53514614,3.59147734,-8.35332057,-7.68066571,-10.32042584,-11.24663405,-33.52241949,-23.2668574,-11.25343051
7.575,25.89017854,6.70129904,-6.93249747,-20.98419113,3.66347842,-8.35330363,-6.67143268,-10.84630549,-10.99127018,-35.27270493,-24.37593171,-12.21590215
7.58,25.10051374,6.91918317,-7.05695082,-20.39675696,3.79682031,-8.37818277,-5.62324568,-11.27164432,-10.64059192,-37.00024532,-25.46050359,-13.23159761
7.585,24.30860644,7.13170246,-7.18574594,-19.80033175,3.88683023,-8.39119002,-4.54139692,-11.67705738,-10.27826803,-38.73256683,-26.38339048,-14.18240768
7.59,23.50796465,7.34067168,-7.31791824,-19.19052413,3.92061258,-8.39412578,-3.43374272,-12.06312447,-9.89967824,-40.46402368,-27.12453308,-15.05597918
7.595,22.70397452,7.49420948,-7.44358937,-18.56524593,3.97798992,-8.41623165,-2.29608657,-12.3668883,-9.46548072,-42.16490999,-27.78479824,-15.9208105
7.6,21.90512182,7.6096303,-7.563318,-17.94172279,4.03209137,-8.44069563,-1.13316563,-12.60435178,-9.00093895,-43.83895798,-28.32920398,-16.74760096
7.605,21.10420097,7.69532612,-7.6830485,-17.31086837,4.06503856,-8.46391492,0.04682006,-12.78897033,-8.51788275,-45.48055142,-28.72838497,-17.50656164
7.61,20.30742966,7.74996276,-7.81132051,-16.6803841,4.08459533,-8.4905314,1.24333966,-12.91421858,-8.0109886,-47.08588091,-28.99566598,-18.20761113
7.615,19.51528142,7.76946657,-7.94230708,-16.05572283,4.09114162,-8.51765446,2.44957825,-12.97870884,-7.49199185,-48.64811581,-29.1271498,-18.840845
7.62,18.73060179,7.75980119,-8.083168,-15.43337973,4.07882894,-8.54280459,3.66610606,-12.98609749,-6.96167305,-50.1641833,-29.13268284,-19.41399422
7.625,17.9438144,7.72170532,-8.23540301,-14.80096058,4.05667351,-8.56721352,4.8798283,-12.93759276,-6.43153356,-51.61784943,-29.00947547,-19.91299159
7.63,17.18481835,7.64989688,-8.39320965,-14.20709478,4.02081603,-8.5883518,6.10634196,-12.828693,-5.89386965,-53.02918389,-28.77664629,-20.35306155
7.635,16.43876475,7.54846068,-8.5592531,-13.62896552,3.97613345,-8.6043854,7.33071451,-12.66514595,-5.3639186,-54.38076366,-28.42788125,-20.72124693
7.64,15.70026806,7.42018399,-8.7322128,-13.05945665,3.92761186,-8.61620827,8.5429251,-12.44824558,-4.84827303,-55.66301954,-27.97006649,-21.01578079
7.645,14.97880922,7.27322146,-8.92198272,-12.50439816,3.87274117,-8.62207931,9.75328524,-12.19066018,-4.34246134,-56.88108963,-27.41430469,-21.23332752
7.65,14.26906235,7.10495021,-9.12196125,-11.96411522,3.8195083,-8.62315945,10.94925213,-11.89184206,-3.86056914,-58.02698289,-26.76811766,-21.37632114
7.655,13.57716299,6.91938627,-9.32536343,-11.44835578,3.76892321,-8.61596434,12.13312683,-11.55574554,-3.39845991,-59.10406047,-26.03585586,-21.43667144
7.66,12.89761657,6.71595773,-9.53545668,-10.95770462,3.72344125,-8.60372178,13.29579562,-11.18639234,-2.9640105,-60.10741947,-25.23452058,-21.43021901
7.665,12.23163888,6.50147015,-9.7499328,-10.49004925,3.68764386,-8.5848958,14.43654328,-10.78866899,-2.55652155,-61.03511106,-24.36874427,-21.35272921
7.67,11.57678976,6.27289416,-9.96695171,-10.04705277,3.66197053,-8.56156048,15.55157222,-10.36659889,-2.18144635,-61.88424055,-23.45907354,-21.22347355
7.675,10.93435504,6.03546327,-10.18886761,-9.6291398,3.64934689,-8.53301928,16.6411739,-9.92489809,-1.83615382,-62.65513021,-22.50785952,-21.03893887
7.68,10.303171,5.79073285,-10.40665382,-9.2366096,3.65470904,-8.49954518,17.70140333,-9.46992592,-1.52768729,-63.34526961,-21.52874537,-20.80624336
7.685,9.68215896,5.53933797,-10.62501118,-8.87147065,3.67535119,-8.46287727,18.73169684,-9.00318663,-1.25064704,-63.95437905,-20.53403888,-20.54155986
7.69,9.06961317,5.28333683,-10.84053303,-8.53094148,3.71366243,-8.42392474,19.72906735,-8.52878046,-1.00745415,-64.48083853,-19.5391866,-20.25660116
7.695,8.46852284,5.02453111,-11.05199339,-8.22304477,3.77072554,-8.37949415,20.69518897,-8.05114332,-0.79482605,-64.9280576,-18.54040819,-19.94027183
7.7,7.86843133,4.76631419,-11.26195341,-7.92791953,3.84977543,-8.3382633,21.62417877,-7.57803575,-0.62033605,-65.28715105,-17.56568451,-19.63424648
7.705,7.2767905,4.50762337,-11.46645817,-7.66396365,3.94781999,-8.29415655,22.51892411,-7.10557502,-0.47218768,-65.56557877,-16.60637613,-19.32356553
7.71,6.68929915,4.24831165,-11.66383401,-7.42280504,4.06474393,-8.24949039,23.37679721,-6.63778928,-0.35492552,-65.75911007,-15.67957314,-19.02575841
7.715,6.1049147,3.99225571,-11.85599354,-7.20443328,4.20078811,-8.20493294,24.19775297,-6.17887381,-0.26464604,-65.86970027,-14.78770498,-18.74771926
7.72,5.52392704,3.73623582,-12.04198476,-7.00761382,4.35304629,-8.16314619,24.9808527,-5.7265294,-0.20009437,-65.89376129,-13.9403969,-18.50554975
7.725,4.94207773,3.48842261,-12.22475678,-6.82986121,4.52507481,-8.11854322,25.72534959,-5.29013553,-0.15695162,-65.83600746,-13.129897,-18.28735055
7.73,4.36199768,3.2411462,-12.39858193,-6.66885913,4.70997754,-8.07770825,26.43191125,-4.86237152,-0.13870369,-65.69142143,-12.37593136,-18.11532356
7.735,3.77831545,3.01076899,-12.57414956,-6.52556451,4.91096821,-8.03191252,27.0999344,-4.45733786,-0.12850514,-65.46707461,-11.6607603,-17.9830338
7.74,3.20312356,2.76052512,-12.73184925,-6.39452994,5.11560351,-8.00276652,27.73238705,-4.04548703,-0.15489462,-65.14923445,-11.02052584,-17.90919719
7.745,2.61642581,2.53266945,-12.89421158,-6.27628367,5.33574195,-7.95967968,28.31993716,-3.66300607,-0.18477216,-64.75156173,-10.41309157,-17.86917183
7.75,2.03037296,2.30469011,-13.05027574,-6.16623442,5.56144475,-7.92083728,28.87200192,-3.28838483,-0.23018242,-64.26869059,-9.86201282,-17.88023247
7.755,1.44362663,2.0874284,-13.20548709,-6.06416543,5.78987044,-7.88321049,29.38866693,-2.93192883,-0.28231104,-63.7033286,-9.36200882,-17.94254627
7.76,0.84875727,1.8771452,-13.36063968,-5.9682957,6.02381574,-7.83684087,29.86075156,-2.59202041,-0.3439227,-63.05155303,-8.91033869,-18.04882666
7.765,0.2517252,1.67384643,-13.51547061,-5.87434553,6.2569339,-7.78866617,30.29770219,-2.26583728,-0.41063418,-62.31694076,-8.50724966,-18.20284033
7.77,-0.31816708,1.47887365,-13.65149527,-5.79073372,6.47030443,-7.76209186,30.72854155,-1.94198864,-0.45670764,-61.50554812,-8.14338314,-18.39218563
7.775,-0.93188072,1.29359154,-13.82015389,-5.68868574,6.70082484,-7.70259412,31.08114854,-1.65857159,-0.5507138,-60.59982052,-7.83483453,-18.62596699
7.78,-1.5240607,1.12337596,-13.97996294,-5.59092001,6.91354231,-7.64874663,31.42571123,-1.38362129,-0.61906455,-59.62021356,-7.55711148,-18.88898934
7.785,-2.10661324,0.95747888,-14.12826744,-5.49409738,7.10983256,-7.59527629,31.74466413,-1.11491541,-0.6788097,-58.55752858,-7.31177137,-19.16885361
7.79,-2.68590005,0.80407611,-14.28606103,-5.38864109,7.29374213,-7.53805862,32.03639891,-0.86685024,-0.73913988,-57.41520688,-7.09296658,-19.46704427
7.795,-3.26994794,0.66506591,-14.45870988,-5.27621936,7.47112678,-7.46375971,32.2898979,-0.64443841,-0.80606624,-56.19186829,-6.9054739,-19.7875454
7.8,-3.83972946,0.54337687,-14.63828176,-5.1590581,7.6345581,-7.38268794,32.52577804,-0.44347326,-0.86388633,-54.89243683,-6.73169683,-20.11217495
7.805,-4.38415475,0.42332709,-14.79555601,-5.03659651,7.76652036,-7.30274906,32.75251763,-0.24177872,-0.90185595,-53.51182297,-6.56828963,-20.4105877
7.81,-4.92612306,0.31644168,-14.96794058,-4.9059656,7.88576569,-7.20863981,32.94701475,-0.06515162,-0.94667587,-52.05206446,-6.41877121,-20.70566384
7.815,-5.4605033,0.22465601,-15.15002813,-4.76944974,7.99735354,-7.0946559,33.11383749,0.08580792,-0.99391282,-50.51572467,-6.27762673,-20.99210273
7.82,-5.98892224,0.15387292,-15.3394337,-4.63066875,8.11143256,-6.94974556,33.25147333,0.21643566,-1.01789008,-48.90738212,-6.12363743,-21.27913733
7.825,-6.4582268,0.07568885,-15.51872669,-4.48386535,8.1620614,-6.84022976,33.40630153,0.33560604,-1.06420286,-47.21495728,-5.97737199,-21.46222449
7.83,-6.91421808,0.00475713,-15.67602623,-4.34298417,8.19403861,-6.7047077,33.53240352,0.45158833,-1.07542026,-45.44669893,-5.81802059,-21.61727495
7.835,-7.37365848,-0.05258199,-15.85556032,-4.18881489,8.23278296,-6.54059768,33.61617927,0.53308541,-1.11398033,-43.60237388,-5.65757586,-21.73840703
7.84,-7.79814257,-0.09858367,-16.02947926,-4.04191802,8.24729707,-6.36865616,33.69091885,0.5970796,-1.13789264,-41.68890321,-5.47881998,-21.79907477
7.845,-8.22500088,-0.13501994,-16.20994974,-3.88421884,8.26824305,-6.16602148,33.7232474,0.6330685,-1.18517075,-39.7041702,-5.28968871,-21.79616778
7.85,-8.61534743,-0.16557559,-16.37150013,-3.73764411,8.25974824,-5.95571284,33.74457816,0.65706492,-1.21398871,-37.65409253,-5.08663892,-21.711076
7.855,-9.00140935,-0.18754655,-16.52602885,-3.60099367,8.25183387,-5.70664777,33.72327017,0.66175947,-1.23565265,-35.54417914,-4.84374447,-21.53603952
7.86,-9.31726413,-0.20349483,-16.65469102,-3.47731696,8.19018344,-5.50303789,33.72376032,0.64479425,-1.26067807,-33.37781293,-4.66196084,-21.28443933
7.865,-9.66124088,-0.20868629,-16.78547429,-3.34637118,8.15299333,-5.24071646,33.65950464,0.59837071,-1.30419665,-31.16727464,-4.42176614,-20.91630644
7.87,-9.98911512,-0.19704113,-16.90758011,-3.22110358,8.10928185,-4.96503352,33.57581071,0.52660399,-1.34368054,-28.92649923,-4.15938026,-20.45075593
7.875,-10.29516644,-0.17715503,-17.00610865,-3.1135307,8.0593307,-4.68396858,33.47180954,0.43223903,-1.37852433,-26.66013876,-3.90301337,-19.88794829
7.88,-10.59044194,-0.14324651,-17.09822009,-3.0114603,7.98941786,-4.39135504,33.34949622,0.3153175,-1.41119598,-24.38557554,-3.64028753,-19.23502027
7.885,-10.8748177,-0.09751953,-17.17404232,-2.92060355,7.9042651,-4.08739591,33.21025373,0.17633492,-1.4384319,-22.1163002,-3.39035099,-18.49193279
7.89,-11.15156808,-0.0358531,-17.23261691,-2.84631072,7.80955925,-3.77126084,33.05503565,0.01052146,-1.45990924,-19.87066469,-3.1638313,-17.65782388
7.895,-11.42798258,0.0324348,-17.27194525,-2.78726188,7.72145121,-3.44329614,32.88141623,-0.17415286,-1.48184001,-17.66347117,-2.94477654,-16.73455564
7.9,-11.70903505,0.13040047,-17.28068105,-2.76027756,7.65805426,-3.11160376,32.6880417,-0.39746959,-1.48325611,-15.52341339,-2.75470963,-15.7105037
7.905,-11.97509168,0.20221028,-17.29953485,-2.72455413,7.54477465,-2.76969312,32.50725377,-0.60029425,-1.49270153,-13.44896015,-2.57612747,-14.69369944
7.91,-12.25339649,0.30216949,-17.29180041,-2.72085244,7.46194233,-2.42406877,32.31528406,-0.83542618,-1.47905674,-11.48829703,-2.41183726,-13.58812156
7.915,-12.52241364,0.39499469,-17.27736393,-2.73661429,7.36507473,-2.08142463,32.13810136,-1.06420458,-1.448507,-9.64547282,-2.27464391,-12.49000053
7.92,-12.79659649,0.48366614,-17.25244294,-2.77196736,7.28072897,-1.73677635,31.96888656,-1.2911391,-1.4063041,-7.94302799,-2.13606562,-11.36001967
7.925,-13.0665963,0.55670575,-17.22572045,-2.83165426,7.18643031,-1.39611934,31.81688589,-1.5010143,-1.34645385,-6.38612096,-2.01782677,-10.2540811
7.93,-13.33816134,0.60739759,-17.1978245,-2.9126219,7.09315314,-1.05785789,31.68006699,-1.68776187,-1.27609297,-4.98421778,-1.90832585,-9.16874872
7.935,-13.6098284,0.62990866,-17.17216034,-3.01685238,6.99427905,-0.72625436,31.56039621,-1.84211325,-1.1946428,-3.74106785,-1.81890006,-8.13372988
7.94,-13.88520821,0.61596719,-17.15255842,-3.14193176,6.89307306,-0.39715484,31.45552444,-1.95654941,-1.10928877,-2.66000385,-1.73472512,-7.14384425
7.945,-14.15780517,0.56063292,-17.14257302,-3.29546231,6.77312979,-0.07479767,31.36945203,-2.02383795,-1.01031576,-1.74336175,-1.67101712,-6.2317383
7.95,-14.43726603,0.45936879,-17.1442347,-3.46785714,6.65009008,0.24441835,31.29658583,-2.03922747,-0.91560096,-0.99120059,-1.61083835,-5.38155949
7.955,-14.72376139,0.31179352,-17.15927109,-3.65830443,6.52162098,0.55769703,31.2364474,-1.99997189,-0.82389506,-0.40121158,-1.55632825,-4.61018277
7.96,-15.00901634,0.11408813,-17.19012786,-3.87553174,6.36851481,0.86306241,31.1948143,-1.90197914,-0.72743542,0.02535079,-1.51845309,-3.93478535
7.965,-15.29461363,-0.12898484,-17.24430964,-4.11124957,6.19256992,1.15675588,31.16358838,-1.75054594,-0.63755481,0.31169489,-1.49510354,-3.35869684
7.97,-15.59263593,-0.42743498,-17.30635534,-4.38029322,6.00932231,1.46446362,31.14978482,-1.53401573,-0.54882665,0.40804284,-1.48094306,-2.83324308
7.975,-15.88085899,-0.77205843,-17.39483225,-4.6643721,5.77736235,1.74469756,31.1612636,-1.25742092,-0.45953869,0.36702764,-1.49386693,-2.42971167
7.98,-16.17045547,-1.1676411,-17.51108973,-4.97615481,5.51516018,2.02213492,31.18796493,-0.92228722,-0.38178257,0.17709234,-1.51081124,-2.10687033
7.985,-16.46541501,-1.60879014,-17.6565212,-5.30633766,5.22344131,2.29680694,31.23317923,-0.53189629,-0.3201702,-0.16349632,-1.53157274,-1.86518612
7.99,-16.75782695,-2.09085231,-17.82195076,-5.6612533,4.89511966,2.56224331,31.29686539,-0.09230146,-0.26971738,-0.63626731,-1.56425669,-1.70613449
7.995,-17.08039532,-2.61461368,-18.03313978,-6.03911354,4.55940303,2.86739968,31.34981371,0.3989031,-0.22934461,-1.23972497,-1.56828058,-1.6135022
8,-17.33283965,-3.16570943,-18.22214941,-6.45080258,4.12042507,3.07174732,31.47528865,0.913615,-0.21012667,-1.9524413,-1.66147689,-1.60908133
8.005,-17.60860544,-3.75205506,-18.45186133,-6.8853164,3.65628603,3.30816489,31.58918593,1.47071034,-0.20541439,-2.76610447,-1.7429908,-1.66742274
8.01,-17.80661587,-4.32172458,-18.65362838,-7.34943487,3.11574714,3.42677308,31.79861651,2.01794059,-0.17070805,-3.71066143,-1.72461077,-1.78268812
8.015,-18.11422494,-4.99349779,-18.95168023,-7.85390476,2.58396423,3.71541851,31.86404071,2.6443123,-0.24071839,-4.65910333,-1.95119584,-1.95405421
8.02,-18.3406911,-5.63991997,-19.22103437,-8.3880127,1.95693575,3.89646033,32.01774556,3.25062269,-0.28159707,-5.70380607,-2.05802254,-2.16947476
8.025,-18.55107804,-6.30475196,-19.49394551,-8.96214221,1.2882614,4.0487937,32.16668886,3.86330272,-0.33816077,-6.79407328,-2.1847046,-2.43533309
8.03,-18.70702362,-6.97239542,-19.76033029,-9.58128598,0.53875543,4.1383809,32.34211357,4.4629163,-0.41729375,-7.91479455,-2.31391427,-2.70456567
8.035,-18.83663222,-7.65197365,-20.01923479,-10.2432168,-0.26278309,4.18942089,32.50651935,5.05823865,-0.51586167,-9.04201162,-2.46074323,-2.99990087
8.04,-18.93064127,-8.34338529,-20.27189708,-10.95543993,-1.12538099,4.1927394,32.65772225,5.64369744,-0.63275142,-10.16303591,-2.6059187,-3.32087049
8.045,-18.98166501,-9.04285127,-20.50660214,-11.71858285,-2.04817118,4.13718342,32.79403045,6.21209151,-0.76458724,-11.26152989,-2.74564286,-3.65482102
8.05,-18.9857551,-9.75482692,-20.71576829,-12.53963587,-3.0303171,4.00865943,32.90558498,6.76512826,-0.91419259,-12.31654157,-2.88513846,-4.00430331
8.055,-18.92865498,-10.47160234,-20.9100445,-13.41271866,-4.07953379,3.81601726,33.00986652,7.29572223,-1.08660134,-13.33107771,-3.00317328,-4.32745955
8.06,-18.8180997,-11.20680827,-21.05743252,-14.35149241,-5.18202656,3.52110175,33.07296435,7.81156686,-1.27283489,-14.26976893,-3.12095327,-4.6696229
8.065,-18.64360613,-11.94957231,-21.1833954,-15.34961759,-6.34097718,3.15546725,33.11639297,8.30398685,-1.47886143,-15.14975541,-3.20715512,-4.99217064
8.07,-18.40179361,-12.7081873,-21.25064811,-16.4163516,-7.54992276,2.67433739,33.1191134,8.77692157,-1.69371673,-15.94039113,-3.27847043,-5.31843829
8.075,-18.08141068,-13.46441788,-21.20283674,-17.55493429,-8.80632472,2.00647828,33.08060464,9.20495449,-1.91266383,-16.64696926,-3.30298243,-5.68488761
8.08,-17.68780187,-14.23655881,-21.16052778,-18.75027628,-10.09598481,1.31981626,33.02222378,9.63099095,-2.14358263,-17.27362914,-3.30555356,-5.97887158
8.085,-17.21868713,-15.01686012,-21.05975484,-20.00496396,-11.4213675,0.53034334,32.92774109,10.03836613,-2.38076521,-17.81083028,-3.27808054,-6.25947505
8.09,-16.68110348,-15.82189404,-20.94161057,-21.31996198,-12.76050692,-0.30067878,32.78782641,10.45260073,-2.61414454,-18.24049866,-3.24721991,-6.50025043
8.095,-16.05060502,-16.59339458,-20.67348684,-22.69661037,-14.1146892,-1.32164958,32.62348303,10.7965,-2.87354435,-18.62378272,-3.11938718,-6.78686147
8.1,-15.36142746,-17.41085986,-20.43068315,-24.11780896,-15.4652166,-2.315313,32.40690281,11.18795229,-3.10857065,-18.87241116,-3.04220909,-7.00090867
8.105,-14.57862802,-18.19477584,-20.05182429,-25.59476916,-16.80628528,-3.44955302,32.15825245,11.52256185,-3.35459794,-19.05820729,-2.8832123,-7.24295533
8.11,-13.70095131,-18.93343486,-19.5720086,-27.12187892,-18.11882305,-4.67116588,31.89615881,11.80655153,-3.59961766,-19.19789749,-2.66074562,-7.48395389
8.115,-12.76451108,-19.69149998,-19.05462504,-28.6801151,-19.3895953,-5.89578958,31.57582442,12.11577011,-3.83271147,-19.21665911,-2.46926367,-7.69375661
8.12,-11.75998707,-20.42409342,-18.46648176,-30.2689288,-20.60828786,-7.13645114,31.22297474,12.40399471,-4.05967609,-19.17876429,-2.24653607,-7.90073934
8.125,-10.68674358,-21.12632709,-17.8011749,-31.88022109,-21.76066073,-8.3920106,30.83158052,12.67783135,-4.27209455,-19.06169616,-2.01660359,-8.09753491
8.13,-9.54503039,-21.79162442,-17.06542816,-33.50793012,-22.84735768,-9.648898,30.41102904,12.93517631,-4.47727805,-18.8808335,-1.77954689,-8.28510272
8.135,-8.3740164,-22.44759881,-16.29799926,-35.14453804,-23.82884277,-10.85579578,29.93455706,13.20903485,-4.68065672,-18.62574981,-1.58744958,-8.45645045
8.14,-7.09642413,-22.97005723,-15.38835533,-36.77495911,-24.7458867,-12.08724121,29.46202313,13.39452129,-4.83304341,-18.32730192,-1.30148192,-8.63435761
8.145,-5.83452512,-23.51590163,-14.48274477,-38.40615301,-25.52444696,-13.22109481,28.91205075,13.6291987,-5.01036382,-17.96654828,-1.10918686,-8.80025969
8.15,-4.47730932,-23.91473603,-13.48030218,-40.01003134,-26.23384808,-14.3375066,28.37721182,13.77349453,-5.12816085,-17.57001639,-0.84180331,-8.95972967
8.155,-3.15283056,-24.31393508,-12.47332962,-41.6021691,-26.77738677,-15.35793732,27.75707788,13.95508712,-5.27221,-17.11665625,-0.6773308,-9.10874602
8.16,-1.76770105,-24.58678512,-11.40982674,-43.1591783,-27.24058679,-16.32498451,27.14649894,14.07129122,-5.37005386,-16.64095758,-0.47389641,-9.25234242
8.165,-0.37950188,-24.78318563,-10.33034606,-44.6780888,-27.57862921,-17.19942672,26.50543951,14.16392364,-5.45345895,-16.13879782,-0.28734262,-9.38167742
8.17,1.01441218,-24.89219091,-9.23795246,-46.15689016,-27.80204847,-17.98456573,25.84266125,14.22333245,-5.52028179,-15.61574143,-0.11250388,-9.49819131
8.175,2.41065128,-24.91333572,-8.1447246,-47.5861076,-27.91503142,-18.68039729,25.16535291,14.25118153,-5.56954952,-15.0713532,0.04720272,-9.5976605
8.18,3.78704336,-24.85345319,-7.05989419,-48.96356803,-27.90152766,-19.28351637,24.46215623,14.24963735,-5.61048833,-14.51483634,0.18215679,-9.68450064
8.185,5.15090907,-24.70415173,-5.9986838,-50.28466247,-27.78365467,-19.78184339,23.75104382,14.21144845,-5.63649855,-13.94969535,0.31312162,-9.75154282
8.19,6.47655592,-24.474899,-4.9690845,-51.53150697,-27.53944474,-20.19144991,23.00932166,14.14008919,-5.65883306,-13.3582579,0.42192935,-9.80436094
8.195,7.78947269,-24.17188722,-3.9721682,-52.73558043,-27.207354,-20.49443202,22.28315257,14.0381383,-5.67322179,-12.80091672,0.52348134,-9.83121603
8.2,9.06935252,-23.8002498,-3.01887213,-53.87374087,-26.76988642,-20.70138234,21.55129444,13.90597747,-5.68612114,-12.24868045,0.61265244,-9.83519174
8.205,10.31215067,-23.3638927,-2.11716753,-54.94470593,-26.23945993,-20.80735293,20.81690795,13.74402784,-5.69934043,-11.70518684,0.69520293,-9.81418555
8.21,11.52296684,-22.87253014,-1.26564926,-55.94551034,-25.61383211,-20.80912254,20.08526993,13.55578865,-5.72319515,-11.16767409,0.77345813,-9.76590309
8.215,12.67951722,-22.33425838,-0.48911114,-56.86312453,-24.91613744,-20.71544877,19.34045672,13.34475281,-5.75083249,-10.62168771,0.85370718,-9.69142874
8.22,13.78358669,-21.74001749,0.22438081,-57.71710183,-24.14215052,-20.56842298,18.60002912,13.102774,-5.77699136,-10.11794809,0.92238258,-9.60371277
8.225,14.87294044,-21.13824301,0.88400176,-58.49762387,-23.27465781,-20.25513654,17.87468472,12.8592354,-5.82779427,-9.60719068,1.00612348,-9.4655821
8.23,15.89926452,-20.49851267,1.46610253,-59.20343132,-22.36306747,-19.90482709,17.1449086,12.59236833,-5.87755477,-9.12427107,1.08733386,-9.31195976
8.235,16.88145683,-19.84135974,1.98093955,-59.83577019,-21.40367368,-19.48355034,16.41896576,12.31421204,-5.93819374,-8.65745866,1.17226344,-9.13567576
8.24,17.82257328,-19.17804159,2.43197231,-60.39681685,-20.39618779,-18.97916805,15.69796326,12.03137099,-6.01361157,-8.20891671,1.26592082,-8.9288073
8.245,18.71730807,-18.50918635,2.8122886,-60.88074419,-19.36492453,-18.43556517,14.97906948,11.74111706,-6.09531124,-7.77541553,1.36556412,-8.70515352
8.25,19.56951534,-17.84338556,3.12695046,-61.29106777,-18.3119652,-17.84850907,14.26297647,11.44966162,-6.18674807,-7.35684342,1.4726406,-8.46146272
8.255,20.38153463,-17.19016642,3.382265,-61.6310815,-17.24247599,-17.21284438,13.54849376,11.16278404,-6.28963051,-6.95374474,1.5905102,-8.19345583
8.26,21.15307392,-16.55144574,3.57896831,-61.89881657,-16.17416001,-16.55818891,12.83385089,10.88134657,-6.40325891,-6.56298376,1.71754352,-7.90966656
8.265,21.88563148,-15.93187859,3.71608345,-62.09453865,-15.11221555,-15.89283994,12.1199731,10.60672964,-6.52211826,-6.18436091,1.85424948,-7.61192759
8.27,22.58039046,-15.3315304,3.79700747,-62.21916816,-14.06567961,-15.23842235,11.40711404,10.33895664,-6.64202706,-5.81865243,1.99637263,-7.30620857
8.275,23.23907527,-14.76229402,3.83202331,-62.27536299,-13.04047102,-14.58201841,10.68940934,10.08859705,-6.77521366,-5.45913239,2.15076894,-6.98659263
8.28,23.86342789,-14.21649212,3.81713175,-62.2646889,-12.04445498,-13.95544951,9.97188766,9.84708474,-6.90276388,-5.11154833,2.31067758,-6.66320526
8.285,24.45435807,-13.70352028,3.75989701,-62.18605494,-11.0800711,-13.35373806,9.25086623,9.62354146,-7.03554725,-4.76936035,2.47910795,-6.33376153
8.29,25.01348258,-13.21915276,3.66136846,-62.04184311,-10.15452791,-12.79515888,8.52763393,9.41420191,-7.16275631,-4.43473366,2.65193057,-6.00557248
8.295,25.54300496,-12.76975046,3.53297941,-61.83444733,-9.27159344,-12.27358429,7.79890091,9.22667806,-7.29924672,-4.10325441,2.83406106,-5.67474316
8.3,26.04962163,-12.33542512,3.37282444,-61.5642811,-8.4321001,-11.82939343,7.07789563,9.04437758,-7.39352379,-3.78176533,3.00479609,-5.3603664
8.305,26.52143649,-11.95373619,3.17107893,-61.22767672,-7.63640787,-11.41306258,6.34278526,8.89305023,-7.52192173,-3.4542302,3.19178452,-5.04673859
8.31,26.97286469,-11.59332509,2.95793878,-60.83301411,-6.88910411,-11.05885855,5.60979822,8.75693592,-7.63261492,-3.13289469,3.37905085,-4.74212134
8.315,27.40287937,-11.25862184,2.73374736,-60.38196368,-6.19099401,-10.75975185,4.87481297,8.64032908,-7.73484106,-2.81355738,3.56862845,-4.44612477
8.32,27.81371476,-10.95357186,2.48514105,-59.86921239,-5.53962177,-10.5257621,4.14403073,8.54084943,-7.82649688,-2.49535636,3.75369378,-4.1721999
8.325,28.20643576,-10.67411634,2.22095014,-59.30290778,-4.92944053,-10.34611837,3.41466894,8.45818966,-7.91010546,-2.17882777,3.9359832,-3.91506378
8.33,28.5800161,-10.41591693,1.96057944,-58.67248629,-4.36979655,-10.21725561,2.68825111,8.39566404,-7.98135692,-1.86387865,4.11877691,-3.67353236
8.335,28.93929108,-10.17883371,1.69069134,-57.98947947,-3.84974659,-10.13799964,1.96775798,8.34757347,-8.04563088,-1.55301867,4.29846707,-3.45123478
8.34,29.29020242,-9.9622724,1.41961569,-57.25233121,-3.3734424,-10.10719387,1.2576306,8.31655174,-8.098306,-1.24296446,4.47264743,-3.25453217
8.345,29.62780354,-9.76278662,1.14712015,-56.45971254,-2.93200069,-10.11604893,0.55645476,8.29943475,-8.14541581,-0.93800668,4.64330219,-3.07914423
8.35,29.96185675,-9.57181041,0.89268007,-55.61615758,-2.53678589,-10.15578505,-0.13210952,8.2970493,-8.17149503,-0.63230859,4.81105078,-2.92273012
8.355,30.28880294,-9.39845723,0.63359793,-54.71590061,-2.16644429,-10.22880259,-0.79981344,8.3067333,-8.20455038,-0.33894897,4.97259958,-2.79626397
8.36,30.60885581,-9.22583801,0.39840752,-53.76454094,-1.8323672,-10.31779903,-1.45592442,8.32597596,-8.21389145,-0.04794123,5.1325321,-2.68274048
8.365,30.92549383,-9.06437295,0.16549242,-52.75963474,-1.52849508,-10.42070115,-2.08973606,8.35476999,-8.22482927,0.23351907,5.28934364,-2.59257357
8.37,31.23765675,-8.90540134,-0.05587832,-51.7002183,-1.2492107,-10.53068557,-2.70129509,8.38938539,-8.23328575,0.50520045,5.44408273,-2.52176876
8.375,31.55574501,-8.75164481,-0.25899137,-50.59125431,-0.99600376,-10.63777419,-3.28302302,8.43409593,-8.23332465,0.76628702,5.59467344,-2.47225102
8.38,31.86863337,-8.59735569,-0.45210136,-49.42646117,-0.76181032,-10.73656159,-3.83882674,8.48074539,-8.23213814,1.01366009,5.74433796,-2.43872424
8.385,32.2132473,-8.44671639,-0.62249639,-48.21534501,-0.52470907,-10.82413627,-4.335873,8.54060608,-8.25483556,1.242247,5.88828458,-2.4415393
8.39,32.50966647,-8.28765917,-0.80214813,-46.93921903,-0.33461715,-10.88107212,-4.8413446,8.58239479,-8.24896773,1.45970652,6.04003813,-2.43015902
8.395,32.86034035,-8.11840172,-0.90890441,-45.62564185,-0.13518789,-10.91629673,-5.27152667,8.64531532,-8.24737725,1.65834841,6.18001595,-2.44826376
8.4,33.12151359,-7.95939595,-1.10568055,-44.23187377,0.01046895,-10.90146706,-5.73437281,8.67415439,-8.24485896,1.84256138,6.34167875,-2.44410212
8.405,33.44988278,-7.7803082,-1.19612234,-42.80628703,0.18335316,-10.87612648,-6.11053305,8.7282191,-8.25690989,2.00468225,6.4849931,-2.47342348
8.41,33.7008365,-7.60727667,-1.37109928,-41.30263984,0.31116554,-10.75675331,-6.50342902,8.74223754,-8.2438025,2.14633864,6.65224173,-2.46962991
8.415,34.00483291,-7.41699796,-1.45758109,-39.76417596,0.46085848,-10.6556568,-6.816149,8.78108988,-8.28671059,2.26138638,6.79933647,-2.51287896
8.42,34.27904912,-7.22110798,-1.57762245,-38.16262922,0.57842041,-10.47678245,-7.11076614,8.79335824,-8.31003905,2.36348007,6.96025847,-2.54390296
8.425,34.53550302,-7.02266268,-1.68822164,-36.51254697,0.68659608,-10.24277301,-7.38162113,8.80057685,-8.33195178,2.44451761,7.12447134,-2.56947128
8.43,34.77255909,-6.81781835,-1.80530347,-34.81261856,0.78534534,-9.94207934,-7.62368293,8.79094364,-8.36041558,2.50153145,7.29331451,-2.58922866
8.435,34.99109475,-6.61176257,-1.92113248,-33.07013649,0.87627287,-9.57520936,-7.84022511,8.77049717,-8.39042358,2.53648531,7.46581807,-2.60020076
8.44,35.19080755,-6.40606236,-2.02819564,-31.28873693,0.95320174,-9.15837799,-8.03371994,8.74833173,-8.42532442,2.54737831,7.63930081,-2.60831135
8.445,35.34118298,-6.24444882,-2.20047273,-29.48569251,1.1078006,-8.52058629,-8.22770334,8.71395303,-8.4054464,2.52474788,7.83675676,-2.53041783
8.45,35.51846724,-6.01673074,-2.24442035,-27.65454203,1.11034705,-8.10586169,-8.38016379,8.68747567,-8.49723692,2.51392427,7.99807027,-2.57495364
8.455,35.66441275,-5.81052122,-2.35048524,-25.80138811,1.11437494,-7.567293,-8.51297455,8.63123431,-8.53429558,2.47232951,8.17307204,-2.57302655
8.46,35.73965439,-5.67545656,-2.53629507,-23.96154958,1.2776711,-6.7471167,-8.67625049,8.57659451,-8.49663262,2.39260914,8.37828373,-2.44791375
8.465,35.85890141,-5.46035367,-2.53544398,-22.12491182,1.19000157,-6.26820832,-8.79889231,8.54052727,-8.59592839,2.3360248,8.53378593,-2.49100348
8.47,35.90014263,-5.32492062,-2.71455617,-20.30765604,1.28533011,-5.45370181,-8.94420418,8.46017318,-8.55307433,2.23265965,8.73053409,-2.37050528
8.475,35.95865097,-5.15939911,-2.77901988,-18.5258035,1.23528391,-4.83356338,-9.06889071,8.39843501,-8.58579169,2.127471,8.88577012,-2.33666127
8.48,35.985565,-5.01462134,-2.84656541,-16.79548236,1.21174468,-4.17068553,-9.21420371,8.33342032,-8.59361339,2.01668292,9.05479442,-2.27603421
8.485,35.99980448,-4.87642727,-2.88504471,-15.12974538,1.16424544,-3.54383927,-9.36575899,8.26872194,-8.60723903,1.89974941,9.21696991,-2.22319112
8.49,36.00875497,-4.75209579,-2.91361359,-13.54368835,1.09912409,-2.97575899,-9.51016852,8.20213661,-8.61710626,1.75565541,9.35883412,-2.17531207
8.495,35.99685328,-4.64066978,-2.91928459,-12.05970089,1.07049123,-2.39909713,-9.69344735,8.13713778,-8.60496932,1.63301066,9.51433379,-2.10943436
8.5,35.99196043,-4.53968115,-2.90511625,-10.68422531,1.02742685,-1.91207428,-9.8658411,8.06929147,-8.60030715,1.48377751,9.64527334,-2.05919515
8.505,35.97997648,-4.4485821,-2.86877805,-9.43259171,1.00932915,-1.47128845,-10.0526082,8.00134511,-8.60175087,1.32099746,9.77190086,-2.01227111
8.51,35.99347091,-4.36162551,-2.81469374,-8.30393715,0.96906338,-1.15347859,-10.22067923,7.92218869,-8.58616737,1.15009318,9.86499374,-1.98236919
8.515,36.02383898,-4.2707991,-2.69644778,-7.32063294,0.95203295,-0.92207111,-10.40437776,7.85983888,-8.59825059,0.99312237,9.96482639,-1.98726201
8.52,36.02833788,-4.18391383,-2.63437941,-6.45986473,0.97995203,-0.72232124,-10.60511293,7.75044507,-8.5756644,0.81639019,10.04933386,-1.95819288
8.525,36.0354955,-4.10304752,-2.54622913,-5.74491229,1.04847923,-0.60551542,-10.81906561,7.64211063,-8.55393581,0.62986612,10.1139991,-1.93243996
8.53,36.04328691,-4.02340574,-2.46176021,-5.16646629,1.12422895,-0.5722171,-11.04032979,7.5201272,-8.5312548,0.4310973,10.15771179,-1.90679737
8.535,36.09569857,-3.93080808,-2.3215582,-4.74138722,1.23545499,-0.60995749,-11.247983,7.39748912,-8.51978451,0.24574432,10.18315625,-1.9074189
8.54,36.07195042,-3.8376057,-2.25538449,-4.41689651,1.28448258,-0.77516783,-11.50963111,7.22840088,-8.48289261,0.02887653,10.19951846,-1.87494869
8.545,36.12402848,-3.72375794,-2.14041674,-4.26307365,1.42143204,-0.97190054,-11.73469248,7.0615156,-8.48375847,-0.17842219,10.18948132,-1.87572665
8.55,36.13083685,-3.60568191,-2.04673853,-4.19941919,1.50722795,-1.29832988,-11.99663331,6.8662806,-8.46923461,-0.38800178,10.1687431,-1.86448022
8.555,36.14175725,-3.47934118,-1.94576603,-4.25134858,1.59017988,-1.69193424,-12.25282088,6.6621209,-8.48010087,-0.62321404,10.12201335,-1.85402182
8.56,36.24035198,-3.35066463,-1.8662828,-4.47127039,1.80249548,-1.96188847,-12.45345648,6.46125672,-8.52899565,-0.8648366,10.03873856,-1.85952663
8.565,36.19740807,-3.18812989,-1.78510006,-4.7285342,1.77603681,-2.60658595,-12.77026395,6.19241553,-8.51576786,-1.09942092,9.96122553,-1.82580916
8.57,36.22606888,-3.02672972,-1.71151631,-5.1205686,1.83761331,-3.14785395,-13.03633696,5.93878199,-8.55646944,-1.34956733,9.84474687,-1.79195198
8.575,36.25489012,-2.85561377,-1.66231577,-5.60591571,1.88256245,-3.70382045,-13.30403905,5.6652335,-8.60309998,-1.60891208,9.70283444,-1.74960768
8.58,36.27883254,-2.67528749,-1.62982775,-6.17088554,1.89710509,-4.28445361,-13.57274065,5.3768383,-8.66384385,-1.88425099,9.53109475,-1.69320209
8.585,36.29616406,-2.48619487,-1.61701067,-6.80449531,1.87373826,-4.88177583,-13.84153954,5.07266274,-8.73828979,-2.17597322,9.33011951,-1.61978605
8.59,36.30922974,-2.28797247,-1.62728967,-7.49788257,1.81982619,-5.47425049,-14.10721546,4.75317834,-8.82516785,-2.48331777,9.09584394,-1.53016143
8.595,36.31596226,-2.08155536,-1.66523022,-8.23984901,1.72761519,-6.04841428,-14.36922264,4.41893454,-8.92638735,-2.80579888,8.82882715,-1.42728963
8.6,36.30909001,-1.86704391,-1.72967895,-9.01269538,1.59544147,-6.61073675,-14.62454861,4.06854107,-9.04200949,-3.15392342,8.52391609,-1.30579486
8.605,36.29359169,-1.64596787,-1.82272983,-9.81017031,1.42710479,-7.13412061,-14.86792947,3.70455982,-9.17090544,-3.52662859,8.17966395,-1.17209331
8.61,36.26076273,-1.41565696,-1.94190178,-10.61381871,1.21595398,-7.61857685,-15.09949605,3.3203755,-9.31500712,-3.92613997,7.79830257,-1.02938067
8.615,36.21187733,-1.17319749,-2.10206599,-11.41408054,0.97901806,-8.0656018,-15.31435314,2.92002339,-9.47165379,-4.36094448,7.36099619,-0.87272108
8.62,36.14184196,-0.9248244,-2.29048799,-12.1992881,0.70938723,-8.46463486,-15.51110983,2.50004886,-9.64048065,-4.82904881,6.88007738,-0.70914009
8.625,36.05321018,-0.66340912,-2.50909484,-12.95638846,0.41622222,-8.8005705,-15.6808131,2.06137142,-9.82212258,-5.33906592,6.34711315,-0.54752824
8.63,36.01556141,-0.43566923,-2.72980407,-13.72263344,0.20994763,-9.00061643,-15.77566293,1.65178996,-9.9784815,-5.8800509,5.6828468,-0.37745861
8.635,35.80254999,-0.1060018,-3.05068811,-14.36103448,-0.22097626,-9.30502595,-15.94097964,1.11535085,-10.20646801,-6.4920672,5.11688728,-0.2402122
8.64,35.64946148,0.18939585,-3.3497029,-14.9996162,-0.54072956,-9.46608837,-16.01779751,0.61939217,-10.42547864,-7.1408473,4.3954866,-0.08795143
8.645,35.53620691,0.45140908,-3.64388081,-15.62473467,-0.78887142,-9.53939003,-16.01366548,0.15454878,-10.60905595,-7.83500266,3.55199728,0.07585361
8.65,35.25327387,0.82639061,-4.05724857,-16.10500961,-1.18240242,-9.60529928,-16.0616867,-0.45536011,-10.86437713,-8.61156594,2.791269,0.13260429
8.655,35.00875693,1.16093045,-4.43856657,-16.57333664,-1.47080165,-9.58979241,-16.02958212,-1.01856302,-11.09191199,-9.43345522,1.86466266,0.22539655
8.66,34.75471867,1.51108324,-4.83519287,-16.98659909,-1.73846415,-9.50515667,-15.93824797,-1.59933117,-11.32818278,-10.32181033,0.88262308,0.27218724
8.665,34.46995607,1.87310487,-5.25030212,-17.33854854,-1.97344816,-9.36302133,-15.80180384,-2.20154187,-11.55938313,-11.27643021,-0.17898652,0.2827304
8.67,34.15461525,2.24772899,-5.67890859,-17.62883812,-2.17164772,-9.16074963,-15.61857625,-2.82329231,-11.786698,-12.29737821,-1.31391032,0.24789356
8.675,33.76944946,2.61686663,-6.14937016,-17.85710507,-2.2912145,-8.87264649,-15.42017532,-3.46716009,-11.95095239,-13.3816319,-2.54774829,0.14262272
8.68,33.41446206,3.00697922,-6.57926305,-18.04499587,-2.39580562,-8.55327649,-15.12799194,-4.11092821,-12.15706733,-14.53334793,-3.8399671,0.00857394
8.685,33.0310192,3.39847403,-7.02034455,-18.17508306,-2.45023767,-8.18890754,-14.78452034,-4.76390944,-12.36085516,-15.7482106,-5.21806345,-0.17712759
8.69,32.6651671,3.81536425,-7.41011814,-18.26948488,-2.50995603,-7.83716198,-14.36303903,-5.421249,-12.61959607,-17.02234283,-6.63095794,-0.35079501
8.695,32.18893852,4.1900632,-7.87965529,-18.2877621,-2.42024966,-7.34024829,-13.94084974,-6.09140049,-12.72809519,-18.35830369,-8.17972914,-0.71338093
8.7,31.73692547,4.58733443,-8.28953443,-18.27222963,-2.33945745,-6.87281612,-13.43567564,-6.76137594,-12.89771568,-19.74585596,-9.75630282,-1.04987206
8.705,31.25827813,4.98111296,-8.68741224,-18.21455063,-2.21481381,-6.37466537,-12.88334568,-7.43283328,-13.05073115,-21.18141511,-11.39562803,-1.44616635
8.71,30.75554422,5.37189212,-9.06796565,-18.11041017,-2.05552481,-5.86667088,-12.27904978,-8.10659948,-13.18573691,-22.66258225,-13.07617798,-1.8864514
8.715,30.23131361,5.77829107,-9.40680736,-17.94538732,-1.89760675,-5.3527751,-11.62052794,-8.79101457,-13.32352333,-24.18291534,-14.77082125,-2.35699971
8.72,29.67832937,6.12664551,-9.7764588,-17.78377966,-1.63637596,-4.81074383,-10.9279421,-9.4440199,-13.39460803,-25.73845644,-16.53461786,-2.92297355
8.725,29.10632331,6.48838959,-10.09782988,-17.56068679,-1.38833174,-4.28059162,-10.18146127,-10.10390362,-13.46238762,-27.32263924,-18.28019253,-3.50332155
8.73,28.51127094,6.8353083,-10.40374522,-17.30274411,-1.12251908,-3.75395839,-9.3919004,-10.75516021,-13.49922217,-28.93076645,-20.01659978,-4.13356646
8.735,27.89133067,7.1896066,-10.66211924,-16.97737359,-0.88242276,-3.25953173,-8.55498983,-11.41027983,-13.52128759,-30.5553894,-21.69718523,-4.75319964
8.74,27.25887908,7.47594919,-10.9499029,-16.67984247,-0.5571262,-2.73897189,-7.68511988,-12.01353479,-13.46970013,-32.19541677,-23.39432273,-5.50019788
8.745,26.60478288,7.76432905,-11.19327478,-16.31946744,-0.26765677,-2.25855462,-6.77086853,-12.61297113,-13.39565215,-33.84097709,-25.00065478,-6.22894194
8.75,25.92962709,8.03346019,-11.41530004,-15.91617248,0.01126975,-1.79976279,-5.81801077,-13.18975862,-13.27480628,-35.48520396,-26.52760519,-6.98973842
8.755,25.24858112,8.31320988,-11.62232041,-15.49018389,0.20535833,-1.39193282,-4.82943348,-13.77772058,-13.15641938,-37.13759882,-27.91752892,-7.7004613
8.76,24.54748367,8.51663151,-11.82614034,-15.04330973,0.47577961,-0.97515916,-3.80417923,-14.28136489,-12.92824994,-38.77056368,-29.27314913,-8.54111526
8.765,23.83732491,8.69088484,-12.00265846,-14.57533029,0.73070542,-0.60421308,-2.74832219,-14.74602132,-12.67069012,-40.38970196,-30.49163261,-9.33774081
8.77,23.12198279,8.83170929,-12.17284078,-14.09232385,0.96750046,-0.25404104,-1.66165189,-15.16169715,-12.36089756,-41.98820674,-31.59431961,-10.16988067
8.775,22.41228534,8.90486246,-12.32762211,-13.61130317,1.23869244,0.08719122,-0.54070884,-15.49198364,-11.99782065,-43.55674656,-32.61427967,-11.04233883
8.78,21.67402312,9.01384011,-12.47481598,-13.07056379,1.36724705,0.3512297,0.59039007,-15.84421908,-11.62833305,-45.10588039,-33.39116187,-11.81277668
8.785,20.95378798,9.04313086,-12.62143288,-12.55101828,1.53941597,0.60905137,1.75739901,-16.09595914,-11.1960058,-46.6175938,-34.10782716,-12.65374994
8.79,20.23185056,9.04697739,-12.75609128,-12.01927925,1.68342546,0.836153,2.93662289,-16.29203845,-10.73933626,-48.08941572,-34.66952945,-13.45976103
8.795,19.51653019,9.00300665,-12.88776756,-11.48176616,1.81555027,1.03759844,4.13411858,-16.41394128,-10.25235532,-49.51371623,-35.10020032,-14.25775983
8.8,18.80217019,8.94124736,-13.01701506,-10.95462274,1.90758527,1.19804592,5.33661192,-16.49657139,-9.75172755,-50.90447168,-35.36886999,-15.00725646
8.805,18.10156441,8.82883024,-13.14676683,-10.41885636,1.98725316,1.34894064,6.55502467,-16.49792584,-9.23415987,-52.23439285,-35.52267064,-15.76585067
8.81,17.40746073,8.68855891,-13.27368666,-9.89367713,2.04468411,1.4711714,7.76792735,-16.44031424,-8.71309069,-53.50978912,-35.52835021,-16.47590437
8.815,16.72222525,8.51650651,-13.40370551,-9.36100782,2.08600573,1.57879999,8.97996049,-16.3212979,-8.19864489,-54.71996335,-35.41524806,-17.15809277
8.82,16.05581008,8.31744804,-13.53000657,-8.86462413,2.10830538,1.66511988,10.18602801,-16.15069119,-7.69041804,-55.88072267,-35.17199056,-17.79574418
8.825,15.39755289,8.08993279,-13.65612935,-8.36509718,2.11996933,1.74097381,11.37812991,-15.92320347,-7.20614062,-56.96741885,-34.82263618,-18.38439532
8.83,14.68169626,7.81018557,-13.70760088,-7.88887711,2.11657999,1.75702936,12.44554125,-15.61822187,-6.82439924,-57.95751271,-34.30175698,-18.82444789
8.835,14.1195445,7.58025014,-13.91094043,-7.42361699,2.1103908,1.84303612,13.71295472,-15.35001832,-6.31023059,-58.94569897,-33.80279011,-19.40793348
8.84,13.50898517,7.29204047,-14.03372443,-6.98794273,2.10700754,1.89594853,14.85125734,-14.99993987,-5.91352327,-59.82688839,-33.1624906,-19.83790165
8.845,12.90509559,6.9947299,-14.15768092,-6.56833235,2.09631754,1.9340237,15.95981094,-14.6254857,-5.55417201,-60.63519933,-32.43434546,-20.20653914
8.85,12.2602195,6.66634211,-14.24242292,-6.16355747,2.06913827,1.93152208,16.966887,-14.20843682,-5.2821853,-61.3431903,-31.69860236,-20.56813554
8.855,11.73662562,6.36751115,-14.3952859,-5.79362366,2.08119358,2.00028049,18.08970605,-13.81240252,-4.96726994,-62.02229661,-30.77951889,-20.74617251
8.86,11.16956398,6.0424254,-14.50830391,-5.44241104,2.08131036,2.04049604,19.10394005,-13.38679113,-4.74698697,-62.59887206,-29.86073228,-20.9036372
8.865,10.57390003,5.70772581,-14.61824021,-5.0994557,2.05866279,2.02803492,20.04489843,-12.94502617,-4.57957424,-63.08226468,-29.04622268,-21.19386368
8.87,10.06222362,5.38075979,-14.70869991,-4.80549082,2.11122854,2.11996297,21.02060347,-12.52315154,-4.45723703,-63.51184026,-27.92272726,-21.04313074
8.875,9.51642719,5.05379942,-14.80158931,-4.52130824,2.13091252,2.16548855,21.91897294,-12.10147308,-4.38246842,-63.84996573,-26.9096171,-21.02541645
8.88,8.98127409,4.72415791,-14.88533248,-4.25847467,2.16971048,2.21699836,22.78031341,-11.68575391,-4.36114506,-64.10461997,-25.88928356,-20.95675601
8.885,8.4526465,4.39963327,-14.96347069,-4.01756747,2.22067899,2.27879783,23.60335824,-11.28511424,-4.383144,-64.27956448,-24.85413768,-20.82112257
8.89,7.93016639,4.07945054,-15.03338732,-3.79692143,2.28406325,2.34735034,24.38689998,-10.90188148,-4.45072385,-64.37333367,-23.82386818,-20.64999172
8.895,7.41110029,3.76829902,-15.10253904,-3.59414507,2.36176983,2.4258916,25.13107179,-10.54099125,-4.55666731,-64.38613029,-22.79267555,-20.42079999
8.9,6.9023713,3.45653271,-15.1514453,-3.41346664,2.45013154,2.51382305,25.83764302,-10.19629624,-4.71001949,-64.31674072,-21.78672971,-20.19387435
8.905,6.39278061,3.15789697,-15.2045805,-3.24761312,2.55370289,2.61333869,26.50407905,-9.87923017,-4.89253069,-64.1686885,-20.78495355,-19.9087993
8.91,5.89262094,2.86468518,-15.2455999,-3.09926007,2.66866805,2.72252529,27.13491895,-9.58410889,-5.11026408,-63.93741747,-19.81048216,-19.61783705
8.915,5.38124184,2.59712003,-15.30768922,-2.96151258,2.79466642,2.83895472,27.72705552,-9.32003964,-5.32436139,-63.63724281,-18.83865668,-19.26171651
8.92,4.90191742,2.30880992,-15.32431174,-2.84351214,2.93330699,2.96886438,28.28775206,-9.06791759,-5.61740847,-63.23741867,-17.9340469,-18.97994514
8.925,4.41347471,2.04035759,-15.34278798,-2.73398573,3.08013163,3.11331079,28.81006611,-8.83936668,-5.9028421,-62.76689922,-17.03504664,-18.65524004
8.93,3.9304425,1.78179028,-15.36491372,-2.63330195,3.23714506,3.26312973,29.29881205,-8.63477135,-6.20850692,-62.21522128,-16.17161701,-18.33004618
8.935,3.44968207,1.53877009,-15.39938283,-2.54002485,3.40020313,3.41501941,29.75713408,-8.45499279,-6.52047243,-61.58859348,-15.3422147,-18.01444487
8.94,2.976846,1.30192699,-15.42784718,-2.45479757,3.56978975,3.57329106,30.18415763,-8.29072371,-6.84324532,-60.88033248,-14.55010027,-17.71280303
8.945,2.50708626,1.07608306,-15.4536649,-2.3731541,3.74449719,3.73730506,30.58077331,-8.14091333,-7.16430413,-60.09435699,-13.79180945,-17.42268575
8.95,2.04128578,0.85939158,-15.47835258,-2.29394819,3.92422905,3.9054732,30.94687213,-8.00544126,-7.48852229,-59.22996069,-13.07063304,-17.14744403
8.955,1.5807614,0.65504546,-15.50239789,-2.21358685,4.10397155,4.0710852,31.28875226,-7.87835963,-7.79903602,-58.28928538,-12.39000882,-16.90291667
8.96,1.12777998,0.45878748,-15.52730919,-2.13470435,4.28476797,4.23433136,31.60433064,-7.76063371,-8.10640427,-57.27050303,-11.74841267,-16.68582747
8.965,0.68134543,0.27162026,-15.55292514,-2.05374944,4.46500403,4.39233154,31.89510189,-7.64896988,-8.40468693,-56.17478916,-11.1458599,-16.49908564
8.97,0.2138409,0.1105232,-15.59028385,-1.96188695,4.64980059,4.55496122,32.1463241,-7.546121,-8.66437877,-55.01027307,-10.56301149,-16.31583333
8.975,-0.18755382,-0.07254697,-15.60747777,-1.88129942,4.81681901,4.67887333,32.41093608,-7.43344977,-8.95407251,-53.75477539,-10.06048027,-16.2231108
8.98,-0.61283482,-0.23094055,-15.62691384,-1.79025679,4.98874346,4.80610809,32.63214057,-7.32632871,-9.20439689,-52.4316401,-9.57361117,-16.13493259
8.985,-1.02947685,-0.38083479,-15.64887873,-1.69226691,5.1554101,4.91644555,32.8332873,-7.21624157,-9.43471785,-51.03375028,-9.12358032,-16.07618526
8.99,-1.43830849,-0.52101472,-15.66966132,-1.58811169,5.3171814,5.00900199,33.01269427,-7.10307674,-9.64273346,-49.56113299,-8.70773088,-16.04743338
8.995,-1.8368071,-0.65280426,-15.68896271,-1.47921821,5.47216773,5.07955841,33.17269886,-6.98476069,-9.82994517,-48.01570955,-8.32564677,-16.04720951
9,-2.23440416,-0.7716274,-15.71128852,-1.36581175,5.62560959,5.13088667,33.30235411,-6.86860767,-9.99863976,-46.39840011,-7.97342477,-16.06835961
9.005,-2.56160851,-0.8328784,-15.78928947,-1.25097383,5.7316642,5.1033543,33.50669974,-6.74565615,-10.04043746,-44.7418424,-7.60527849,-16.15959996
9.01,-2.968148,-0.99350856,-15.72627212,-1.12306419,5.90144312,5.14407855,33.53236837,-6.60192262,-10.25113078,-42.95120943,-7.35918818,-16.17163892
9.015,-3.34393911,-1.08712995,-15.74067263,-0.99064583,6.03050599,5.12068005,33.59286433,-6.46637394,-10.34843569,-41.12479371,-7.08015676,-16.23549047
9.02,-3.69897371,-1.16982165,-15.74722439,-0.85811169,6.15476388,5.06712365,33.6405993,-6.32679128,-10.41480109,-39.23459575,-6.82487479,-16.29988827
9.025,-4.0500999,-1.24110358,-15.74914473,-0.72100501,6.27453975,4.98722136,33.66189585,-6.18765399,-10.4620053,-37.28543323,-6.58913902,-16.35753701
9.03,-4.38554651,-1.29957396,-15.74685318,-0.58652754,6.38569261,4.88308382,33.66657731,-6.04478444,-10.46987955,-35.27929126,-6.3651764,-16.39820242
9.035,-4.73240053,-1.34248606,-15.74114247,-0.43994432,6.49856427,4.75254469,33.63329333,-5.91175858,-10.4710771,-33.22438073,-6.15458679,-16.41973143
9.04,-5.05958691,-1.37406142,-15.72727518,-0.30704459,6.6007627,4.60461168,33.58371462,-5.77985271,-10.43054432,-31.12439968,-5.96004454,-16.40322209
9.045,-5.39312192,-1.38763435,-15.71254122,-0.16762082,6.70292954,4.43411697,33.50499799,-5.65667426,-10.36848044,-28.99016678,-5.7687978,-16.35159779
9.05,-5.72560719,-1.38181102,-15.69354467,-0.03112629,6.80176648,4.248003,33.40120307,-5.54754083,-10.27666265,-26.82975831,-5.5871531,-16.25213392
9.055,-6.0631054,-1.35711807,-15.66532954,0.10218596,6.89710187,4.04756375,33.26889579,-5.4538717,-10.15527506,-24.65367783,-5.41122923,-16.09616534
9.06,-6.40177692,-1.31123734,-15.64194395,0.22375401,6.98940668,3.83469481,33.11385259,-5.37933853,-10.00365406,-22.47643663,-5.23239412,-15.87843726
9.065,-6.73884785,-1.24418675,-15.61766308,0.34733904,7.08324812,3.62245164,32.94906956,-5.32301434,-9.82099725,-20.30957761,-5.07102257,-15.60619558
9.07,-7.08744393,-1.1553276,-15.58953052,0.45543597,7.17224002,3.40348533,32.75618619,-5.293054,-9.6080821,-18.16742539,-4.90208129,-15.259554
9.075,-7.43772799,-1.04711286,-15.56755177,0.56203981,7.26494604,3.19195516,32.55689955,-5.28333244,-9.36576084,-16.06503132,-4.75075654,-14.86311361
9.08,-7.79636555,-0.9167041,-15.5464181,0.65054405,7.35548399,2.98663286,32.34274248,-5.30203065,-9.09026358,-14.02335817,-4.59156647,-14.39796581
9.085,-8.08964394,-0.75202709,-15.57092261,0.70599675,7.49560818,2.83050579,32.19717202,-5.34423129,-8.72717936,-12.06531966,-4.54214926,-14.01350306
9.09,-8.52666823,-0.60094562,-15.52170103,0.791164,7.53652023,2.6128971,31.9138509,-5.40987122,-8.43824075,-10.1958682,-4.28092525,-13.33775047
9.095,-8.8890161,-0.42908463,-15.51006722,0.83434023,7.63457827,2.45686416,31.71158072,-5.49689336,-8.08457674,-8.44421922,-4.11156422,-12.716201
9.1,-9.25432585,-0.24866472,-15.51276263,0.86181461,7.72945891,2.3158372,31.52246482,-5.59404076,-7.68684131,-6.8166521,-3.95581961,-12.11100404
9.105,-9.62432889,-0.07335456,-15.52157293,0.87120275,7.82019469,2.19345119,31.34338832,-5.69699273,-7.27113092,-5.32287722,-3.78964938,-11.4816442
9.11,-9.99362026,0.09101708,-15.54124989,0.86000098,7.91084784,2.09281808,31.17952814,-5.79859197,-6.83868662,-3.96746783,-3.62852317,-10.85266705
9.115,-10.3642494,0.23659937,-15.57421245,0.83022561,7.99845527,2.0155611,31.02998432,-5.89072127,-6.39827582,-2.75449558,-3.46879615,-10.22944786
9.12,-10.73137389,0.36378984,-15.61397128,0.77396392,8.07991371,1.96294305,30.90023326,-5.97036715,-5.92601816,-1.69127521,-3.31982774,-9.66199025
9.125,-11.05437031,0.46218422,-15.67311914,0.67045725,8.19190425,1.90814848,30.8124411,-6.03382842,-5.4467402,-0.76520419,-3.28585554,-9.22229517
9.13,-11.46785091,0.52854744,-15.74339901,0.60297163,8.21574443,1.93224589,30.68867162,-6.05647542,-4.96417591,-0.01170177,-3.04496946,-8.64526406
9.135,-11.79242536,0.55553591,-15.82914007,0.45835314,8.30801426,1.9154007,30.63205586,-6.05867918,-4.4847047,0.61225631,-3.00305849,-8.27217746
9.14,-12.19631143,0.54675428,-15.92647974,0.34070872,8.31883035,2.00727646,30.54540325,-6.01449787,-3.99729136,1.06745056,-2.8257058,-7.85050247
9.145,-12.55956609,0.49111733,-16.04241975,0.17799,8.35528533,2.09016096,30.4982431,-5.93207308,-3.52459913,1.38399991,-2.73857945,-7.54611353
9.15,-12.92311166,0.39274672,-16.17600155,-0.00171344,8.36954178,2.20209018,30.46775348,-5.80546392,-3.05960534,1.55633503,-2.66926919,-7.32154612
9.155,-13.28060336,0.25161322,-16.32316986,-0.20299906,8.36237907,2.32953351,30.4551626,-5.63323647,-2.6046942,1.59393872,-2.61965517,-7.17623583
9.16,-13.64480394,0.06349853,-16.47737365,-0.40699608,8.336751,2.49263427,30.46882593,-5.40964072,-2.16933597,1.47227892,-2.59877008,-7.10213569
9.165,-14.0018726,-0.16905304,-16.66876176,-0.66496232,8.28570253,2.7062105,30.48048607,-5.14652642,-1.76165157,1.23438852,-2.6074341,-7.10474438
9.17,-14.35525373,-0.44438563,-16.85715673,-0.92263496,8.21236968,2.92712462,30.52316589,-4.83421492,-1.38569173,0.86103928,-2.64414198,-7.17248887
9.175,-14.70313427,-0.76155414,-17.05379637,-1.19831051,8.10190351,3.15835409,30.58375518,-4.47860862,-1.04391457,0.37015252,-2.70744081,-7.29216503
9.18,-15.04609213,-1.11769864,-17.26382788,-1.49603015,7.96476311,3.40921909,30.66258548,-4.0817956,-0.74646861,-0.23727371,-2.79858848,-7.46192945
9.185,-15.38444192,-1.50975323,-17.48299808,-1.81189746,7.79352503,3.6752514,30.7569592,-3.64834744,-0.49731377,-0.94755501,-2.91908822,-7.66956227
9.19,-15.7150925,-1.93488164,-17.70788275,-2.14708948,7.58559879,3.94723439,30.86802821,-3.1830635,-0.30104812,-1.75224858,-3.06329386,-7.90221015
9.195,-16.03834626,-2.39096422,-17.94005991,-2.50302125,7.33921248,4.22669777,30.99124634,-2.68966305,-0.16138182,-2.63825038,-3.23286637,-8.15314215
9.2,-16.35163815,-2.87337507,-18.17610874,-2.88129085,7.05350784,4.5077931,31.12480659,-2.1750971,-0.07955497,-3.59381066,-3.42189412,-8.41213123
9.205,-16.65088051,-3.38000125,-18.41379366,-3.28391056,6.72300098,4.78015627,31.26772203,-1.64526444,-0.06016489,-4.60497614,-3.62700971,-8.66587556
9.21,-16.89008684,-3.88099031,-18.60959815,-3.70099023,6.31577898,4.92442677,31.47676712,-1.12432375,-0.07516998,-5.68667152,-3.72771525,-8.84814117
9.215,-17.20329827,-4.45541834,-18.88446054,-4.17383135,5.93724483,5.28507604,31.56015014,-0.55918285,-0.20966698,-6.73771261,-4.0789684,-9.13051277
9.22,-17.40184615,-4.98251827,-19.0887024,-4.65414077,5.41853521,5.41160365,31.76925377,-0.03980161,-0.32442044,-7.86360194,-4.17532947,-9.29502394
9.225,-17.66644095,-5.59835375,-19.34943902,-5.18921547,4.94823463,5.69379164,31.84529255,0.52488126,-0.5827,-8.92445185,-4.51909243,-9.50596585
9.23,-17.85277554,-6.18377741,-19.57350237,-5.75213983,4.36297192,5.84428242,31.98149332,1.05256125,-0.84029932,-10.01123951,-4.71399617,-9.64630338
9.235,-17.97422578,-6.75374932,-19.76759479,-6.35498705,3.70077889,5.91416287,32.14722669,1.55658208,-1.10928482,-11.09146577,-4.81982712,-9.75205964
9.24,-18.12319681,-7.40478253,-19.98644715,-7.01442048,3.0644951,5.98704343,32.20067466,2.07894774,-1.51249286,-12.08354361,-5.07816799,-9.81379347
9.245,-18.17448121,-7.99873086,-20.17307669,-7.71499913,2.28494466,5.9958655,32.31863119,2.55735673,-1.83654299,-13.07689777,-5.13233333,-9.88060151
9.25,-18.24334434,-8.68618157,-20.35235764,-8.48099932,1.54298485,5.90701611,32.31570675,3.05732332,-2.31806639,-13.9584806,-5.32681001,-9.84329024
9.255,-18.23696287,-9.34469959,-20.51473095,-9.29542867,0.69080811,5.76594207,32.33564105,3.52867788,-2.76144823,-14.80737696,-5.39623668,-9.80083626
9.26,-18.179966,-10.02254105,-20.63825491,-10.17927128,-0.20333486,5.52405643,32.31502997,3.98836362,-3.22678563,-15.57862212,-5.42567895,-9.71062293
9.265,-18.06611083,-10.71047303,-20.74936569,-11.12105588,-1.15934431,5.19483235,32.27263272,4.43180367,-3.70602151,-16.28748468,-5.41406488,-9.5878622
9.27,-17.89365683,-11.40688425,-20.83498389,-12.12826106,-2.16877458,4.77238072,32.20019978,4.86248894,-4.18919627,-16.92329389,-5.35675757,-9.43422299
9.275,-17.66893563,-12.11033738,-20.85526923,-13.20143436,-3.24174231,4.21094365,32.08230876,5.26255818,-4.69719545,-17.49190581,-5.19453058,-9.2361204
9.28,-17.37073037,-12.83119529,-20.90348321,-14.33634493,-4.3498166,3.63441443,31.95824963,5.69091218,-5.14865161,-17.97917512,-5.08651236,-9.04002284
9.285,-17.01389391,-13.54424785,-20.85889941,-15.54574164,-5.52530372,2.87612179,31.77716345,6.06630022,-5.63834898,-18.39522061,-4.83699151,-8.8011827
9.29,-16.58833235,-14.2892577,-20.85996475,-16.81575809,-6.72403081,2.12734621,31.57865756,6.48707046,-6.06722106,-18.71617163,-4.66917936,-8.57093616
9.295,-16.1015368,-15.00520707,-20.71675217,-18.14757278,-7.98951094,1.17435136,31.33671571,6.83973963,-6.52216101,-19.00262483,-4.32219313,-8.30767949
9.3,-15.54717371,-15.73942296,-20.58085925,-19.536262,-9.27654769,0.2004614,31.06664274,7.21722313,-6.93332185,-19.19824608,-4.0121776,-8.04897917
9.305,-14.93398937,-16.49937847,-20.44976431,-20.97480213,-10.57719186,-0.78673315,30.76114985,7.62707744,-7.30047499,-19.30165437,-3.7544092,-7.79706077
9.31,-14.24094143,-17.19913768,-20.16322202,-22.47258597,-11.9215989,-1.95851693,30.42780202,7.94987571,-7.68085359,-19.38515859,-3.31959256,-7.53545267
9.315,-13.48595903,-17.91940261,-19.87364774,-24.01369318,-13.25454379,-3.11379891,30.06310053,8.30597015,-8.01344151,-19.3800856,-2.94604938,-7.28860469
9.32,-12.66591349,-18.62847853,-19.5245598,-25.59599177,-14.57824955,-4.30343756,29.66770874,8.65462358,-8.32011411,-19.3131619,-2.56358461,-7.0596844
9.325,-11.77854834,-19.31929774,-19.1152959,-27.21502977,-15.88115391,-5.50931708,29.24640247,8.9933428,-8.59610444,-19.18741328,-2.17734403,-6.84534415
9.33,-10.82672229,-19.98853806,-18.64050834,-28.8649389,-17.14536924,-6.71585529,28.79810118,9.32169594,-8.84435383,-19.0053146,-1.79304865,-6.65428649
9.335,-9.813864,-20.63117617,-18.09665335,-30.53863007,-18.35440247,-7.90658245,28.32103625,9.63895681,-9.06467966,-18.76621442,-1.41599726,-6.4922792
9.34,-8.73649361,-21.23698485,-17.49012041,-32.23125912,-19.50424678,-9.0612288,27.82790561,9.93939252,-9.25848024,-18.48399576,-1.04847181,-6.34992151
9.345,-7.59980796,-21.80184364,-16.81317154,-33.93478091,-20.5758276,-10.17497594,27.31388107,10.22167792,-9.42827376,-18.15601189,-0.69755552,-6.23353009
9.35,-6.43159092,-22.36352359,-16.11457124,-35.65099876,-21.533734,-11.17665199,26.76523948,10.52519108,-9.58796776,-17.77853782,-0.42056087,-6.1537571
9.355,-5.16595936,-22.78079099,-15.26543668,-37.35611328,-22.43585162,-12.19227516,26.22805474,10.72313989,-9.70233825,-17.38140973,-0.04750908,-6.09076873
9.36,-3.89714303,-23.22485574,-14.42832726,-39.06193416,-23.18783589,-13.05849371,25.64352053,10.97326801,-9.82545622,-16.93113296,0.18829197,-6.05456702
9.365,-2.54014453,-23.51529616,-13.47734434,-40.74887922,-23.86648097,-13.87875372,25.08566856,11.11906989,-9.90974116,-16.47909998,0.51499823,-6.03966198
9.37,-1.19090298,-23.81023985,-12.52374258,-42.41922876,-24.39103681,-14.57339814,24.47593426,11.29955909,-10.00853871,-15.97962683,0.71677681,-6.0458283
9.375,0.20829261,-23.99448217,-11.50612537,-44.06141671,-24.8112067,-15.18193237,23.87155589,11.41719972,-10.08969417,-15.4657675,0.93715421,-6.07003755
9.38,1.63352384,-24.09524416,-10.45980902,-45.67185118,-25.11409167,-15.68795946,23.26590523,11.49738679,-10.16489604,-14.94319744,1.14336752,-6.10227023
9.385,3.07480337,-24.1144158,-9.39301717,-47.24475732,-25.29813459,-16.08903782,22.65451223,11.54214698,-10.23865977,-14.40957873,1.33246791,-6.14212897
9.39,4.52553512,-24.05237966,-8.31478627,-48.77675121,-25.36555785,-16.38640254,22.03971915,11.55161887,-10.31483544,-13.87056024,1.50309504,-6.18555291
9.395,5.9801973,-23.9092769,-7.23311126,-50.26252387,-25.31945907,-16.58305366,21.42300637,11.52551486,-10.39790376,-13.32696668,1.65682239,-6.23013642
9.4,7.43084934,-23.68702459,-6.16045519,-51.69773733,-25.16480998,-16.67983404,20.80567669,11.46486135,-10.48803895,-12.78275032,1.79734808,-6.27207704
9.405,8.86520403,-23.38703235,-5.10893165,-53.07699102,-24.90792736,-16.6827283,20.18468687,11.37036061,-10.58504759,-12.24028133,1.92713642,-6.3104584
9.41,10.29241089,-23.01866084,-4.0770728,-54.40135327,-24.5504516,-16.59572243,19.57021664,11.24596976,-10.69980219,-11.70183896,2.04389436,-6.34358875
9.415,11.69001209,-22.57979988,-3.09064608,-55.65729054,-24.10723025,-16.42317026,18.95174036,11.09065366,-10.81760598,-11.16062568,2.15987086,-6.36801433
9.42,13.06916377,-22.08256344,-2.14185905,-56.86209507,-23.58801603,-16.16310134,18.35106768,10.91093415,-10.94516788,-10.65489939,2.26766557,-6.37987145
9.425,14.41399855,-21.52858885,-1.24410577,-57.9969427,-23.0000997,-15.83034376,17.75038036,10.70772132,-11.08124269,-10.15220015,2.37481822,-6.38329798
9.43,15.72279398,-20.92597212,-0.40959631,-59.06106661,-22.34558379,-15.44586363,17.1527143,10.47922798,-11.22333947,-9.66256393,2.47788299,-6.38478517
9.435,17.00048262,-20.28427986,0.36825781,-60.05828219,-21.64432453,-14.99366239,16.56617811,10.23620894,-11.37121801,-9.19077823,2.58101969,-6.37632304
9.44,18.23746503,-19.61538981,1.07693362,-60.97587897,-20.91040806,-14.48532026,15.97607755,9.9844351,-11.52762821,-8.71127749,2.69261698,-6.36297537
9.445,19.43304209,-18.91435419,1.71599117,-61.82305128,-20.14845999,-13.95840633,15.39633648,9.71556519,-11.67476937,-8.26167953,2.80131976,-6.3511777
9.45,20.59096594,-18.19476124,2.28516416,-62.59672867,-19.3678515,-13.40356807,14.82605595,9.43895272,-11.81841982,-7.82926163,2.91121378,-6.34040804
9.455,21.70819387,-17.46593571,2.7828719,-63.29494966,-18.58475198,-12.83595753,14.261259,9.15880881,-11.95734449,-7.41230868,3.02377841,-6.33410841
9.46,22.78512003,-16.72959558,3.20687845,-63.91634659,-17.80665581,-12.27175387,13.70388088,8.8738745,-12.0834508,-7.01189111,3.13876597,-6.33588074
9.465,23.82630391,-15.99666427,3.56063645,-64.46300769,-17.0360024,-11.70294675,13.15617463,8.59041371,-12.19705422,-6.62773854,3.25729453,-6.3458308
9.47,24.83239327,-15.28121415,3.8604607,-64.93997282,-16.2983679,-11.13650466,12.61113404,8.32174404,-12.31015277,-6.26056935,3.38043147,-6.37057664
9.475,25.79071388,-14.55215007,4.05603592,-65.32327619,-15.58036501,-10.66074294,12.07880916,8.02800736,-12.37026006,-5.90707292,3.50123961,-6.40894556
9.48,26.72233126,-13.85872244,4.21231107,-65.64445909,-14.89401326,-10.16374771,11.55113567,7.76213769,-12.44014628,-5.57251682,3.62615842,-6.46686444
9.485,27.61713608,-13.17846262,4.29587718,-65.88133057,-14.25180083,-9.74369059,11.03024349,7.49524281,-12.46846343,-5.2452285,3.7532834,-6.53924236
9.49,28.47998181,-12.52341735,4.3247343,-66.04623376,-13.64547328,-9.36024396,10.5162939,7.23953743,-12.48174084,-4.93574751,3.88243474,-6.63242986
9.495,29.31259176,-11.89850607,4.30048537,-66.1380729,-13.08084014,-9.0237243,10.00970845,6.996834,-12.47215097,-4.6410435,4.01344273,-6.74621552
9.5,30.1156546,-11.30055484,4.22567498,-66.15426432,-12.55542256,-8.74467177,9.51151149,6.76402286,-12.43580599,-4.359311,4.14617253,-6.87700187
9.505,30.89031537,-10.73533282,4.10825421,-66.09927566,-12.06843797,-8.51368648,9.01830481,6.54595941,-12.37873952,-4.09030218,4.28083237,-7.02958214
9.51,31.63885047,-10.19613084,3.96013039,-65.97397793,-11.61778953,-8.33856982,8.53520862,6.33908252,-12.29463641,-3.84347563,4.4143593,-7.19756742
9.515,32.36108103,-9.69744801,3.76690249,-65.77533931,-11.19917938,-8.20977001,8.0533292,6.14974961,-12.19480958,-3.59268893,4.55440583,-7.38676762
9.52,33.0565066,-9.24257975,3.53854965,-65.50482241,-10.81351408,-8.12079974,7.57644367,5.98232809,-12.06610378,-3.35313644,4.69383392,-7.59959817
9.525,33.73461388,-8.79821941,3.31531765,-65.16856914,-10.4490695,-8.0924603,7.11403707,5.82224568,-11.92672725,-3.13930005,4.83226342,-7.80995266
9.53,34.37927014,-8.41983633,3.03018679,-64.7569011,-10.11696528,-8.08576273,6.64672786,5.68889735,-11.75936895,-2.9180724,4.97409454,-8.06233808
9.535,35.01482853,-8.04328958,2.77734417,-64.28376782,-9.79133048,-8.13052365,6.19513417,5.56548199,-11.58715979,-2.71893673,5.11523711,-8.29279505
9.54,35.62204463,-7.719295,2.48693353,-63.73775234,-9.48744677,-8.19761171,5.74418846,5.46531725,-11.40191138,-2.52145888,5.26058852,-8.54649655
9.545,36.21245567,-7.42105848,2.20864755,-63.12601689,-9.19237255,-8.2897042,5.30046591,5.38560608,-11.21291121,-2.33536533,5.40521725,-8.80509011
9.55,36.78299059,-7.15200731,1.93216297,-62.44701086,-8.90980481,-8.39601995,4.86181513,5.32494291,-11.01783322,-2.15651632,5.54964913,-9.07579763
9.555,37.34011506,-6.90889537,1.66931538,-61.70051496,-8.61638835,-8.51480765,4.433637,5.28566797,-10.83535972,-1.98580509,5.70073994,-9.32284931
9.56,37.87588585,-6.689988,1.41441863,-60.88521765,-8.32568734,-8.63470522,4.01069583,5.26307732,-10.64622069,-1.82346477,5.85310631,-9.57371914
9.565,38.39306512,-6.49119414,1.18070616,-60.00144299,-8.03597561,-8.74753873,3.59335883,5.26017134,-10.45491343,-1.66850133,6.00309221,-9.83098197
9.57,38.89402979,-6.31993652,0.95103855,-59.04702645,-7.72380827,-8.85432992,3.18731875,5.27597298,-10.28393349,-1.51897419,6.1600197,-10.06021233
9.575,39.37572111,-6.16221546,0.74940075,-58.02324335,-7.40978547,-8.93924549,2.78633049,5.30900873,-10.11479151,-1.3756338,6.31683348,-10.28230326
9.58,39.86172997,-5.99051712,0.64061487,-56.93486516,-7.07207263,-9.02756259,2.40431097,5.37551899,-10.05764119,-1.2420568,6.5087966,-10.44471897
9.585,40.27271402,-5.89134212,0.39664184,-55.75111755,-6.72171991,-9.03858245,2.01234251,5.41840883,-9.82371313,-1.11571582,6.65457659,-10.67129262
9.59,40.71320478,-5.74801082,0.3190633,-54.51257515,-6.37406446,-9.08585445,1.64632419,5.51268989,-9.7780433,-0.99106777,6.83846734,-10.82245014
9.595,41.07273329,-5.66652467,0.12157772,-53.17741028,-5.96244744,-8.99092121,1.2679588,5.58060418,-9.57926394,-0.87979551,6.9861531,-11.02929564
9.6,41.45677383,-5.54446514,0.07023784,-51.77792827,-5.59206049,-8.98775933,0.92075775,5.69677052,-9.55432342,-0.76874655,7.17033798,-11.16518195
9.605,41.75576505,-5.47698934,-0.09182987,-50.28746348,-5.12550399,-8.75309905,0.55466373,5.78258121,-9.39273899,-0.6688385,7.32382145,-11.32623492
9.61,42.04705282,-5.3881437,-0.17153899,-48.72112603,-4.67470647,-8.55930076,0.2099231,5.89475041,-9.32412418,-0.57598949,7.48846147,-11.45814487
9.615,42.29517711,-5.31204801,-0.25678896,-47.07406865,-4.21160424,-8.28648324,-0.13537322,6.01119879,-9.26813628,-0.48394457,7.66349981,-11.57327319
9.62,42.50026606,-5.2368159,-0.33078667,-45.34403583,-3.73403668,-7.95546177,-0.47275167,6.12810989,-9.22304467,-0.40545793,7.83750566,-11.66989535
9.625,42.65810395,-5.17319679,-0.40231784,-43.53955683,-3.25370436,-7.55172179,-0.81720997,6.25466718,-9.19250276,-0.32286903,8.01826301,-11.75629913
9.63,42.7665857,-5.11098838,-0.47356889,-41.65361701,-2.76962658,-7.09248629,-1.15475839,6.37609782,-9.16457799,-0.25262404,8.19506647,-11.82551201
9.635,42.82002235,-5.05397911,-0.55014593,-39.69332338,-2.2838103,-6.56414727,-1.48778916,6.49232494,-9.14941152,-0.20387682,8.36740748,-11.8840169
9.64,42.81845974,-5.01035865,-0.62413155,-37.67536809,-1.80916646,-5.95677212,-1.83923796,6.61898947,-9.136641,-0.14163022,8.54934957,-11.93441966
9.645,42.76176266,-4.98068328,-0.70584638,-35.60499008,-1.34887372,-5.28149369,-2.19985975,6.74923843,-9.12669006,-0.08442217,8.73316098,-11.97518622
9.65,42.65199669,-4.96146663,-0.78963868,-33.48878739,-0.91650145,-4.55912264,-2.56418092,6.88170854,-9.11631902,-0.0409254,8.91243556,-12.00625762
9.655,42.48530983,-4.95685011,-0.88208916,-31.34508974,-0.50436563,-3.76493247,-2.94734734,7.01589603,-9.10711836,0.00245594,9.09709463,-12.02967069
9.66,42.27099539,-4.96526149,-0.97544371,-29.18433694,-0.1333124,-2.93837067,-3.34097749,7.15420846,-9.10027121,0.04116835,9.28337024,-12.04821704
9.665,42.00757975,-4.99054338,-1.07372653,-27.02576669,0.19959072,-2.07565047,-3.75262005,7.29793384,-9.08420057,0.07210715,9.4700456,-12.05752024
9.67,41.70335436,-5.02779644,-1.17194514,-24.88436703,0.48399523,-1.19827878,-4.17847001,7.44427798,-9.065312,0.09633691,9.65769583,-12.06214799
9.675,41.36579783,-5.07705456,-1.26940493,-22.77795442,0.71692271,-0.31871547,-4.61723756,7.59158151,-9.04591486,0.11562372,9.84613123,-12.06281888
9.68,40.99728577,-5.13670843,-1.3639466,-20.72604335,0.90369675,0.55342876,-5.07339158,7.73990806,-9.01940316,0.1284747,10.03653139,-12.05832899
9.685,40.60746912,-5.20290627,-1.45116847,-18.74463489,1.04521757,1.39591286,-5.54362497,7.88661521,-8.98593907,0.13804302,10.2294823,-12.04960794
9.69,40.19916541,-5.27193374,-1.53585024,-16.84265465,1.12129371,2.19588786,-6.01767405,8.02373477,-8.9542155,0.12755318,10.41395667,-12.03771273
9.695,39.78002646,-5.33999434,-1.60883764,-15.04316122,1.15498508,2.94221682,-6.50287045,8.15340746,-8.92009126,0.1103203,10.60135258,-12.02441048
9.7,39.35915667,-5.40259908,-1.66602135,-13.36229244,1.15723383,3.62395008,-6.99712167,8.27204594,-8.88073276,0.09195523,10.79150834,-12.00835281
9.705,38.94334673,-5.45815126,-1.71368821,-11.81042551,1.11754295,4.22965609,-7.4871639,8.37566946,-8.84770044,0.05287493,10.97351064,-11.99134792
9.71,38.53646557,-5.49938848,-1.74703164,-10.39933807,1.05039715,4.75591886,-7.97751776,8.45979567,-8.81607776,0.0032546,11.15311705,-11.97307574
9.715,38.14241388,-5.51962781,-1.77175671,-9.13554492,0.96593302,5.19603339,-8.46863095,8.51996151,-8.78556352,-0.05258771,11.32952178,-11.9510851
9.72,37.77363778,-5.52058499,-1.77385503,-8.02089619,0.85005796,5.53770413,-8.93827535,8.55493355,-8.7688998,-0.13289035,11.4932224,-11.93209916
9.725,37.41712891,-5.49099619,-1.77566898,-7.05589374,0.71850901,5.79050538,-9.40711506,8.55490451,-8.75824941,-0.22381937,11.6485431,-11.90756628
9.73,37.08848991,-5.42825013,-1.76627997,-6.24149697,0.56308683,5.94712246,-9.85569668,8.52265333,-8.76178047,-0.33602763,11.79116528,-11.88460442
9.735,36.77493343,-5.33096558,-1.75580715,-5.57255453,0.39014387,6.01070218,-10.29664457,8.44939507,-8.7764505,-0.46275949,11.91697816,-11.85264144
9.74,36.48266045,-5.19723571,-1.74214133,-5.04730307,0.19631055,5.98426986,-10.72412704,8.33774286,-8.80569013,-0.60640412,12.02562567,-11.81300617
9.745,36.21328447,-5.02320699,-1.72393871,-4.66168997,-0.02262362,5.87174053,-11.13667774,8.18686611,-8.85234744,-0.76796192,12.1166616,-11.76700373
9.75,35.9649882,-4.81135084,-1.707835,-4.40518703,-0.26659125,5.67717808,-11.53181032,7.99806551,-8.92320199,-0.94844888,12.18718865,-11.71600847
9.755,35.73149185,-4.55503687,-1.67470892,-4.29327133,-0.53633954,5.39098986,-11.92303945,7.76969199,-9.02114761,-1.15611032,12.24461769,-11.6447096
9.76,35.54691753,-4.26451842,-1.67608993,-4.29060522,-0.84640722,5.07180898,-12.25889047,7.49325264,-9.11877004,-1.39149624,12.24012366,-11.58491227
9.765,35.37470302,-3.93088964,-1.66688205,-4.41608628,-1.18026454,4.66918639,-12.60002371,7.18385858,-9.24987486,-1.63624992,12.21902527,-11.5116658
9.77,35.22685774,-3.56446658,-1.65307507,-4.64774602,-1.53892127,4.2165995,-12.92082091,6.84380282,-9.4018066,-1.90464658,12.1678988,-11.42735621
9.775,35.10275701,-3.15980285,-1.64367312,-4.97941592,-1.92899844,3.71865888,-13.22023822,6.46596906,-9.57518277,-2.1966419,12.07790698,-11.33578723
9.78,35.00406707,-2.72655573,-1.63042369,-5.40519003,-2.33609231,3.19315994,-13.49722991,6.06290717,-9.76870484,-2.51477519,11.94789961,-11.23921511
9.785,34.92646159,-2.26344717,-1.62308149,-5.91319029,-2.76676428,2.63717504,-13.75228747,5.63205824,-9.98743247,-2.86215144,11.77487689,-11.13914618
9.79,34.86171575,-1.7733845,-1.59257895,-6.49322675,-3.19911352,2.04256428,-13.99456077,5.18086613,-10.2363568,-3.23460825,11.56242947,-11.02759247
9.795,34.83464225,-1.27651411,-1.6156624,-7.13227571,-3.65939503,1.5144696,-14.1881172,4.70576023,-10.47591806,-3.64408432,11.28646254,-10.94102086
9.8,34.80964878,-0.75600077,-1.6199888,-7.8189214,-4.1110615,0.9515226,-14.37091003,4.2133817,-10.74604517,-4.08285087,10.95795461,-10.85060048
9.805,34.79918128,-0.22541404,-1.63252591,-8.54253912,-4.55161557,0.42028298,-14.52355136,3.7076158,-11.02838558,-4.55811395,10.57321944,-10.7712818
9.81,34.79351623,0.31442764,-1.65291741,-9.28730984,-4.98259852,-0.08854921,-14.64949486,3.18503092,-11.32056537,-5.07001922,10.12941873,-10.70589255
9.815,34.79490969,0.85730464,-1.68448806,-10.0448504,-5.37627881,-0.54360351,-14.74119471,2.65292441,-11.62211508,-5.62474305,9.61732655,-10.65957402
9.82,34.78736014,1.4003719,-1.72936623,-10.80640958,-5.75347392,-0.99543137,-14.81571687,2.1116352,-11.927913,-6.21252809,9.04088497,-10.63142486
9.825,34.77851342,1.93963334,-1.78441044,-11.54859739,-6.0773196,-1.36039155,-14.84392466,1.56316959,-12.2360455,-6.85726792,8.39509509,-10.63044296
9.83,34.74914831,2.47294337,-1.86140274,-12.2731416,-6.37711245,-1.71615696,-14.85303769,1.00658314,-12.54283543,-7.54280932,7.67866706,-10.66563623
9.835,34.70917533,2.99589672,-1.94866736,-12.96884742,-6.61006067,-1.99899195,-14.82172352,0.44512978,-12.84613557,-8.27976187,6.8869939,-10.72883406
9.84,34.64186285,3.50765963,-2.05754562,-13.62454102,-6.79591395,-2.24399642,-14.75959389,-0.1225893,-13.13959844,-9.07131938,6.01481359,-10.84108289
9.845,34.56300222,4.01166316,-2.17531559,-14.24001669,-6.91611601,-2.41110745,-14.65215067,-0.69514322,-13.43871291,-9.91783729,5.08132815,-10.9806695
9.85,34.44490559,4.4963592,-2.31686351,-14.80407583,-6.98873213,-2.54318701,-14.51645503,-1.27083631,-13.71537337,-10.81943293,4.05913919,-11.19649848
9.855,34.30170286,4.96443646,-2.47402096,-15.31954912,-6.99102805,-2.6168976,-14.34131208,-1.84655089,-13.98663856,-11.7758092,2.95992269,-11.46219942
9.86,34.10930194,5.39449447,-2.6373228,-15.77550095,-6.91885988,-2.63781941,-14.13425501,-2.41422037,-14.17931354,-12.79328137,1.74069343,-11.83356416
9.865,33.90662702,5.81092252,-2.81881241,-16.19433745,-6.78306888,-2.59956239,-13.87641229,-2.97746627,-14.40543435,-13.8676008,0.47640887,-12.22234511
9.87,33.67125666,6.19715199,-3.01589228,-16.57246266,-6.58078752,-2.51703072,-13.58402603,-3.53067852,-14.60478542,-14.99301014,-0.86565368,-12.66986059
9.875,33.39836468,6.54088234,-3.23036755,-16.89422527,-6.30798192,-2.39322151,-13.24731972,-4.06477542,-14.79255747,-16.17962511,-2.2860829,-13.18529299
9.88,33.0949235,6.87400494,-3.43143222,-17.16281632,-5.99256586,-2.23279239,-12.86756985,-4.59811728,-14.96989689,-17.41894574,-3.74627196,-13.71983745
9.885,32.75979945,7.22509112,-3.61342026,-17.36082407,-5.66400324,-2.04875948,-12.44183882,-5.15362138,-15.18579767,-18.71174721,-5.19341388,-14.2299863
9.89,32.38440708,7.45466131,-3.83598116,-17.56083356,-5.22027425,-1.8251271,-11.98857993,-5.62752479,-15.27272574,-20.05012723,-6.81434002,-14.90698939
9.895,31.9813297,7.69934138,-4.03316942,-17.69419708,-4.7745625,-1.58953161,-11.48639546,-6.1193845,-15.39613696,-21.43761581,-8.4009691,-15.54783367
9.9,31.54690011,7.91368657,-4.222583,-17.78908655,-4.29474341,-1.33856172,-10.9454703,-6.59346127,-15.50395826,-22.86757349,-10.0078017,-16.21575829
9.905,31.08272533,8.09818849,-4.40053233,-17.84494296,-3.79179132,-1.07910595,-10.3644705,-7.0503509,-15.59350738,-24.33868174,-11.61487852,-16.8951075
9.91,30.58769309,8.28693215,-4.5556802,-17.83940359,-3.28898686,-0.8171971,-9.74064298,-7.51978261,-15.69043306,-25.84856,-13.1706505,-17.55502255
9.915,30.07820321,8.37924404,-4.72080902,-17.8565441,-2.73811262,-0.55233797,-9.08282016,-7.91044307,-15.71812069,-27.38951209,-14.77683757,-18.27194194
9.92,29.54270204,8.4756252,-4.85905835,-17.81543642,-2.20156565,-0.29905577,-8.38264948,-8.31151169,-15.74942998,-28.96133706,-16.29650623,-18.94291723
9.925,28.98403563,8.56229447,-4.9742639,-17.72697,-1.67369116,-0.05915142,-7.64052717,-8.71331418,-15.76659824,-30.56125167,-17.72787483,-19.58001378
9.93,28.41663708,8.59957782,-5.0795588,-17.63861061,-1.14322849,0.170376,-6.86197175,-9.07270107,-15.74971022,-32.18249478,-19.11394945,-20.21739192
9.935,27.84488485,8.63696559,-5.1915236,-17.53410156,-0.63738132,0.37230454,-6.04084312,-9.44859891,-15.72962437,-33.83261411,-20.36174133,-20.81747791
9.94,27.25795475,8.6106732,-5.25545518,-17.40737429,-0.12931412,0.55989148,-5.18747453,-9.75450782,-15.65851319,-35.47946836,-21.56942009,-21.38361231
9.945,26.67198799,8.57413217,-5.31434754,-17.26899668,0.34546504,0.72324638,-4.29349556,-10.05684828,-15.57158878,-37.14152663,-22.64324263,-21.91081072
9.95,26.07887286,8.51791107,-5.3510483,-17.10455857,0.80148758,0.85386483,-3.36413108,-10.34226114,-15.45644431,-38.80534882,-23.58094778,-22.37845334
9.955,25.4827293,8.43911677,-5.37269644,-16.91561784,1.23526429,0.95567687,-2.397145,-10.61030633,-15.31151756,-40.46338914,-24.38466008,-22.79925798
9.96,24.90749523,8.3332336,-5.39003776,-16.75397416,1.63614051,1.03849154,-1.39531989,-10.85068881,-15.15118319,-42.12310607,-25.08491325,-23.18757574
9.965,24.31930281,8.21277856,-5.38202465,-16.55537052,2.013618,1.08353604,-0.36987925,-11.07520159,-14.96586383,-43.76040797,-25.62489133,-23.49498213
9.97,23.75019305,8.07013732,-5.37560077,-16.36782392,2.36467673,1.10611687,0.69207955,-11.27987803,-14.75592873,-45.3817339,-26.04868951,-23.76777922
9.975,23.18564227,7.91212309,-5.36117777,-16.17184519,2.69073122,1.10109832,1.7785469,-11.46420839,-14.5235497,-46.97984827,-26.3369182,-23.98252544
9.98,22.63226877,7.73638042,-5.34463404,-15.97311697,2.99271421,1.07201598,2.89379154,-11.63046269,-14.26856724,-48.54803293,-26.49703461,-24.14782428
9.985,22.08903094,7.54544138,-5.32710627,-15.77257188,3.27175874,1.02059033,4.03249911,-11.77823094,-13.99418164,-50.08151869,-26.53296337,-24.25921008
9.99,21.55528411,7.34021018,-5.31674293,-15.57343191,3.53647074,0.94461071,5.1909676,-11.90402972,-13.69347021,-51.57642457,-26.44884051,-24.31662211
9.995,21.03258455,7.12100469,-5.31258882,-15.37551263,3.7810509,0.85058366,6.36925847,-12.01080231,-13.37534938,-53.026092,-26.24812443,-24.32030815
10,20.52067918,6.89259441,-5.31251008,-15.1777438,4.00656424,0.74343849,7.56332171,-12.10328661,-13.04527107,-54.42625203,-25.94174709,-24.26726225
10.005,20.0153789,6.6551509,-5.32832839,-14.9836159,4.22431671,0.62006924,8.76659612,-12.17696941,-12.69808938,-55.77428971,-25.53677759,-24.16354165
10.01,19.51563288,6.40749078,-5.35207521,-14.78335048,4.42960705,0.48822868,9.97989613,-12.23524219,-12.34216356,-57.05965563,-25.04013507,-24.00209184
10.015,19.03007778,6.15243826,-5.39423252,-14.60032293,4.61279687,0.35085613,11.20029892,-12.27485211,-11.97562909,-58.29051041,-24.44996335,-23.77342955
10.02,18.53431847,5.89511411,-5.45053157,-14.40414552,4.81497738,0.20420982,12.41275466,-12.30227781,-11.60318928,-59.44824533,-23.81144451,-23.52254019
10.025,18.05417878,5.63077467,-5.52578496,-14.23587091,4.99061143,0.06051526,13.6258515,-12.31255155,-11.22670052,-60.5449974,-23.09996388,-23.20657532
10.03,17.5619757,5.36494255,-5.61983505,-14.04320049,5.18647839,-0.08904704,14.82939993,-12.31000916,-10.84851021,-61.55994996,-22.34733383,-22.86168944
10.035,17.07515723,5.09594051,-5.73170432,-13.86936685,5.37031642,-0.2331773,16.02264559,-12.29184678,-10.4706625,-62.50357974,-21.55295423,-22.47364274
10.04,16.58683839,4.82587644,-5.8627003,-13.70449538,5.55725624,-0.37450351,17.20028952,-12.26126173,-10.09708314,-63.37112795,-20.73507728,-22.05849678
10.045,16.09845403,4.5557922,-6.01102149,-13.54886817,5.74369929,-0.51019445,18.36243716,-12.21765236,-9.72697642,-64.15955052,-19.89493071,-21.60979028
10.05,15.59238131,4.2827892,-6.1781056,-13.36592992,5.92252824,-0.63671505,19.4963267,-12.15989499,-9.37778361,-64.85183394,-19.04408391,-21.14058381
10.055,15.09047901,4.01467592,-6.36055979,-13.20884811,6.12290168,-0.76208885,20.61177553,-12.09345317,-9.03036707,-65.46825786,-18.2018616,-20.66451041
10.06,14.58268656,3.74674091,-6.55638512,-13.05483382,6.32080673,-0.8780963,21.69968343,-12.01521783,-8.70113571,-65.99745344,-17.36790189,-20.17910533
10.065,14.06764017,3.48027981,-6.76643083,-12.90435152,6.52781716,-0.98922645,22.75772492,-11.92650207,-8.38831921,-66.43837196,-16.553033,-19.69962816
10.07,13.5491426,3.21890378,-6.98445585,-12.76195088,6.74283281,-1.092507,23.78523303,-11.83031556,-8.09081982,-66.78883986,-15.7582829,-19.21923414
10.075,13.024195,2.9567988,-7.21203156,-12.62382535,6.9578181,-1.18983537,24.77807319,-11.72262261,-7.81711479,-67.04880119,-14.99204744,-18.75755728
10.08,12.4933491,2.69712625,-7.44347078,-12.48946568,7.17865091,-1.2810503,25.73553351,-11.60636348,-7.56458418,-67.21669463,-14.25773266,-18.31437372
10.085,11.95905575,2.43929931,-7.68076118,-12.36284947,7.40654834,-1.369141,26.65599362,-11.48218603,-7.3366534,-67.29067762,-13.56017545,-17.8986416
10.09,11.42208649,2.18391895,-7.91439312,-12.24453746,7.63478229,-1.45257418,27.5392231,-11.34883393,-7.12816719,-67.27237531,-12.89931157,-17.51500864
10.095,10.88079205,1.92956143,-8.1514087,-12.12183307,7.86711278,-1.52873276,28.38588927,-11.21065257,-6.95343521,-67.16418101,-12.26223162,-17.13834687
10.1,10.33966011,1.67680558,-8.38202219,-12.01295529,8.10061326,-1.60608614,29.19243097,-11.06378239,-6.79702561,-66.96081695,-11.66905391,-16.81016675
10.105,9.79972627,1.42637173,-8.6014524,-11.91356144,8.33274634,-1.68310961,29.9615286,-10.90770868,-6.65945759,-66.66504218,-11.1173209,-16.52621338
10.11,9.25710431,1.17882738,-8.82799128,-11.80703612,8.56827502,-1.75639607,30.68959137,-10.75626278,-6.56150222,-66.27648896,-10.5870237,-16.25601591
10.115,8.72062533,0.93021917,-9.03747131,-11.7140718,8.80210868,-1.83578066,31.38121357,-10.59182102,-6.47817779,-65.79540892,-10.10258245,-16.03780048
10.12,8.18555896,0.68696492,-9.23817354,-11.62565642,9.03269101,-1.91223801,32.03366636,-10.42701209,-6.41545894,-65.22430153,-9.64077023,-15.84597252
10.125,7.65698054,0.4449958,-9.42891784,-11.54349962,9.26011989,-1.99389629,32.65002423,-10.25591624,-6.3711068,-64.56188021,-9.21136521,-15.69249119
10.13,7.13390425,0.20617592,-9.60948919,-11.46575365,9.48356464,-2.07849121,33.22915796,-10.08289706,-6.34621795,-63.80912088,-8.80950406,-15.57073345
10.135,6.6131889,-0.02872374,-9.77580862,-11.39310966,9.70430933,-2.16215743,33.76758285,-9.90831648,-6.33792903,-62.96876408,-8.42727226,-15.47333528
10.14,6.11738983,-0.25484044,-9.93090597,-11.32821929,9.90786384,-2.26271134,34.29680453,-9.72008901,-6.31084499,-62.04636453,-8.08194346,-15.43009254
10.145,5.60590461,-0.4924842,-10.07110593,-11.26033039,10.1219372,-2.35155521,34.75077221,-9.54268484,-6.35312449,-61.02287875,-7.74839511,-15.3793505
10.15,5.11079428,-0.71462072,-10.20606654,-11.20010824,10.32048966,-2.45098602,35.18585459,-9.36245969,-6.38118621,-59.92070654,-7.4415064,-15.36930718
10.155,4.62348285,-0.92986064,-10.33878778,-11.13966451,10.51325598,-2.55796295,35.58632649,-9.18782736,-6.42490105,-58.73300737,-7.15756761,-15.38582102
10.16,4.15737332,-1.13857981,-10.44767345,-11.08771086,10.68792341,-2.67013482,35.97124438,-8.99472487,-6.43919263,-57.46671928,-6.89314207,-15.42430985
10.165,3.67937939,-1.34599537,-10.56019082,-11.02766594,10.86640032,-2.78565691,36.2916549,-8.82529555,-6.51571704,-56.10797799,-6.65559982,-15.48133629
10.17,3.21782881,-1.54233773,-10.65935098,-10.97196854,11.02742027,-2.90604032,36.59336014,-8.64497224,-6.56483752,-54.67339592,-6.43629032,-15.55577409
10.175,2.76927204,-1.72818156,-10.75428046,-10.91956017,11.17436951,-3.03148762,36.86638456,-8.46563217,-6.61162569,-53.15831403,-6.2378096,-15.64073727
10.18,2.32265906,-1.90242435,-10.84569252,-10.86084457,11.31380362,-3.16085735,37.10185457,-8.29415762,-6.66292531,-51.5660823,-6.06002725,-15.73754786
10.185,1.88523297,-2.0660739,-10.92973966,-10.80293231,11.4360728,-3.2917421,37.30811731,-8.12045656,-6.70298849,-49.89890775,-5.90160294,-15.83471518
10.19,1.45302099,-2.208872,-11.02459291,-10.7399935,11.54966549,-3.4266821,37.48186936,-7.960802,-6.74202218,-48.15962542,-5.7602184,-15.93205225
10.195,1.01969936,-2.34014401,-11.10941623,-10.67683205,11.65062743,-3.56034023,37.61229129,-7.80457816,-6.77917504,-46.34649491,-5.64095416,-16.02466926
10.2,0.58924445,-2.45109413,-11.19896907,-10.60764433,11.73805016,-3.69279742,37.71235257,-7.65617617,-6.80129406,-44.46985128,-5.53666892,-16.10218578
10.205,0.16017083,-2.54283478,-11.29258351,-10.53170132,11.80901314,-3.82154227,37.77845167,-7.51782685,-6.81565045,-42.53086148,-5.45039324,-16.15658537
10.21,-0.27106154,-2.60976519,-11.38903018,-10.45021139,11.86606443,-3.94411656,37.80926852,-7.394026,-6.8157796,-40.53757346,-5.38008436,-16.18344847
10.215,-0.71303753,-2.65260013,-11.49316706,-10.36030077,11.91509445,-4.06207635,37.79765576,-7.28297548,-6.80362388,-38.49378261,-5.32241799,-16.1788927
10.22,-1.16194851,-2.66936858,-11.59963946,-10.26236783,11.94938281,-4.16886442,37.7518808,-7.18708767,-6.77556539,-36.4116477,-5.27836597,-16.13120841
10.225,-1.62135913,-2.65493561,-11.71377111,-10.15610297,11.9732015,-4.26442384,37.67115317,-7.11115081,-6.72603886,-34.30038158,-5.24423257,-16.03495956
10.23,-2.0909795,-2.60856901,-11.83492,-10.04000239,11.9833774,-4.34516042,37.56059672,-7.0550333,-6.65359959,-32.17163507,-5.22008236,-15.88442175
10.235,-2.57349874,-2.53033112,-11.9661572,-9.91416388,11.98310421,-4.41077294,37.42198205,-7.01863425,-6.55418596,-30.03650587,-5.20469548,-15.67509782
10.24,-3.07058391,-2.41993406,-12.09593566,-9.78105881,11.96963774,-4.45470494,37.25395828,-7.00453872,-6.42545235,-27.90834768,-5.19477595,-15.40625664
10.245,-3.55572281,-2.2772562,-12.2340869,-9.65170698,11.94163303,-4.47944813,37.09024442,-7.00345481,-6.234794,-25.80491164,-5.20593724,-15.08520148
10.25,-4.10838995,-2.10340096,-12.3856527,-9.48251691,11.91926136,-4.48387654,36.86174575,-7.04113416,-6.07435841,-23.73206183,-5.19401549,-14.68726316
10.255,-4.52752431,-1.88651166,-12.55534551,-9.34841052,11.91263335,-4.49589804,36.76805512,-7.0874706,-5.79430636,-21.72462199,-5.30627324,-14.33511885
10.26,-5.19986122,-1.66983033,-12.69335244,-9.15301055,11.82684026,-4.42007101,36.42431159,-7.15676499,-5.56430015,-19.76268642,-5.21029707,-13.7606887
10.265,-5.74578889,-1.43091326,-12.84455717,-8.99443589,11.76307652,-4.3398063,36.20716773,-7.22932794,-5.24149305,-17.88756366,-5.23533534,-13.21542672
10.27,-6.32839596,-1.16917408,-13.01290222,-8.80816163,11.70658025,-4.24151768,35.97647799,-7.32231628,-4.90930462,-16.10764266,-5.24316354,-12.63218321
10.275,-6.89449076,-0.90133402,-13.16484426,-8.64199074,11.6241847,-4.11507415,35.76630597,-7.41613694,-4.503806,-14.43632041,-5.26843738,-12.04208093
10.28,-7.47265721,-0.62974362,-13.3238646,-8.46759095,11.54112349,-3.96623679,35.56378808,-7.51385817,-4.07664325,-12.88612807,-5.28624873,-11.43032472
10.285,-8.07074473,-0.35973143,-13.49099315,-8.28671297,11.45022594,-3.78284096,35.36339089,-7.60898382,-3.62541226,-11.4691683,-5.27802716,-10.78599534
10.29,-8.67272109,-0.10834403,-13.6700404,-8.10196253,11.37595605,-3.57403035,35.17751059,-7.6903606,-3.17803683,-10.1868377,-5.26525977,-10.11954807
10.295,-9.2529635,0.13001075,-13.83102606,-7.939602,11.26345864,-3.34532205,35.02576285,-7.75886769,-2.66971553,-9.05441313,-5.25572913,-9.50164472
10.3,-9.82065768,0.33997258,-13.98150222,-7.80063703,11.12340337,-3.0953441,34.8975845,-7.80217924,-2.12536778,-8.07418198,-5.24100011,-8.91280891
10.305,-10.39024262,0.51560552,-14.14856527,-7.66230205,10.98753088,-2.82196322,34.78616421,-7.81474633,-1.5933571,-7.24289544,-5.216495,-8.33172376
10.31,-10.95086354,0.6501866,-14.31820001,-7.54054166,10.83922977,-2.52498802,34.69448204,-7.79191934,-1.06167046,-6.56150975,-5.18338991,-7.78024112
10.315,-11.49455188,0.7367715,-14.49380908,-7.43606104,10.68209729,-2.21756004,34.62956122,-7.72549832,-0.54354024,-6.02879622,-5.15946168,-7.27070052
10.32,-12.02837236,0.77108105,-14.67457477,-7.35182304,10.50788183,-1.8889298,34.5832045,-7.6129058,-0.03705729,-5.64851404,-5.12669939,-6.8014062
10.325,-12.55303526,0.74468445,-14.87532297,-7.28566509,10.34160233,-1.53752464,34.55086027,-7.44554773,0.43649404,-5.40880953,-5.09461761,-6.36484082
10.33,-13.03865635,0.66795449,-15.06721116,-7.26480257,10.11112364,-1.20359986,34.55047881,-7.23687422,0.89680417,-5.31056967,-5.07504682,-6.00793114
10.335,-13.51693265,0.52509683,-15.27758017,-7.26313806,9.88098684,-0.8518315,34.56614887,-6.96735212,1.31523751,-5.35862548,-5.05853332,-5.68690818
10.34,-13.96963858,0.3203657,-15.49448039,-7.29641476,9.6259847,-0.50738432,34.60198267,-6.6454578,1.68923446,-5.53658815,-5.05191188,-5.42013594
10.345,-14.40337845,0.05043417,-15.73306577,-7.37559842,9.35937584,-0.1601871,34.65103073,-6.26829865,2.01027502,-5.84840164,-5.05309942,-5.196781
10.35,-14.8154364,-0.27771987,-15.98239097,-7.48998796,9.07110466,0.16852052,34.71754889,-5.84274815,2.27387052,-6.28238246,-5.06478024,-5.0237363
10.355,-15.19993484,-0.66328472,-16.23811554,-7.64575452,8.7400959,0.47156855,34.79820652,-5.37335761,2.48375265,-6.82216563,-5.08812079,-4.89477273
10.36,-15.50152378,-1.06752214,-16.45807579,-7.83654805,8.3376616,0.61659366,34.96275691,-4.88943746,2.66296404,-7.48459346,-5.09553389,-4.83695539
10.365,-15.87358326,-1.59504936,-16.77991715,-8.09861484,7.93881598,0.95830427,35.00916102,-4.32422706,2.69301826,-8.20055101,-5.18123273,-4.7520593
10.37,-16.18482817,-2.14333511,-17.07663408,-8.40109032,7.49363859,1.17895428,35.10654168,-3.74383589,2.70271407,-9.00677441,-5.22968832,-4.72344353
10.375,-16.40639266,-2.68053207,-17.35705176,-8.75126688,6.97416416,1.24714847,35.28946668,-3.1692982,2.71165135,-9.91176975,-5.21970675,-4.74309255
10.38,-16.69657753,-3.36505017,-17.69087571,-9.17338897,6.45284129,1.41865403,35.32217705,-2.5296295,2.49801366,-10.79834558,-5.37121456,-4.74223971
10.385,-16.90974642,-4.03420091,-18.01596455,-9.64454764,5.84592681,1.46849688,35.41725622,-1.8989023,2.29952743,-11.74724305,-5.4338734,-4.78414512
10.39,-17.08802599,-4.74682116,-18.33974388,-10.18271081,5.19015362,1.44501645,35.49258424,-1.25990568,2.0320073,-12.7070353,-5.51160521,-4.84044675
10.395,-17.22896389,-5.49420276,-18.66365815,-10.78575177,4.47269053,1.34498206,35.5475662,-0.61755602,1.70049733,-13.66151006,-5.59065348,-4.91144346
10.4,-17.37716566,-6.29384292,-18.97143758,-11.45581891,3.69677023,1.16124692,35.51975083,0.03273139,1.31248384,-14.57808275,-5.63559035,-5.01283234
10.405,-17.3959441,-7.08802186,-19.28485054,-12.20201467,2.83697073,0.89220435,35.56116434,0.66341048,0.90197618,-15.48118725,-5.71914453,-5.09246442
10.41,-17.43274976,-7.93232372,-19.56007648,-13.0104818,1.90302527,0.48873165,35.49840628,1.29158515,0.41489326,-16.32774557,-5.74919766,-5.21920022
10.415,-17.36115831,-8.78438006,-19.84103106,-13.90197347,0.90393858,0.03041307,35.46291573,1.91585604,-0.05990019,-17.12029916,-5.80221229,-5.31899877
10.42,-17.24679076,-9.65713547,-20.11598186,-14.85694543,-0.17336459,-0.53618235,35.38479006,2.52577894,-0.58530985,-17.85052494,-5.82541462,-5.44049249
10.425,-17.08364204,-10.5494793,-20.31846492,-15.89114359,-1.33451577,-1.23293262,35.2479973,3.12651073,-1.10084919,-18.49594944,-5.80595887,-5.57480972
10.43,-16.84785385,-11.45128535,-20.51410118,-16.99597438,-2.56540203,-2.00788787,35.09140442,3.7165182,-1.62483431,-19.06958723,-5.76361038,-5.70953694
10.435,-16.55901743,-12.3466842,-20.62577632,-18.16642592,-3.89804213,-2.94505912,34.88081581,4.26761556,-2.15973681,-19.57146903,-5.6358253,-5.88009879
10.44,-16.17948909,-13.25038047,-20.72720242,-19.4067672,-5.27963437,-3.92671118,34.65867666,4.82275912,-2.65654795,-19.98044932,-5.52008106,-6.02520562
10.445,-15.7184656,-14.17693437,-20.8260535,-20.7130427,-6.69058915,-4.92205221,34.4164168,5.39807249,-3.12203851,-20.291041,-5.4189691,-6.15358178
10.45,-15.1874603,-15.07923709,-20.83953065,-22.07980911,-8.17517741,-6.01002623,34.13412908,5.93902611,-3.56396759,-20.52478963,-5.24067403,-6.31163693
10.455,-14.57755031,-15.93160745,-20.72464128,-23.49967827,-9.73234329,-7.23983979,33.8210901,6.4174137,-3.9875015,-20.70532045,-4.9723112,-6.50454293
10.46,-13.87987452,-16.79544529,-20.60669583,-24.97375834,-11.28290028,-8.42016131,33.49181901,6.91870925,-4.3527298,-20.78205094,-4.73024757,-6.67312834
10.465,-13.104003,-17.63765689,-20.41868331,-26.49402959,-12.83193951,-9.60438694,33.13339653,7.40232957,-4.67847679,-20.77938505,-4.46586287,-6.85628819
10.47,-12.24562332,-18.44532387,-20.16106661,-28.05207035,-14.37459538,-10.77656463,32.75514884,7.86558973,-4.95168753,-20.70238236,-4.18034333,-7.04645234
10.475,-11.31282123,-19.22776883,-19.83672956,-29.64128774,-15.86689898,-11.89184478,32.34371608,8.32006271,-5.16718886,-20.53260649,-3.89342121,-7.24295201
10.48,-10.29546864,-19.94234382,-19.42089093,-31.26618529,-17.33150222,-12.986031,31.9291135,8.71925596,-5.3555152,-20.34101246,-3.56692275,-7.47191334
10.485,-9.23489231,-20.67543152,-19.01887554,-32.89562467,-18.68636485,-13.89617556,31.47184299,9.17012861,-5.47530558,-20.03193206,-3.30953416,-7.66465296
10.49,-8.04611765,-21.22585624,-18.38323229,-34.55627137,-20.02216315,-14.91083564,31.02969741,9.45751627,-5.55664167,-19.73679743,-2.9341,-7.95200788
10.495,-6.82104616,-21.77293824,-17.75554927,-36.21364719,-21.22286054,-15.72751227,30.55218659,9.775487,-5.59004662,-19.35703255,-2.62168652,-8.21446923
10.5,-5.56335138,-22.29050618,-17.1014876,-37.86893239,-22.2960482,-16.39448898,30.03966401,10.09437405,-5.59530303,-18.9218731,-2.35537385,-8.47197355
10.505,-4.20250985,-22.64199217,-16.30018201,-39.51493087,-23.27040828,-17.02509198,29.54241588,10.29131309,-5.53496729,-18.46936702,-2.02517885,-8.79009615
10.51,-2.84645665,-22.99000999,-15.51893233,-41.14236259,-24.09899122,-17.47451669,28.99283311,10.51512083,-5.47187232,-17.9590409,-1.78142177,-9.07456648
10.515,-1.42407062,-23.2123453,-14.64360351,-42.75031315,-24.80436943,-17.8327488,28.44805138,10.65587994,-5.37016307,-17.43447814,-1.51492884,-9.39819771
10.52,0.01986562,-23.3492459,-13.74718573,-44.32872401,-25.36191537,-18.06394312,27.88785417,10.75148772,-5.24343968,-16.89585949,-1.26926667,-9.72020997
10.525,1.47781341,-23.39883608,-12.82815773,-45.8694679,-25.77913768,-18.17270669,27.30912378,10.80044653,-5.10575931,-16.33705621,-1.04185797,-10.0433529
10.53,2.94711656,-23.36264363,-11.8958364,-47.36982072,-26.05443735,-18.16632106,26.71935556,10.80211583,-4.96185011,-15.76842548,-0.83419459,-10.36373297
10.535,4.41525295,-23.24248765,-10.95839363,-48.82501733,-26.19172893,-18.04712534,26.11363485,10.75784844,-4.82007371,-15.19219753,-0.63991467,-10.67788689
10.54,5.87698271,-23.04741133,-10.03309582,-50.23058894,-26.191887,-17.82271622,25.49787212,10.67163113,-4.6845421,-14.61470516,-0.46513016,-10.97719389
10.545,7.3192969,-22.77994931,-9.12521239,-51.582816,-26.06426796,-17.50119445,24.86694955,10.54432341,-4.56396253,-14.04044261,-0.3024837,-11.25788973
10.55,8.74477016,-22.44854032,-8.24101722,-52.87961136,-25.81053816,-17.08609105,24.22880712,10.38109383,-4.46595477,-13.47070309,-0.15246442,-11.51795237
10.555,10.13987103,-22.05776543,-7.39113577,-54.11595258,-25.442689,-16.59092036,23.57901977,10.18300163,-4.39330291,-12.91098813,-0.01171878,-11.75023188
10.56,11.49825312,-21.61687914,-6.58509552,-55.2902728,-24.97343568,-16.03219521,22.91644952,9.95591484,-4.34693513,-12.36187795,0.12339077,-11.9494231
10.565,12.82192017,-21.12129048,-5.82398046,-56.38934688,-24.39409028,-15.4046788,22.24288851,9.6935859,-4.33732429,-11.80793966,0.25869881,-12.12212868
10.57,14.1136882,-20.6104534,-5.11050348,-57.43827145,-23.73677282,-14.7244011,21.57200507,9.42542808,-4.36219441,-11.29143464,0.38441412,-12.25261062
10.575,15.36171446,-20.06528576,-4.45162674,-58.41713802,-23.00440319,-14.01040617,20.89368457,9.13539549,-4.42053542,-10.79146348,0.51336629,-12.34750479
10.58,16.56919125,-19.50692708,-3.84617026,-59.33107424,-22.21696888,-13.2709904,20.21115804,8.83857819,-4.51487046,-10.31320018,0.64291438,-12.40304133
10.585,17.73653115,-18.95191989,-3.30313536,-60.1663965,-21.38665222,-12.49160955,19.5145286,8.54438913,-4.65648548,-9.82031383,0.78812785,-12.41992286
10.59,18.86512365,-18.39309818,-2.80753608,-60.94448679,-20.52626909,-11.70769182,18.8226027,8.24918484,-4.83359094,-9.37262378,0.9370857,-12.39122881
10.595,19.93627328,-17.81279675,-2.3955044,-61.63363292,-19.63131779,-10.98491247,18.12092276,7.93401393,-5.01328936,-8.92971338,1.09233803,-12.34090453
10.6,20.97523372,-17.25573159,-2.03167515,-62.26183339,-18.73387491,-10.2645458,17.42168749,7.63545729,-5.23089035,-8.51236722,1.25426282,-12.24930651
10.605,21.97308831,-16.71208237,-1.7271412,-62.81800265,-17.84436646,-9.58368965,16.72136649,7.34431505,-5.46996267,-8.11378247,1.42693479,-12.12675796
10.61,22.93364332,-16.18867034,-1.47947781,-63.30300754,-16.97353258,-8.94718804,16.02131414,7.06507109,-5.7267579,-7.73170865,1.61095788,-11.97470205
10.615,23.85621602,-15.68473418,-1.29036315,-63.71598909,-16.12245938,-8.37569835,15.32446695,6.79617203,-5.99084462,-7.37026762,1.79973475,-11.80235621
10.62,24.74641787,-15.21242065,-1.14998039,-64.05985007,-15.31372512,-7.8483227,14.62710969,6.54739504,-6.26854921,-7.02048054,2.0059004,-11.60111308
10.625,25.60195125,-14.76302039,-1.06457302,-64.33057726,-14.5366813,-7.39923362,13.93635272,6.30985324,-6.54900245,-6.69052938,2.21672858,-11.38980629
10.63,26.42673354,-14.34315356,-1.02392767,-64.53139491,-13.80474087,-7.01592008,13.24975823,6.09081489,-6.82631382,-6.3765968,2.43606026,-11.16443474
10.635,27.22472589,-13.94545838,-1.02319511,-64.66279354,-13.11766473,-6.71395952,12.57538295,5.88517636,-7.09111245,-6.08433676,2.6548215,-10.93891515
10.64,27.99184334,-13.59140061,-1.07192667,-64.71918315,-12.48203285,-6.46328445,11.8986459,5.70465044,-7.35661725,-5.79110909,2.89233478,-10.70083957
10.645,28.73432739,-13.26263649,-1.15257892,-64.70796794,-11.90030122,-6.28411529,11.23266809,5.53989378,-7.60794575,-5.51701239,3.13417461,-10.46502749
10.65,29.45305804,-12.95875381,-1.26443812,-64.62810681,-11.35962933,-6.17107261,10.57672496,5.3896284,-7.84019434,-5.25810713,3.37591068,-10.23834601
10.655,30.16554928,-12.67426109,-1.38857608,-64.4801273,-10.86091024,-6.14609412,9.94735053,5.25747035,-8.02999171,-5.01458697,3.58609869,-10.06330727
10.66,30.82878826,-12.43115071,-1.56583669,-64.25463915,-10.40365861,-6.12034486,9.30465418,5.14222017,-8.2336014,-4.77397167,3.84471767,-9.84310809
10.665,31.49081106,-12.20668583,-1.74489926,-63.96429224,-9.97880725,-6.16972386,8.68773676,5.04567716,-8.39263825,-4.54423688,4.07037069,-9.67062713
10.67,32.19510105,-11.98355484,-1.87542622,-63.6170292,-9.62930698,-6.26335123,8.12248255,4.97294409,-8.57606735,-4.32430882,4.25860012,-9.65780522
10.675,32.7468017,-11.82240895,-2.15594771,-63.16919645,-9.231994,-6.350011,7.48613397,4.89371589,-8.65028382,-4.11537693,4.52712146,-9.39570138
10.68,33.34708034,-11.64812674,-2.35997351,-62.66577543,-8.89641877,-6.47684048,6.8996397,4.83576145,-8.75981961,-3.91016683,4.75716798,-9.26796764
10.685,33.93200737,-11.49131285,-2.57008055,-62.09166583,-8.58043752,-6.61632207,6.32967763,4.79167915,-8.83764742,-3.71211073,4.97758428,-9.17641589
10.69,34.49329813,-11.34150581,-2.77957297,-61.4454547,-8.2791805,-6.76293044,5.76746672,4.7553322,-8.8847173,-3.52056948,5.19561383,-9.10171233
10.695,35.09949852,-11.18068992,-2.90517028,-60.73921118,-7.98250548,-6.89182119,5.25412295,4.74924378,-8.9778107,-3.33063838,5.38016618,-9.13273023
10.7,35.56424525,-11.07695478,-3.19532001,-59.93165262,-7.69143338,-7.05287204,4.68880973,4.71627709,-8.92508307,-3.15601797,5.59859933,-9.04485701
10.705,36.13086871,-10.91975209,-3.29783521,-59.08037772,-7.40298512,-7.16724083,4.19552749,4.72690014,-8.99283668,-2.97365572,5.77889856,-9.09727552
10.71,36.55729221,-10.82059701,-3.5687729,-58.12203962,-7.10997111,-7.29387426,3.65646894,4.70581242,-8.90460612,-2.8073281,5.97395905,-9.07283795
10.715,37.07753388,-10.66149459,-3.64864796,-57.11836074,-6.81587476,-7.38207971,3.18437595,4.72808916,-8.9512721,-2.63509385,6.14827455,-9.1491313
10.72,37.46073744,-10.55843627,-3.89571504,-56.007037,-6.50894756,-7.44114763,2.66909064,4.71338914,-8.82599551,-2.47388944,6.32012076,-9.18270228
10.725,37.87605097,-10.42044095,-4.03499301,-54.83306498,-6.18774356,-7.47068162,2.19041277,4.72381495,-8.77908124,-2.31277386,6.47660084,-9.27022748
10.73,38.26822053,-10.27808824,-4.1603364,-53.58023389,-5.85639774,-7.46370743,1.72697313,4.73669693,-8.72434652,-2.15972942,6.6299686,-9.37216645
10.735,38.63011638,-10.13159428,-4.27792337,-52.24748417,-5.5122786,-7.41513508,1.27170087,4.75041504,-8.65704326,-2.00621775,6.77643521,-9.48523866
10.74,38.9628728,-9.9807395,-4.3769923,-50.8347451,-5.15595745,-7.32719879,0.82755435,4.77004846,-8.60290605,-1.86449058,6.92120355,-9.61518106
10.745,39.2650453,-9.81898553,-4.46248984,-49.34001977,-4.78387845,-7.19796295,0.39656632,4.7854333,-8.53473806,-1.72672518,7.05530279,-9.74294641
10.75,39.53078039,-9.65520908,-4.54000923,-47.76465425,-4.40192333,-7.02331519,-0.02789342,4.80402443,-8.47502891,-1.5953684,7.18958599,-9.87965211
10.755,39.75813815,-9.48662168,-4.60928052,-46.10844912,-4.00984012,-6.80217424,-0.44490498,4.82223815,-8.41802058,-1.47138104,7.32181844,-10.01931189
10.76,39.94521553,-9.31847035,-4.67527006,-44.37464335,-3.61316392,-6.53330465,-0.85852026,4.84295604,-8.36510968,-1.34964934,7.45505312,-10.16008788
10.765,40.08577698,-9.15216496,-4.74003244,-42.5632372,-3.21305437,-6.21406083,-1.26982417,4.86621235,-8.31043121,-1.23458762,7.58734564,-10.29646498
10.77,40.18568873,-8.98313219,-4.79836039,-40.6800721,-2.81526686,-5.85230291,-1.67464736,4.88746928,-8.26440573,-1.12798203,7.72065578,-10.4270464
10.775,40.24312899,-8.8158774,-4.8472016,-38.72911418,-2.42885517,-5.45758603,-2.07302627,4.91409575,-8.22333488,-1.03498924,7.85329805,-10.54465984
10.78,40.25234896,-8.662487,-4.90262176,-36.72241675,-2.05327522,-5.01171777,-2.47954822,4.94822546,-8.18337909,-0.93914644,7.99523688,-10.65404992
10.785,40.21792224,-8.52053342,-4.96146318,-34.66756023,-1.69552367,-4.52887407,-2.88562657,4.98886658,-8.14738203,-0.85724224,8.13754488,-10.74845579
10.79,40.14050319,-8.39686788,-5.02033943,-32.57978096,-1.36040016,-4.00939161,-3.30125333,5.04394137,-8.11041624,-0.77833856,8.2901214,-10.82906357
10.795,40.02686329,-8.29009029,-5.0826255,-30.47166161,-1.05155101,-3.46290863,-3.72136338,5.10877557,-8.08060738,-0.7047827,8.45224902,-10.89550514
10.8,39.88104897,-8.20279891,-5.15079503,-28.35606182,-0.77667061,-2.89875998,-4.14212726,5.18428331,-8.05369728,-0.64450504,8.61602258,-10.94218569
10.805,39.7070271,-8.13910153,-5.22879548,-26.25266819,-0.53615628,-2.31903009,-4.56891405,5.27253492,-8.02902905,-0.5932581,8.78548641,-10.97025229
10.81,39.50979367,-8.10112511,-5.31269905,-24.18391805,-0.32365469,-1.726941,-5.00758946,5.3772896,-8.00379236,-0.54690329,8.96992141,-10.98219611
10.815,39.302384,-8.08645146,-5.4039703,-22.16726571,-0.14597542,-1.13840511,-5.44800205,5.49403493,-7.98190225,-0.51018578,9.16054692,-10.97680453
10.82,39.08948102,-8.09484817,-5.50195303,-20.22451657,0.00839895,-0.55666432,-5.89535191,5.62343056,-7.95936107,-0.47948993,9.36362726,-10.95514225
10.825,38.87910968,-8.12430315,-5.61536047,-18.37201457,0.1334348,0.00773314,-6.34192913,5.75888138,-7.93963263,-0.46198873,9.56948639,-10.91620504
10.83,38.67735318,-8.16902488,-5.73670767,-16.62951682,0.24201122,0.5463382,-6.79050468,5.89894512,-7.92224185,-0.45294817,9.78517545,-10.86326048
10.835,38.49567965,-8.22819773,-5.86498225,-15.01519701,0.33802094,1.04888722,-7.23508844,6.04186751,-7.91232423,-0.45287904,10.00908025,-10.8007367
10.84,38.33859625,-8.29682277,-6.0000122,-13.54685979,0.43045975,1.51474417,-7.67357826,6.18199609,-7.90700263,-0.46524982,10.23932894,-10.72787796
10.845,38.21494461,-8.36996079,-6.14184088,-12.24016667,0.53094895,1.93462341,-8.10521139,6.31668858,-7.90906653,-0.48516194,10.4781835,-10.64789433
10.85,38.13027077,-8.4435266,-6.28762628,-11.10355519,0.64088253,2.29926142,-8.52287146,6.44117779,-7.92002727,-0.51811173,10.71998973,-10.56330421
10.855,38.0858816,-8.51182827,-6.44138341,-10.14393545,0.76860816,2.60817332,-8.92877856,6.54992202,-7.93925387,-0.5595545,10.96592409,-10.47281062
10.86,38.08761139,-8.57397344,-6.59244796,-9.36401972,0.91117819,2.84619395,-9.31320528,6.64263773,-7.97437536,-0.61748798,11.21023756,-10.38723712
10.865,38.13156348,-8.62245363,-6.74988344,-8.76583472,1.07511517,3.02525328,-9.68497701,6.7121628,-8.01908043,-0.68139974,11.45680316,-10.29696663
10.87,38.22236365,-8.65806725,-6.90415935,-8.34874274,1.25577882,3.13282404,-10.03733899,6.76018854,-8.07956148,-0.75412559,11.69852131,-10.21208214
10.875,38.3597458,-8.67314448,-7.04268179,-8.10795387,1.45541347,3.15357499,-10.36466573,6.78871308,-8.16944174,-0.84887786,11.92274971,-10.16720282
10.88,38.53120487,-8.68178465,-7.20997398,-8.04059224,1.66936578,3.14194396,-10.68911101,6.78682667,-8.24791825,-0.93044239,12.15984326,-10.07186734
10.885,38.75105757,-8.66436135,-7.34759658,-8.16535116,1.89559142,3.06574128,-10.99783796,6.75716825,-8.34857599,-1.02411778,12.38237695,-9.99531823
10.89,39.00487172,-8.64660431,-7.50063727,-8.43514508,2.12509984,2.93145543,-11.28946743,6.71323286,-8.47243811,-1.12071315,12.60727471,-9.89741602
10.895,39.27864867,-8.58685406,-7.60575668,-8.87221184,2.36766148,2.7639476,-11.59685845,6.6460963,-8.62609173,-1.21125798,12.78234639,-9.9106672
10.9,39.63153448,-8.55471122,-7.73996183,-9.46358642,2.60519562,2.4934675,-11.83714696,6.56274768,-8.75662191,-1.32472476,13.00778458,-9.74440451
10.905,39.95429616,-8.46935958,-7.83217804,-10.19452332,2.84932123,2.26434199,-12.14345899,6.45635524,-8.9379571,-1.41412238,13.15489567,-9.75574618
10.91,40.32492367,-8.38968796,-7.91953742,-11.06059081,3.09735433,1.96664278,-12.42127644,6.33674476,-9.10890258,-1.50865328,13.2985196,-9.71032013
10.915,40.81599498,-8.33569167,-7.93784594,-12.05826493,3.24308079,1.50663503,-12.60165602,6.24395775,-9.30074552,-1.62798205,13.48950747,-9.47497931
10.92,41.17725456,-8.22182138,-7.99305193,-13.13930168,3.45033612,1.22796208,-12.92733176,6.09153256,-9.5075732,-1.7022346,13.57589329,-9.48548587
10.925,41.6872311,-8.13950608,-7.95010276,-14.32859151,3.54741431,0.71206512,-13.12119251,5.98090929,-9.72300694,-1.81338374,13.6854869,-9.28027013
10.93,42.05217953,-8.00197778,-7.97543257,-15.56365192,3.69536573,0.42687818,-13.46260062,5.80445166,-9.92971179,-1.88204399,13.72165263,-9.27839885
10.935,42.56402473,-7.89073244,-7.87241086,-16.86679773,3.68660169,-0.14759365,-13.66018505,5.67455086,-10.18040188,-1.99393119,13.76493746,-9.05391578
10.94,42.97968342,-7.7383505,-7.80334671,-18.18442423,3.68321557,-0.59585476,-13.94757929,5.49800866,-10.41899676,-2.07648938,13.76054945,-8.91224174
10.945,43.32022767,-7.55836584,-7.77391858,-19.5093853,3.7244192,-0.89226813,-14.29034645,5.28234716,-10.63486036,-2.15532229,13.68648934,-8.86612574
10.95,43.73917529,-7.36766164,-7.65530053,-20.82767073,3.54772231,-1.47991624,-14.53028589,5.08176507,-10.90679741,-2.28007839,13.61500401,-8.63523849
10.955,44.06831566,-7.14133413,-7.5702912,-22.12336911,3.42172052,-1.92138324,-14.83370174,4.83616739,-11.1590279,-2.39215745,13.48079914,-8.46723027
10.96,44.36311189,-6.88219316,-7.47685396,-23.38259211,3.25848487,-2.3669946,-15.14284982,4.56530713,-11.40813916,-2.50974853,13.3138878,-8.29191992
10.965,44.61370529,-6.59356998,-7.40930711,-24.59603413,3.0765461,-2.78376578,-15.44081077,4.25589194,-11.67735964,-2.67133013,13.07620726,-8.12729473
10.97,44.81958947,-6.26979296,-7.34280253,-25.75109376,2.87984338,-3.19926687,-15.74200032,3.91623918,-11.94784428,-2.84741743,12.79399613,-7.95609908
10.975,44.98000323,-5.90882294,-7.28879502,-26.84933452,2.67915822,-3.59914569,-16.03827121,3.54214612,-12.21796962,-3.05326337,12.45898221,-7.78618751
10.98,45.11077896,-5.538558,-7.2336542,-27.89771147,2.59182002,-3.85716277,-16.32331135,3.15485689,-12.46834815,-3.27588369,12.00302832,-7.65701962
10.985,45.15222456,-5.07539612,-7.23347723,-28.82597067,2.28882305,-4.36394983,-16.5984935,2.67145199,-12.77678542,-3.57690155,11.61324909,-7.47606802
10.99,45.16503044,-4.60718159,-7.22962196,-29.71259477,2.11996022,-4.74060736,-16.86560263,2.18561947,-13.06798845,-3.89721344,11.10064227,-7.31433768
10.995,45.12867169,-4.11034496,-7.25416829,-30.52419769,1.98042683,-5.09535479,-17.11211622,1.66000024,-13.3586469,-4.26994298,10.5252949,-7.17934037
11,45.04196445,-3.58319556,-7.30300034,-31.26094189,1.87529177,-5.43902468,-17.3357113,1.09479026,-13.65594558,-4.7034061,9.87945777,-7.06542854
11.005,44.90301772,-3.02703888,-7.37301966,-31.92141267,1.80623804,-5.77223309,-17.53774373,0.49209079,-13.9508149,-5.19593759,9.16949914,-6.9753107
11.01,44.7112095,-2.44749123,-7.46323387,-32.50929258,1.7764098,-6.09508777,-17.71773847,-0.14567734,-14.24028628,-5.75268421,8.39570109,-6.91314142
11.015,44.44971458,-1.84351738,-7.57207936,-33.01531053,1.78381836,-6.42413336,-17.88547062,-0.82334634,-14.5012298,-6.37194203,7.5521098,-6.87510832
11.02,44.17955053,-1.23791374,-7.7088297,-33.47914677,1.85628069,-6.69801805,-17.99823436,-1.51114142,-14.80185613,-7.0610269,6.64506329,-6.88872421
11.025,43.79152101,-0.62190141,-7.87889134,-33.85429155,1.95703814,-7.02203092,-18.13267892,-2.2495877,-15.02394745,-7.81855296,5.65320394,-6.93710857
11.03,43.45280091,0.01427277,-8.02434168,-34.18969497,2.12115007,-7.23203752,-18.15748196,-2.97897233,-15.31467574,-8.65143697,4.62711422,-7.03544287
11.035,43.01131795,0.64866041,-8.20155843,-34.44554832,2.32273439,-7.47224972,-18.19176979,-3.74765361,-15.5318366,-9.55032738,3.50823719,-7.18897201
11.04,42.5024036,1.24803424,-8.4229069,-34.6577991,2.57382402,-7.71532647,-18.20792874,-4.52307262,-15.71678155,-10.52675132,2.30824546,-7.40876265
11.045,41.99016291,1.85741803,-8.62246411,-34.81646627,2.86492443,-7.90356503,-18.15086673,-5.30101184,-15.90839106,-11.57611996,1.06200695,-7.67294542
11.05,41.47751529,2.47862754,-8.79173666,-34.92422103,3.18857278,-8.04887578,-18.02107724,-6.07850237,-16.1191873,-12.69174797,-0.21979304,-7.95458109
11.055,40.84937071,3.02818732,-9.03336425,-34.98377003,3.55007949,-8.21466933,-17.90147892,-6.86039305,-16.21871108,-13.88292698,-1.61101094,-8.37255675
11.06,40.26690226,3.61754374,-9.20239438,-34.99594145,3.92850635,-8.32147289,-17.67493,-7.63718737,-16.38756275,-15.13389971,-2.99884457,-8.75610736
11.065,39.5756804,4.11108386,-9.43527408,-34.96741675,4.34124156,-8.43877792,-17.4474265,-8.39432513,-16.41419898,-16.45687939,-4.49622801,-9.3041144
11.07,38.89934843,4.61009772,-9.6216239,-34.89781964,4.76667619,-8.52083291,-17.13537607,-9.13698835,-16.4641923,-17.83470976,-6.00436115,-9.8534062
11.075,38.19445401,5.07740196,-9.80113323,-34.78453614,5.19998994,-8.58656571,-16.76620471,-9.86159785,-16.48288202,-19.26788622,-7.54343557,-10.45721104
11.08,37.46644645,5.51384068,-9.97227011,-34.63212126,5.63137568,-8.63771923,-16.33706806,-10.56750444,-16.46374477,-20.75219573,-9.09871049,-11.10700839
11.085,36.73869546,5.96555732,-10.10779101,-34.42331352,6.04338544,-8.6700537,-15.83471781,-11.27592964,-16.47792069,-22.2785876,-10.61983278,-11.72922095
11.09,35.96417517,6.33234888,-10.25885663,-34.19213581,6.46322088,-8.70383534,-15.28852233,-11.93206549,-16.37487018,-23.84857789,-12.18759305,-12.47810088
11.095,35.17827721,6.61113455,-10.38817753,-33.95289686,6.89467848,-8.73213313,-14.67598881,-12.50670781,-16.18056083,-25.45848758,-13.77502045,-13.31114556
11.1,34.3983017,6.95513983,-10.49056695,-33.6293436,7.2627525,-8.74880707,-13.98773258,-13.13102048,-16.05739315,-27.09725015,-15.23567273,-14.02557274
11.105,33.59612326,7.22275977,-10.59718744,-33.29185397,7.62023636,-8.77316664,-13.24686481,-13.69012287,-15.83677304,-28.76261555,-16.69927688,-14.84163033
11.11,32.79175152,7.44493344,-10.67705873,-32.92293768,7.95793927,-8.799383,-12.43919762,-14.19714813,-15.56928159,-30.44789795,-18.10051382,-15.65891742
11.115,31.99545519,7.59406068,-10.72349924,-32.55126598,8.29700881,-8.83463026,-11.56824693,-14.61595267,-15.24424846,-32.14503441,-19.47198402,-16.51531331
11.12,31.18734299,7.80118125,-10.80076726,-32.09847171,8.53540663,-8.86793107,-10.63849398,-15.10218178,-14.93611988,-33.86578782,-20.6370328,-17.23305779
11.125,30.37520484,7.92899346,-10.84366483,-31.6240012,8.76612732,-8.92088631,-9.65270594,-15.48378026,-14.5314664,-35.5789272,-21.77681661,-18.03138171
11.13,29.58896796,7.9959162,-10.83396585,-31.15504187,9.01509245,-8.98793743,-8.61045774,-15.77529115,-14.1177064,-37.2804167,-22.8623891,-18.80745892
11.135,28.78219728,8.091793,-10.87144633,-30.62179154,9.14774414,-9.05143062,-7.52448709,-16.10282757,-13.67410257,-38.99514581,-23.70803022,-19.46599012
11.14,27.98885952,8.13309165,-10.87779575,-30.06974436,9.27792,-9.14152356,-6.38700856,-16.34532587,-13.18543408,-40.68379084,-24.50134248,-20.13772295
11.145,27.19501759,8.15366765,-10.8738086,-29.47951552,9.37392544,-9.23912203,-5.2132419,-16.5416441,-12.6744979,-42.34522932,-25.15664196,-20.7431108
11.15,26.41465274,8.14840405,-10.85891888,-28.88513719,9.44315947,-9.35216107,-4.00330622,-16.68985524,-12.15351124,-43.98810508,-25.69725738,-21.29795714
11.155,25.629491,8.12401356,-10.84354149,-28.25443579,9.47398788,-9.47406164,-2.76743483,-16.79569247,-11.61281556,-45.59435734,-26.09918495,-21.78769506
11.16,24.84762531,8.08120002,-10.82880396,-27.59905218,9.4725484,-9.6075399,-1.50694686,-16.8559342,-11.05682762,-47.16319428,-26.37615176,-22.21973543
11.165,24.0646366,8.0184258,-10.80479286,-26.91737125,9.44334053,-9.74787857,-0.23045304,-16.87074804,-10.49977645,-48.68537149,-26.52800994,-22.58612643
11.17,23.282157,7.93579068,-10.78785413,-26.21672424,9.389745,-9.89935717,1.06107535,-16.84364576,-9.93735012,-50.16130729,-26.55803499,-22.88981497
11.175,22.49790318,7.83781209,-10.77195544,-25.49389231,9.30970977,-10.05571102,2.35887434,-16.77580141,-9.37911052,-51.58349444,-26.46765677,-23.12751187
11.18,21.70603309,7.72681756,-10.76154756,-24.7485463,9.20200132,-10.20852097,3.65436418,-16.67208627,-8.83095205,-52.9469359,-26.26740511,-23.29561996
11.185,20.91180079,7.60067254,-10.75690628,-23.98596074,9.0755366,-10.36582516,4.94886473,-16.53103985,-8.29381964,-54.2498981,-25.95552321,-23.3975135
11.19,20.04670947,7.41250367,-10.69682777,-23.23861895,9.00767806,-10.43602788,6.1206598,-16.28752105,-7.84604123,-55.45164572,-25.57456898,-23.54077181
11.195,19.2916661,7.31814022,-10.78567895,-22.39707819,8.76314452,-10.6574714,7.50337121,-16.16121216,-7.26865083,-56.65632349,-25.05405945,-23.40895409
11.2,18.48052847,7.15018109,-10.80033699,-21.59955498,8.58786112,-10.8001515,8.76078724,-15.92111611,-6.79401973,-57.76110424,-24.45246281,-23.29695346
11.205,17.64370976,6.97838019,-10.83818191,-20.75953234,8.40264057,-10.92651903,9.98607266,-15.66435653,-6.35856088,-58.77626444,-23.77386589,-23.1337172
11.21,16.79858214,6.79645388,-10.89240975,-19.91846235,8.20431072,-11.03394396,11.19059906,-15.38411655,-5.94258304,-59.72415465,-23.03724213,-22.91171922
11.215,15.94183827,6.60415316,-10.95623367,-19.06938887,8.00155978,-11.1204359,12.36485142,-15.08220999,-5.56411259,-60.59494727,-22.24549287,-22.64120612
11.22,15.0713371,6.40356789,-11.0378473,-18.2069477,7.79295391,-11.18619237,13.50878034,-14.76349681,-5.21951972,-61.38578044,-21.40474792,-22.31761064
11.225,14.19078301,6.19098525,-11.13353176,-17.34204588,7.58351594,-11.22566881,14.61955175,-14.42565437,-4.91444418,-62.09665139,-20.53246329,-21.96721082
11.23,13.2983323,5.97071501,-11.24901052,-16.46910781,7.37327809,-11.23945209,15.69645943,-14.07601981,-4.64925126,-62.72516186,-19.63448241,-21.57802623
11.235,12.39939968,5.73805785,-11.37862368,-15.59814174,7.16565149,-11.2241362,16.73934214,-13.70981119,-4.42540119,-63.27266564,-18.72769588,-21.17983739
11.24,11.49422127,5.4961601,-11.52658207,-14.72781384,6.95994053,-11.17984743,17.74856283,-13.33350349,-4.2423094,-63.73762715,-17.81576321,-20.76546969
11.245,10.58476112,5.2463769,-11.68927978,-13.86104814,6.76089217,-11.10630621,18.72291567,-12.94984881,-4.10386209,-64.1209117,-16.90352236,-20.33718242
11.25,9.67620973,4.98603414,-11.86680676,-13.00220412,6.56859153,-11.00395691,19.66511808,-12.55754777,-4.00833819,-64.42150077,-16.007497,-19.9179832
11.255,8.7692082,4.71889508,-12.05680359,-12.15358403,6.38632355,-10.87222987,20.57416226,-12.16241574,-3.95640023,-64.64119474,-15.1228059,-19.50127102
11.26,7.86972512,4.4415244,-12.25959316,-11.31844579,6.21082179,-10.71374212,21.4536687,-11.76163439,-3.94650939,-64.778626,-14.27046046,-19.10861433
11.265,6.97750749,4.15868295,-12.47226262,-10.49822635,6.04929136,-10.52861772,22.30186898,-11.36261787,-3.98031047,-64.83573011,-13.44227024,-18.72858736
11.27,6.09896135,3.87009826,-12.69267721,-9.69774034,5.90219732,-10.32125025,23.12365327,-10.96424746,-4.05131767,-64.81348707,-12.64579507,-18.38327613
11.275,5.23488728,3.57544057,-12.91967503,-8.91782252,5.76613829,-10.09085669,23.91780805,-10.56886357,-4.16215223,-64.711819,-11.88810476,-18.06257243
11.28,4.38877337,3.27655403,-13.15263305,-8.16237435,5.64741454,-9.84083634,24.68683818,-10.17736558,-4.30545085,-64.53307852,-11.16067251,-17.7757002
11.285,3.56911258,2.97812757,-13.38282238,-7.43053221,5.53650679,-9.58191279,25.43973689,-9.79576643,-4.4817835,-64.2776528,-10.49412734,-17.53622454
11.29,2.75812087,2.68583704,-13.61951859,-6.72831159,5.47156526,-9.29675701,26.15774988,-9.42929688,-4.6792404,-63.94985925,-9.82346696,-17.31918148
11.295,1.99394515,2.37838204,-13.84896494,-6.05001083,5.37113759,-9.01977657,26.87229203,-9.06104499,-4.91670323,-63.53892555,-9.25901459,-17.15072951
11.3,1.25443315,2.07747751,-14.07972153,-5.40160296,5.29342336,-8.73882495,27.56838997,-8.70733253,-5.16769987,-63.05828376,-8.71688626,-17.02357578
11.305,0.5382222,1.7844413,-14.30397937,-4.78387594,5.24409546,-8.44974454,28.24202509,-8.37066476,-5.43388542,-62.50641636,-8.20536481,-16.92875638
11.31,-0.14499237,1.49434949,-14.52086138,-4.19817777,5.20562666,-8.16062714,28.90127217,-8.04527177,-5.71091236,-61.88270627,-7.73728228,-16.86938067
11.315,-0.79104276,1.21283808,-14.71734291,-3.64352879,5.1697133,-7.88229729,29.55415913,-7.73002613,-5.98395014,-61.1880344,-7.3158839,-16.84721227
11.32,-1.40546403,0.94134737,-14.92075453,-3.11807762,5.15121903,-7.6166004,30.19693896,-7.43713253,-6.26821753,-60.43446492,-6.92655445,-16.86034515
11.325,-1.99689724,0.67872177,-15.11765218,-2.63038334,5.16741209,-7.34553874,30.80525024,-7.16544513,-6.56426142,-59.59849726,-6.56932246,-16.89966202
11.33,-2.54416422,0.42680087,-15.29702996,-2.17045542,5.17038856,-7.09728128,31.419333,-6.89933599,-6.83564265,-58.7011499,-6.25265443,-16.96701724
11.335,-3.06067857,0.18691301,-15.47022581,-1.74251128,5.19083068,-6.8634606,32.0176963,-6.65285308,-7.10477769,-57.73670627,-5.96586603,-17.05985334
11.34,-3.54682378,-0.03951335,-15.63463091,-1.34875031,5.22822544,-6.64131775,32.59923316,-6.42239492,-7.36328547,-56.70543998,-5.70665421,-17.17615548
11.345,-3.99955155,-0.25261678,-15.78976752,-0.98526318,5.27057381,-6.43806902,33.17012225,-6.20443167,-7.60270657,-55.6088734,-5.47471665,-17.30891246
11.35,-4.42299578,-0.44597312,-15.93890062,-0.65235361,5.3273921,-6.25490472,33.72569426,-6.00361007,-7.82073144,-54.4466517,-5.26275995,-17.4584863
11.355,-4.81445705,-0.62682755,-16.07826176,-0.35099714,5.38619217,-6.08970692,34.26720293,-5.8128281,-8.01804572,-53.21782694,-5.07279749,-17.61415825
11.36,-5.17912333,-0.79268852,-16.21171809,-0.07886712,5.45440751,-5.94165097,34.78963464,-5.63409742,-8.19384209,-51.92402989,-4.90007025,-17.77562922
11.365,-5.51731767,-0.94045538,-16.34336005,0.16520048,5.53022262,-5.813214,35.29267044,-5.46746396,-8.34539407,-50.56222326,-4.73922678,-17.93781099
11.37,-5.82733409,-1.01955384,-16.52488982,0.38813619,5.57446531,-5.7815382,35.80969407,-5.3158552,-8.38819528,-49.16338857,-4.51634462,-18.06953064
11.375,-6.11183741,-1.18653832,-16.5832447,0.57118041,5.67765077,-5.62522977,36.24278839,-5.15929227,-8.56133472,-47.64330144,-4.44289003,-18.21536396
11.38,-6.38785921,-1.283569,-16.71162454,0.73782246,5.75945169,-5.54149109,36.67029249,-5.0171285,-8.62983818,-46.08496686,-4.30800553,-18.34268382
11.385,-6.64351291,-1.31926433,-16.88210152,0.88436536,5.82429168,-5.53754715,37.09513307,-4.89288629,-8.61754767,-44.48587261,-4.12158083,-18.42568852
11.39,-6.87558868,-1.43053552,-16.95268488,0.99864689,5.91976108,-5.43469381,37.44499351,-4.75616098,-8.69531723,-42.77616652,-4.04745728,-18.49130394
11.395,-7.10883883,-1.43823731,-17.11919713,1.10851436,5.99019334,-5.43973812,37.79704405,-4.64279885,-8.64013079,-41.04950358,-3.88391748,-18.52103087
11.4,-7.32828684,-1.50841858,-17.20235901,1.18854105,6.07632595,-5.3600457,38.07304265,-4.52012523,-8.65914216,-39.22613659,-3.80302796,-18.49484836
11.405,-7.5442953,-1.48480041,-17.35879918,1.26144989,6.14452889,-5.37443075,38.35009778,-4.41615818,-8.54839038,-37.39028977,-3.66420227,-18.44532542
11.41,-7.75021289,-1.47846265,-17.49394528,1.31542699,6.20262932,-5.36475566,38.57678765,-4.30937409,-8.45436857,-35.49301141,-3.56496233,-18.33092048
11.415,-7.98768759,-1.5027299,-17.58092109,1.35897729,6.28185868,-5.2696947,38.70795965,-4.20939446,-8.42049452,-33.53617379,-3.4725302,-18.09839627
11.42,-8.2263487,-1.46703105,-17.72101653,1.39026033,6.34092476,-5.21889855,38.82167735,-4.1202432,-8.29494497,-31.57246075,-3.36577831,-17.82066659
11.425,-8.46823155,-1.41278029,-17.86465839,1.39823293,6.39685185,-5.1705319,38.8944603,-4.04359056,-8.14684135,-29.59504925,-3.26547983,-17.4722581
11.43,-8.72264505,-1.33983473,-17.99945211,1.42500868,6.43220585,-5.12189424,38.93889394,-3.97070262,-7.97061143,-27.6147677,-3.19688318,-17.07557586
11.435,-8.9444579,-1.22377874,-18.14539367,1.41869637,6.47289703,-5.129171,38.99096357,-3.91861127,-7.72292413,-25.65631626,-3.22548717,-16.73106535
11.44,-9.28243635,-1.15495867,-18.28714966,1.43889519,6.48344568,-4.98751448,38.89887525,-3.85047309,-7.55907202,-23.70004679,-3.10195257,-16.08263383
11.445,-9.52412374,-1.01411838,-18.41975051,1.41435992,6.51341853,-4.97127543,38.89245401,-3.8220896,-7.27235681,-21.80757851,-3.2081903,-15.6501007
11.45,-9.90547863,-0.92025642,-18.579695,1.42507162,6.49660852,-4.79594624,38.7402545,-3.75978727,-7.04787952,-19.95498644,-3.11161313,-14.89895229
11.455,-10.24200168,-0.79948432,-18.72323714,1.39439844,6.50855836,-4.6593126,38.61707694,-3.72472548,-6.77293105,-18.18209726,-3.14131726,-14.23167858
11.46,-10.59268241,-0.68027518,-18.86322107,1.37285115,6.49069464,-4.52393707,38.4858193,-3.67891589,-6.46672778,-16.49277525,-3.22074327,-13.58518636
11.465,-10.96210628,-0.56579181,-19.00782856,1.34654589,6.44845359,-4.36737033,38.3400559,-3.62697624,-6.13927193,-14.90578804,-3.32014807,-12.93283327
11.47,-11.34016447,-0.46407608,-19.14928259,1.30425206,6.4076251,-4.19501627,38.18913061,-3.5657495,-5.79350203,-13.43710459,-3.44291527,-12.28687884
11.475,-11.72980975,-0.37819335,-19.2937641,1.25263032,6.34693021,-4.00536844,38.0364492,-3.48928127,-5.4280771,-12.09708321,-3.57934535,-11.662841
11.48,-12.1268118,-0.31466914,-19.43951318,1.18685468,6.27813756,-3.79960906,37.88708021,-3.39279009,-5.04623969,-10.89617458,-3.72971667,-11.0703042
11.485,-12.52553713,-0.27896983,-19.58710008,1.1063554,6.18255901,-3.58400636,37.74852022,-3.27072843,-4.64656801,-9.842219,-3.89276754,-10.53098963
11.49,-12.93600267,-0.27926213,-19.7402419,1.01051299,6.11954399,-3.34135082,37.6124882,-3.11532566,-4.24049019,-8.94019843,-4.05627274,-10.02910475
11.495,-13.32503833,-0.31319286,-19.8930392,0.88969664,5.95002984,-3.11985319,37.50783949,-2.92998845,-3.81605685,-8.19386429,-4.23823872,-9.62781193
11.5,-13.723651,-0.38932821,-20.0563921,0.75024557,5.79674079,-2.87418927,37.40940177,-2.70228225,-3.38713969,-7.60517675,-4.41833147,-9.28153585
11.505,-14.09561826,-0.50668477,-20.23375985,0.58029807,5.6205495,-2.66043353,37.33850193,-2.44095882,-2.96907517,-7.1574769,-4.61121295,-9.01381287
11.51,-14.50859209,-0.68331999,-20.41482715,0.39909742,5.43486639,-2.3648754,37.25746305,-2.11473082,-2.53540831,-6.88834922,-4.77911471,-8.82242469
11.515,-14.89120207,-0.90829948,-20.60887566,0.17991215,5.21451511,-2.09727163,37.2080735,-1.75070095,-2.12142812,-6.76595308,-4.96005831,-8.71288463
11.52,-15.2584147,-1.18005444,-20.80654105,-0.07060442,4.95561777,-1.84761881,37.18357196,-1.34475581,-1.72428055,-6.79480463,-5.13635692,-8.67722129
11.525,-15.63851311,-1.49987997,-21.03711565,-0.35549445,4.72152798,-1.56946282,37.15744873,-0.88552672,-1.32930482,-6.96993193,-5.31196592,-8.73653068
11.53,-15.96560813,-1.8725088,-21.24291316,-0.67330981,4.35137227,-1.35952802,37.18376872,-0.39830537,-0.9986021,-7.2818248,-5.47421455,-8.81148527
11.535,-16.30775046,-2.29090839,-21.4837615,-1.02693697,3.99068701,-1.13067111,37.2038438,0.13867294,-0.68335496,-7.72690496,-5.63351307,-8.96905405
11.54,-16.65582499,-2.75040607,-21.75100701,-1.42221788,3.64398955,-0.89466531,37.22218311,0.71705148,-0.38680216,-8.29776172,-5.78355883,-9.20451554
11.545,-16.94629251,-3.25264185,-21.99175607,-1.85698193,3.16483435,-0.73039825,37.29075431,1.31053114,-0.17826143,-8.97827604,-5.9142344,-9.40175394
11.55,-17.23164154,-3.79052038,-22.25317133,-2.33483094,2.66071628,-0.58377367,37.35908795,1.92853272,-0.00575501,-9.76088489,-6.02468738,-9.63453219
11.555,-17.54353921,-4.36836379,-22.54803366,-2.85721096,2.1695259,-0.43532086,37.39129607,2.5811776,0.12875463,-10.62674898,-6.13169138,-9.94334448
11.56,-17.7624675,-4.96227715,-22.80578754,-3.43034788,1.53289815,-0.36868915,37.49286706,3.21768632,0.18028282,-11.56454803,-6.20034445,-10.14645784
11.565,-17.99631809,-5.5949518,-23.0857869,-4.04790506,0.87486993,-0.33010956,37.5539736,3.87320357,0.1772824,-12.54780916,-6.26563725,-10.38914359
11.57,-18.20800855,-6.24930859,-23.36918253,-4.71835417,0.16601659,-0.33756084,37.60326876,4.52732856,0.11708198,-13.56465608,-6.30597181,-10.62352074
11.575,-18.42862097,-6.93792546,-23.65053854,-5.43986522,-0.5690085,-0.41202356,37.59725894,5.18701438,0.00330062,-14.58487918,-6.30999549,-10.87893365
11.58,-18.57874797,-7.63457254,-23.91761779,-6.21774459,-1.4130479,-0.54749208,37.6117368,5.82355724,-0.17187734,-15.60713287,-6.29799343,-11.06518671
11.585,-18.68191611,-8.34796901,-24.17161083,-7.05498472,-2.3246425,-0.75202981,37.61044033,6.44653298,-0.38612582,-16.6054658,-6.26183155,-11.21843827
11.59,-18.73216719,-9.06163383,-24.44185235,-7.9372045,-3.30987306,-0.9997286,37.6106193,7.04659831,-0.65398174,-17.58542123,-6.21500483,-11.34108789
11.595,-18.75746499,-9.81067349,-24.65205094,-8.89767551,-4.3526556,-1.37279014,37.5379687,7.64503778,-0.94528683,-18.48496661,-6.11257886,-11.45825815
11.6,-18.73651363,-10.57477091,-24.84178452,-9.91486463,-5.45930908,-1.84397034,37.43225713,8.21335158,-1.27059695,-19.33286086,-5.98916617,-11.54398463
11.605,-18.64805472,-11.33978851,-25.00872262,-10.99450429,-6.63736887,-2.37961129,37.31081224,8.76770949,-1.61120572,-20.11185342,-5.82810132,-11.60866224
11.61,-18.49609065,-12.11248935,-25.14311886,-12.13869214,-7.8753694,-2.99815653,37.16194026,9.30252872,-1.95833069,-20.81851423,-5.63245719,-11.65357595
11.615,-18.28596122,-12.88251028,-25.20324473,-13.34719454,-9.17427318,-3.76791813,36.97150235,9.79723072,-2.32652548,-21.45443562,-5.35403525,-11.68723313
11.62,-17.98631492,-13.67210237,-25.27510572,-14.61936243,-10.51935032,-4.49437111,36.77589205,10.31372671,-2.65716111,-21.98636885,-5.14263966,-11.68236398
11.625,-17.62192517,-14.43786709,-25.22313072,-15.95647897,-11.91640033,-5.40171345,36.53688645,10.76839324,-2.99454905,-22.4583995,-4.78882622,-11.69218652
11.63,-17.17111248,-15.20622141,-25.15068038,-17.35526208,-13.34332621,-6.31833229,36.27760244,11.21934178,-3.30890625,-22.82788828,-4.45703139,-11.67406549
11.635,-16.64215084,-15.97265757,-25.0129002,-18.81359981,-14.78582518,-7.26475361,35.99338145,11.66031392,-3.59663653,-23.11268406,-4.1054907,-11.6539643
11.64,-16.03475085,-16.74807266,-24.85423791,-20.32142684,-16.23585333,-8.17301767,35.68585294,12.11545682,-3.84134453,-23.29272713,-3.79456542,-11.61355712
11.645,-15.34066296,-17.48764141,-24.5642721,-21.88525986,-17.69060064,-9.16355906,35.35314995,12.51940479,-4.07010277,-23.41292741,-3.40382089,-11.587289
11.65,-14.54623596,-18.16777287,-24.14606778,-23.50612735,-19.11530603,-10.20219342,35.01375869,12.86120035,-4.26717928,-23.48949739,-2.94388508,-11.56332258
11.655,-13.6878067,-18.88157086,-23.73575147,-25.16184568,-20.49330192,-11.08842029,34.63795464,13.2583616,-4.41059788,-23.43529663,-2.58779324,-11.52888069
11.66,-12.71981037,-19.50429037,-23.15691811,-26.87264258,-21.82030013,-12.02806805,34.26490678,13.56183414,-4.53087157,-23.36827867,-2.13191521,-11.51858025
11.665,-11.68078186,-20.12012189,-22.53474555,-28.61157793,-23.07064636,-12.8485144,33.86508944,13.87969061,-4.60611673,-23.20626699,-1.73656967,-11.50524904
11.67,-10.59278659,-20.7343518,-21.89619348,-30.37900358,-24.24869424,-13.51080745,33.43922322,14.21428534,-4.65952839,-22.98528104,-1.41024801,-11.49971864
11.675,-9.37543235,-21.22717704,-21.06486609,-32.18791363,-25.31234945,-14.21149527,33.03145864,14.44593004,-4.67097727,-22.74855444,-1.00657111,-11.51728439
11.68,-8.09600141,-21.65772113,-20.17673747,-34.00141221,-26.25455843,-14.77003043,32.60353522,14.65750155,-4.6202814,-22.4476893,-0.61216953,-11.54011374
11.685,-6.78289998,-22.08381373,-19.26421128,-35.82997092,-27.10063933,-15.17039375,32.14284323,14.88160196,-4.5746995,-22.09938595,-0.32105497,-11.56963567
11.69,-5.39398183,-22.41142938,-18.25912585,-37.66326062,-27.80879836,-15.47919251,31.68307968,15.04616768,-4.48676737,-21.72611058,-0.01195341,-11.6215156
11.695,-3.95551426,-22.67033665,-17.20949255,-39.4950288,-28.38094152,-15.67046925,31.21708256,15.18023866,-4.3712434,-21.33040793,0.27551261,-11.6816689
11.7,-2.48549455,-22.8629645,-16.1247652,-41.31531022,-28.82054731,-15.73784894,30.73450927,15.28545168,-4.23778798,-20.91254744,0.53138441,-11.75234913
11.705,-0.98744721,-22.98706897,-15.01273579,-43.11691275,-29.12572065,-15.69116568,30.23951496,15.35861059,-4.0906513,-20.47596077,0.75601418,-11.83048276
11.71,0.52931069,-23.041951,-13.88746997,-44.89497871,-29.29617485,-15.53525355,29.73337971,15.40078183,-3.93117452,-20.0295329,0.95956805,-11.91563073
11.715,2.04937893,-23.03249677,-12.75951821,-46.64038888,-29.33798102,-15.27936675,29.20949045,15.4140884,-3.76810749,-19.57364722,1.13263499,-12.00246723
11.72,3.56601676,-22.95974562,-11.63998092,-48.34807019,-29.2548043,-14.93513474,28.6687705,15.39801484,-3.60422055,-19.1125274,1.27973778,-12.08837546
11.725,5.07693198,-22.82721581,-10.53052078,-50.01260697,-29.04921956,-14.50988706,28.11560896,15.35274355,-3.45251914,-18.64850924,1.4040731,-12.172642
11.73,6.56944855,-22.64045255,-9.44896388,-51.63010244,-28.73283689,-14.02183058,27.54599227,15.28176995,-3.30777232,-18.185871,1.50758767,-12.24800764
11.735,8.04064593,-22.40361589,-8.39703329,-53.19486094,-28.31150996,-13.48132606,26.96108101,15.18443473,-3.18092536,-17.72499176,1.59343217,-12.31367881
11.74,9.49103087,-22.12038177,-7.37621568,-54.70099397,-27.78301817,-12.89579597,26.36285442,15.06281745,-3.07643369,-17.2592745,1.66227026,-12.36596701
11.745,10.90014039,-21.79907898,-6.40948075,-56.15378143,-27.19464497,-12.30512659,25.75072671,14.92111995,-2.99082587,-16.8216311,1.72073706,-12.4002434
11.75,12.27894019,-21.44088892,-5.48421642,-57.53387548,-26.5124229,-11.70370471,25.12005871,14.75746176,-2.93198628,-16.36865118,1.77048695,-12.41761118
11.755,13.63049577,-21.05606319,-4.60499276,-58.85584687,-25.77100973,-11.09391436,24.48716001,14.57834494,-2.90604135,-15.9348474,1.81253222,-12.41300005
11.76,14.93885812,-20.64630871,-3.78424732,-60.10772929,-24.9855161,-10.52233897,23.83927975,14.38283479,-2.90502215,-15.51285937,1.85094093,-12.3870576
11.765,16.21207294,-20.21740317,-3.01514107,-61.28998474,-24.1754769,-9.9793301,23.18331927,14.17401271,-2.93661201,-15.10321418,1.8881298,-12.3388082
11.77,17.44949648,-19.77411069,-2.30159714,-62.39667854,-23.33747365,-9.47683858,22.51735138,13.95354289,-2.99969486,-14.69622181,1.92767594,-12.2683336
11.775,18.64974498,-19.31981597,-1.64200309,-63.42056687,-22.50282997,-9.01551606,21.83557807,13.7232976,-3.09361005,-14.27803198,1.97577705,-12.17357166
11.78,19.81225735,-18.86164751,-1.04644235,-64.37198138,-21.64599549,-8.63818187,21.15127107,13.48798301,-3.2089669,-13.87990554,2.02378113,-12.06060463
11.785,20.93979048,-18.40068116,-0.5068555,-65.24471215,-20.79850786,-8.32913472,20.46066722,13.24782168,-3.34949152,-13.48903119,2.07658079,-11.9287816
11.79,22.0331419,-17.94122871,-0.02556362,-66.03550181,-19.97071598,-8.09298579,19.76347931,13.00475355,-3.51142181,-13.10054076,2.13650103,-11.7796035
11.795,23.09192014,-17.48505835,0.39751612,-66.74647994,-19.16290657,-7.94197872,19.06259853,12.76138189,-3.68852536,-12.72090518,2.1997413,-11.6187251
11.8,24.11981283,-17.03731679,0.77214742,-67.36979933,-18.3960684,-7.83333117,18.35182778,12.51699174,-3.89622613,-12.33050963,2.28230667,-11.43014603
11.805,25.11196423,-16.59830177,1.07993038,-67.9080694,-17.65620733,-7.83435224,17.63663053,12.27583502,-4.09503758,-11.94345527,2.36205713,-11.24610738
11.81,26.07220852,-16.16909732,1.33346733,-68.36110361,-16.95379509,-7.90547744,16.91671045,12.0366572,-4.3009402,-11.55518558,2.44540167,-11.0608078
11.815,27.00324258,-15.753767,1.53841499,-68.72743836,-16.29080122,-8.03053057,16.19099247,11.80265217,-4.51479279,-11.16048305,2.539689,-10.8610566
11.82,27.90346635,-15.35095531,1.69232952,-69.00653459,-15.66711932,-8.21513536,15.46068343,11.57292306,-4.72813167,-10.76115517,2.64074898,-10.65627384
11.825,28.78847364,-14.94702829,1.79086189,-69.20030936,-15.10185828,-8.45228972,14.75181303,11.33765205,-4.8965088,-10.3750854,2.70487937,-10.55517654
11.83,29.61040312,-14.58941189,1.85190223,-69.3011723,-14.53696957,-8.72975681,13.98011733,11.12923129,-5.13326983,-9.93621713,2.84960836,-10.2644784
11.835,30.42375626,-14.22693209,1.86032744,-69.31586267,-14.02066311,-9.03803476,13.24079814,10.91201583,-5.31214483,-9.51411567,2.9598656,-10.07084359
11.84,31.25297556,-13.88726961,1.82995242,-69.249254,-13.54377065,-9.29842095,12.53887637,10.70776256,-5.46168857,-9.08285289,3.02184205,-10.02889678
11.845,31.96392072,-13.53811105,1.7661249,-69.08803229,-13.06558907,-9.69385376,11.74784055,10.49206434,-5.60984399,-8.63972123,3.15477147,-9.76093164
11.85,32.67521537,-13.21706832,1.65994668,-68.8329986,-12.66463662,-10.02570037,10.97755661,10.28702788,-5.77661343,-8.1745849,3.3002611,-9.55157059
11.855,33.44486099,-12.92256603,1.54215405,-68.51316886,-12.21372645,-10.27674447,10.28474768,10.1090834,-5.88225329,-7.70728059,3.35256166,-9.51805195
11.86,34.04348121,-12.61576662,1.33161826,-68.07568497,-11.81547785,-10.62093069,9.47091315,9.88982081,-5.95313969,-7.22264602,3.48280713,-9.31910493
11.865,34.68720468,-12.32134144,1.142719,-67.57100067,-11.42273388,-10.87362178,8.71403044,9.69245567,-6.02831344,-6.73072922,3.58573263,-9.19418329
11.87,35.29956722,-12.04151905,0.91306755,-66.97728495,-11.02894213,-11.08296037,7.9582351,9.49428708,-6.08489293,-6.22770696,3.68074096,-9.09837382
11.875,35.88169002,-11.76118083,0.67462261,-66.3034405,-10.64257601,-11.24296394,7.1995616,9.29406833,-6.1111539,-5.71895196,3.77461811,-9.01086175
11.88,36.43774483,-11.48950495,0.40869348,-65.54647124,-10.25079444,-11.34781638,6.44661349,9.09098756,-6.12369001,-5.20134669,3.86270556,-8.94045182
11.885,36.96316678,-11.22292154,0.13269872,-64.70500114,-9.8592475,-11.3909349,5.69668355,8.88732475,-6.11668823,-4.68026095,3.95002627,-8.8820295
11.89,37.45932603,-10.95887471,-0.1630041,-63.78079698,-9.45593209,-11.37072761,4.95374681,8.67705969,-6.09788357,-4.15808586,4.03268669,-8.83648418
11.895,37.9217068,-10.69654067,-0.46498815,-62.77946098,-9.0442268,-11.27671129,4.21120785,8.46419524,-6.05681618,-3.6349008,4.11740485,-8.7984749
11.9,38.36386832,-10.43950589,-0.77680115,-61.69873571,-8.62546811,-11.11792828,3.48667379,8.24854764,-6.0058581,-3.11574046,4.19790391,-8.77230538
11.905,38.77654364,-10.18184373,-1.09352702,-60.53877711,-8.1913076,-10.8899042,2.77394304,8.0267966,-5.94772044,-2.60386802,4.27696543,-8.75475007
11.91,39.15891025,-9.92826556,-1.41690184,-59.3008204,-7.74292668,-10.59020933,2.07404664,7.80096322,-5.88294604,-2.10286282,4.35740308,-8.7439975
11.915,39.51083866,-9.67889006,-1.74291096,-57.98899494,-7.28114732,-10.21626655,1.38673086,7.57250043,-5.80856833,-1.61159317,4.44284414,-8.73777473
11.92,39.83333799,-9.43287928,-2.063521,-56.59986498,-6.80387996,-9.77598326,0.71723257,7.34529672,-5.72880115,-1.13857266,4.53089278,-8.73419841
11.925,40.12749793,-9.19200199,-2.38772859,-55.1360443,-6.31364502,-9.27330708,0.06832533,7.11493759,-5.6518163,-0.68346289,4.62343815,-8.73249491
11.93,40.39718356,-8.95795387,-2.71864859,-53.59591655,-5.81970606,-8.7218887,-0.55103886,6.88110846,-5.5814143,-0.2506354,4.71933615,-8.72962424
11.935,40.61100313,-8.73347207,-3.01866303,-51.9883679,-5.27491256,-8.07489586,-1.17592648,6.66530399,-5.51566598,0.15103094,4.83113099,-8.72983807
11.94,40.83094032,-8.50965762,-3.35638788,-50.29424852,-4.79145121,-7.44409881,-1.72744033,6.42545366,-5.43972316,0.52745493,4.93476775,-8.71356703
11.945,40.9882762,-8.29610439,-3.66329242,-48.53721246,-4.25433724,-6.71525344,-2.28798317,6.2006039,-5.36043256,0.87358484,5.05517373,-8.69045853
11.95,41.11362214,-8.0961634,-3.96205505,-46.70991089,-3.71802965,-5.95733379,-2.82056535,5.98859997,-5.29929105,1.1821512,5.18655636,-8.66509488
11.955,41.19198591,-7.92370642,-4.26252817,-44.82373812,-3.16937028,-5.14530685,-3.34655766,5.7959217,-5.25463133,1.46657947,5.34318025,-8.63489736
11.96,41.23801173,-7.75828264,-4.54674035,-42.87257037,-2.63665316,-4.32123479,-3.84161115,5.61128803,-5.20595389,1.71540027,5.50502978,-8.59020359
11.965,41.24959359,-7.59964486,-4.83390581,-40.85052807,-2.12754403,-3.4960783,-4.28678742,5.42213601,-5.16504478,1.89846852,5.65860499,-8.53267998
11.97,41.19721392,-7.48474763,-5.09831809,-38.80225221,-1.59642161,-2.6066962,-4.77510542,5.28432236,-5.13120304,2.09435959,5.86635249,-8.46406009
11.975,41.12943603,-7.37338398,-5.37989568,-36.68658151,-1.13038871,-1.77014897,-5.18363414,5.13244633,-5.09836387,2.2135543,6.04194206,-8.38276205
11.98,41.00415005,-7.29685476,-5.63811582,-34.55405614,-0.65884977,-0.89995362,-5.61495683,5.02041504,-5.07414214,2.31829171,6.25280302,-8.28883667
11.985,40.84378128,-7.24430294,-5.87964578,-32.39978159,-0.2249065,-0.05010495,-6.03058469,4.93294568,-5.05495554,2.3876625,6.47679651,-8.18459784
11.99,40.64391826,-7.22241909,-6.11350463,-30.2392207,0.17394055,0.78096501,-6.44067388,4.87412531,-5.03546035,2.42128672,6.71248627,-8.06584797
11.995,40.41271892,-7.22678957,-6.3294129,-28.0858341,0.53238496,1.57509288,-6.8442551,4.8439152,-5.02371225,2.42405729,6.96031867,-7.93838793
12,40.15206133,-7.25899599,-6.53116799,-25.9534105,0.84633412,2.32560837,-7.24338849,4.84055619,-5.01150098,2.39618314,7.21622001,-7.79989413
12.005,39.86974405,-7.31426744,-6.71038973,-23.85918785,1.11567541,3.020221,-7.64070811,4.86430303,-5.0074215,2.34403957,7.48344403,-7.65590638
12.01,39.57314992,-7.39202597,-6.86867675,-21.81867946,1.33487114,3.64618827,-8.03333197,4.91265582,-5.00239851,2.26579056,7.75375722,-7.50708284
12.015,39.26795661,-7.4927289,-7.00552917,-19.8494466,1.50768196,4.19542427,-8.42317149,4.98593619,-4.99643454,2.16311361,8.0240685,-7.35523295
12.02,38.95624282,-7.60350427,-7.11152591,-17.96424427,1.64444764,4.66770524,-8.81621693,5.07756316,-4.99719385,2.04383421,8.30261355,-7.20142325
12.025,38.64730521,-7.73099966,-7.19502437,-16.1768899,1.7307226,5.04358997,-9.2024112,5.18549903,-4.99819809,1.9014413,8.57413787,-7.05300273
12.03,38.34323464,-7.85763466,-7.24890641,-14.50593621,1.79278714,5.33806623,-9.59382269,5.30149593,-5.00384458,1.74833382,8.84905683,-6.90349178
12.035,38.0603147,-7.99306454,-7.26719865,-12.96623708,1.8177426,5.5316166,-9.97527605,5.43218902,-5.01599077,1.57716955,9.11608036,-6.77057741
12.04,37.79408241,-8.12008504,-7.25622076,-11.56727428,1.82254282,5.63913156,-10.35810393,5.56172454,-5.03305504,1.39769731,9.38147396,-6.64324688
12.045,37.55180526,-8.23758179,-7.21746834,-10.31806794,1.81074751,5.65340879,-10.73576595,5.68822281,-5.0547532,1.20514657,9.63480695,-6.52351743
12.05,37.33737625,-8.33899748,-7.14756721,-9.22525467,1.78057722,5.57789784,-11.10980329,5.80747479,-5.08507885,1.00571981,9.88134438,-6.4156425
12.055,37.15536261,-8.42057134,-7.04849415,-8.29379885,1.73719057,5.41411084,-11.47659465,5.91557036,-5.12298746,0.79744505,10.11389152,-6.32196219
12.06,37.00343735,-8.47306986,-6.92267479,-7.52272075,1.67913366,5.15989154,-11.83935547,6.00422316,-5.17111898,0.58409022,10.33324643,-6.23697568
12.065,36.88561128,-8.4922836,-6.76866186,-6.9128066,1.60494097,4.81665762,-12.19634513,6.07065842,-5.23373036,0.36916272,10.53780384,-6.16100153
12.07,36.80741858,-8.47577238,-6.5891228,-6.46466138,1.52021483,4.40296146,-12.54168324,6.11493349,-5.30693829,0.14800276,10.72097751,-6.10072561
12.075,36.76406844,-8.42002973,-6.3854994,-6.17854697,1.417357,3.9098345,-12.88262101,6.13072856,-5.39565406,-0.07487512,10.88259966,-6.04878453
12.08,36.76277122,-8.32181492,-6.15829998,-6.05853865,1.30655054,3.36332902,-13.21652216,6.11746119,-5.49268071,-0.29487811,11.01859772,-6.00866354
12.085,36.79770008,-8.18360984,-5.91823859,-6.07436699,1.15778328,2.74680064,-13.53273927,6.07961947,-5.62597654,-0.52409026,11.13190578,-5.96788753
12.09,36.87363069,-8.00261531,-5.66108477,-6.25429287,1.0116935,2.10586597,-13.84807678,6.01075021,-5.7603349,-0.7456173,11.21279725,-5.93470815
12.095,36.98792275,-7.77825343,-5.3863811,-6.57828177,0.83754587,1.42771257,-14.15274847,5.91307241,-5.91520338,-0.97134335,11.26643858,-5.90079943
12.1,37.13992732,-7.51323937,-5.10068625,-7.04401802,0.6461685,0.72892013,-14.44935674,5.78838622,-6.08952479,-1.19931665,11.2900841,-5.86416162
12.105,37.32677693,-7.20998091,-4.80124755,-7.64137942,0.43029314,0.01186744,-14.73682846,5.6387926,-6.28274686,-1.43373971,11.28386444,-5.81926566
12.11,37.54644999,-6.86971761,-4.49809752,-8.36437027,0.20004365,-0.70090557,-15.0173365,5.46376282,-6.49767231,-1.67184018,11.24652892,-5.76772403
12.115,37.79514471,-6.49217647,-4.19884163,-9.20355204,-0.04295017,-1.40446782,-15.29304029,5.26159887,-6.73025694,-1.91143233,11.16559608,-5.70419873
12.12,38.06795722,-6.08532205,-3.90017278,-10.14502959,-0.30760654,-2.10301551,-15.56153429,5.03908909,-6.98538257,-2.16158068,11.05173691,-5.62431302
12.125,38.35630784,-5.65103408,-3.60518151,-11.17144216,-0.581474,-2.7684568,-15.82214449,4.79579984,-7.25891219,-2.42788873,10.90369801,-5.53077674
12.13,38.65447031,-5.1906884,-3.32438721,-12.27018005,-0.87165465,-3.41628418,-16.07769843,4.5298266,-7.55813145,-2.70780025,10.72013603,-5.41871025
12.135,38.95380551,-4.70839996,-3.06948014,-13.42169076,-1.16551044,-4.02135688,-16.32745934,4.24054173,-7.87238529,-3.00337326,10.48852055,-5.28811305
12.14,39.24551572,-4.2068692,-2.84006775,-14.60799387,-1.4567585,-4.57699484,-16.57100215,3.92576186,-8.20480532,-3.32072666,10.21229194,-5.14362069
12.145,39.52059938,-3.68760683,-2.64136988,-15.80867752,-1.75055798,-5.09824503,-16.80816448,3.58382422,-8.55855889,-3.661864,9.89143339,-4.9806282
12.15,39.7694243,-3.15115621,-2.46049346,-17.01547969,-2.03028007,-5.58900314,-17.0463963,3.22440182,-8.93355136,-4.02889669,9.55252778,-4.79952273
12.155,39.99701266,-2.61035782,-2.36399485,-18.19311315,-2.28627522,-5.9614136,-17.25055177,2.81867252,-9.30958738,-4.43929283,9.09538346,-4.63294579
12.16,40.18356259,-2.05600765,-2.2900168,-19.34534662,-2.52700577,-6.33034154,-17.45436842,2.3905947,-9.70997259,-4.88084567,8.61038761,-4.44679781
12.165,40.33283159,-1.49608274,-2.26127743,-20.45439572,-2.73508252,-6.64185563,-17.63930906,1.93236959,-10.12187859,-5.36489968,8.06997928,-4.26509319
12.17,40.44300659,-0.93413982,-2.27597166,-21.51391765,-2.9016963,-6.90130622,-17.80200375,1.4470421,-10.54482199,-5.89567047,7.46594756,-4.09340135
12.175,40.51272276,-0.37366156,-2.33404848,-22.51661617,-3.02272099,-7.11467138,-17.93800254,0.935191,-10.97652314,-6.47699467,6.79566082,-3.93650023
12.18,40.53776899,0.18262992,-2.43301208,-23.45458861,-3.0936345,-7.28865523,-18.04399584,0.39742621,-11.4129729,-7.11603862,6.0567896,-3.79740166
12.185,40.58258029,0.6948047,-2.51009713,-24.35558326,-3.02578886,-7.40473665,-18.06768648,-0.10923096,-11.82213018,-7.81213159,5.1873203,-3.67706004
12.19,40.41147635,1.27976563,-2.75839838,-25.09928708,-3.07463169,-7.54416593,-18.1772202,-0.77314376,-12.26762329,-8.57763843,4.3575704,-3.590209
12.195,40.33377059,1.81648787,-2.9518225,-25.8302763,-2.99524946,-7.59243445,-18.14774974,-1.37149678,-12.72036257,-9.40045781,3.41602484,-3.56729846
12.2,40.18212683,2.34016758,-3.18577971,-26.47168065,-2.8515029,-7.63094238,-18.09283708,-1.9984494,-13.14828808,-10.29216913,2.38650051,-3.58366213
12.205,39.97159823,2.85668508,-3.43848209,-27.02691237,-2.65639813,-7.64320882,-17.99876551,-2.65302695,-13.54599457,-11.25420947,1.28643349,-3.65598875
12.21,39.6962078,3.36326791,-3.71444106,-27.49455063,-2.41590084,-7.62121846,-17.86635264,-3.33403029,-13.90319526,-12.29305627,0.11903618,-3.81628134
12.215,39.40994789,3.84637826,-3.99306505,-27.90431278,-2.12316878,-7.5924326,-17.66489065,-4.00479374,-14.26642813,-13.39333623,-1.12012447,-4.02609418
12.22,39.05877084,4.29523642,-4.31261103,-28.24242076,-1.77197654,-7.54254227,-17.42818063,-4.68821756,-14.56216672,-14.56140933,-2.44731448,-4.3538686
12.225,38.69457559,4.74438213,-4.6036106,-28.50619091,-1.40242035,-7.48571263,-17.11282982,-5.37266832,-14.85642021,-15.79828914,-3.818744,-4.7334934
12.23,38.31478335,5.21142901,-4.85875893,-28.69700853,-1.03133994,-7.42507196,-16.72729891,-6.06851058,-15.16140833,-17.09527489,-5.21824619,-5.14706901
12.235,37.86554431,5.59435949,-5.16231821,-28.82967029,-0.5808387,-7.36151611,-16.30340581,-6.73999047,-15.33698695,-18.458084,-6.72807804,-5.7262385
12.24,37.41869269,6.02667125,-5.40223818,-28.87686408,-0.17184905,-7.30169784,-15.79494577,-7.43273166,-15.57580078,-19.87338236,-8.21078243,-6.27844641
12.245,36.93309519,6.41802,-5.64419805,-28.88133119,0.26780378,-7.24752095,-15.23783214,-8.10820278,-15.72130351,-21.34150557,-9.75101413,-6.94162107
12.25,36.4256895,6.78416702,-5.86816437,-28.83160077,0.71409742,-7.20031679,-14.61626981,-8.76638567,-15.81780251,-22.85707065,-11.31019204,-7.67050371
12.255,35.89173317,7.07899017,-6.08461015,-28.75024449,1.19129579,-7.16466394,-13.93351319,-9.36863251,-15.79898248,-24.41779703,-12.91157601,-8.52097551
12.26,35.34843845,7.40419571,-6.25449554,-28.59592465,1.62351055,-7.13936561,-13.1838938,-9.98474767,-15.79976941,-26.01450068,-14.45997299,-9.3432928
12.265,34.78589076,7.71196567,-6.40150183,-28.39154262,2.03535259,-7.13119808,-12.37666584,-10.5819995,-15.75216799,-27.64103941,-15.97270985,-10.18683671
12.27,34.2098698,7.99567865,-6.52508058,-28.14600134,2.427765,-7.13849594,-11.51065151,-11.15194577,-15.65165766,-29.29406016,-17.44625105,-11.05387514
12.275,33.62296982,8.26285363,-6.61977372,-27.85897617,2.7915442,-7.15714758,-10.58911895,-11.69393722,-15.50268893,-30.96534595,-18.85802421,-11.92924599
12.28,33.01546848,8.53709338,-6.69197476,-27.50414134,3.10150881,-7.18492232,-9.61520611,-12.23292124,-15.31250806,-32.65068648,-20.16265465,-12.77041747
12.285,32.41118082,8.73192122,-6.74547818,-27.1608956,3.42196017,-7.2423476,-8.58955689,-12.68953546,-15.04949375,-34.34073865,-21.43999106,-13.64252505
12.29,31.78741076,8.97692246,-6.80042257,-26.75113646,3.65169045,-7.29080513,-7.52434167,-13.18679305,-14.78752195,-36.04238784,-22.52659447,-14.39790311
12.295,31.16645037,9.1025164,-6.80410009,-26.34173116,3.9185945,-7.37930173,-6.40431996,-13.53819201,-14.39994687,-37.72020197,-23.63947627,-15.25765205
12.3,30.52111798,9.2861354,-6.82932859,-25.86512317,4.07581047,-7.43896401,-5.25598616,-13.94701268,-14.02551113,-39.40066644,-24.50904827,-15.96542081
12.305,29.88032125,9.3953879,-6.83264096,-25.39585134,4.23899015,-7.53034358,-4.06745114,-14.25882648,-13.57878242,-41.05809479,-25.34013716,-16.69259891
12.31,29.22971722,9.48171405,-6.82339786,-24.89427318,4.36836221,-7.61496252,-2.85219367,-14.52395343,-13.09876822,-42.68397152,-26.04225207,-17.36315455
12.315,28.56494176,9.54412927,-6.81665994,-24.36570103,4.46297774,-7.69634815,-1.61613546,-14.74898702,-12.58481561,-44.27729564,-26.61427108,-17.97250015
12.32,27.89649664,9.5691028,-6.81309349,-23.82101327,4.5344973,-7.77814369,-0.35655284,-14.91780575,-12.03715245,-45.83034343,-27.08178889,-18.54591748
12.325,27.21170936,9.5745454,-6.81962985,-23.25976149,4.57445895,-7.84530913,0.90796324,-15.04477817,-11.46613992,-47.3421183,-27.41260182,-19.04614968
12.33,26.51991099,9.54331706,-6.83371462,-22.68304733,4.59235956,-7.90322264,2.18405941,-15.11600126,-10.87386065,-48.80140874,-27.63583631,-19.50562305
12.335,25.81805461,9.48210564,-6.8645183,-22.09243778,4.59126683,-7.94619394,3.46336913,-15.1347405,-10.26282368,-50.20598809,-27.74560202,-19.91398392
12.34,25.10367399,9.39410851,-6.9140762,-21.49155748,4.57044666,-7.96898474,4.7370226,-15.10597114,-9.64392343,-51.54983558,-27.74573504,-20.26872599
12.345,24.36264667,9.27396796,-6.97932332,-20.86393937,4.54203185,-7.97208396,5.98783161,-15.02104744,-9.03000011,-52.81556294,-27.63892173,-20.56415653
12.35,23.63497475,9.12870896,-7.07018257,-20.25650129,4.49554336,-7.95097535,7.24835136,-14.89350052,-8.40332084,-54.03349732,-27.44312247,-20.8243862
12.355,22.89526211,8.95534215,-7.17876293,-19.64800518,4.44409772,-7.90240123,8.48627463,-14.71476282,-7.78835536,-55.17830799,-27.15305938,-21.0317496
12.36,22.13973487,8.752831,-7.31392367,-19.02649684,4.39002857,-7.82724676,9.69757258,-14.48501068,-7.1891389,-56.23914202,-26.77064458,-21.1913902
12.365,21.32547002,8.49275413,-7.36283084,-18.42640792,4.33581235,-7.77896547,10.7854518,-14.15696853,-6.70533373,-57.18341323,-26.34067173,-21.37693558
12.37,20.59335253,8.29033964,-7.64862396,-17.78732169,4.27376506,-7.59705975,12.03135759,-13.91116947,-6.05528253,-58.12788477,-25.79421589,-21.37812289
12.375,19.81784657,8.02355507,-7.84599419,-17.17991735,4.23363377,-7.42520966,13.15676848,-13.56063844,-5.53154295,-58.94948825,-25.19557392,-21.3840512
12.38,19.02907594,7.74227184,-8.06163515,-16.57810287,4.19219276,-7.23162114,14.23988555,-13.18086728,-5.04438134,-59.68695587,-24.54700267,-21.36112533
12.385,18.23540504,7.44487482,-8.29045805,-15.98927903,4.15857352,-7.01447435,15.28256188,-12.76928551,-4.59704749,-60.33815567,-23.85407875,-21.30446192
12.39,17.43890716,7.13298719,-8.53131543,-15.41311976,4.13546617,-6.77067301,16.28544706,-12.33323128,-4.19612922,-60.9018651,-23.12013518,-21.21264556
12.395,16.64305877,6.80857291,-8.77837127,-14.85422171,4.12191562,-6.5086293,17.246737,-11.87504127,-3.84565526,-61.3774959,-22.35761031,-21.09794354
12.4,15.84935765,6.47607817,-9.02922871,-14.31379078,4.12272661,-6.22273594,18.16741439,-11.40352774,-3.54614354,-61.76631978,-21.56741034,-20.95543345
12.405,15.05937824,6.13383538,-9.28048339,-13.79368888,4.13204685,-5.92645571,19.04569798,-10.91860844,-3.30054727,-62.06585891,-20.76688891,-20.80016842
12.41,14.27526627,5.78570832,-9.52916813,-13.2960459,4.15421541,-5.61504845,19.88218481,-10.42759477,-3.11014377,-62.2772168,-19.95532421,-20.62927827
12.415,13.4996247,5.43412054,-9.77149113,-12.82073549,4.18884865,-5.29468605,20.6780433,-9.93580855,-2.97661262,-62.40013203,-19.14120809,-20.45190616
12.42,12.73457809,5.08089263,-10.00334659,-12.37129164,4.2342219,-4.97124051,21.43474634,-9.44797121,-2.89803285,-62.43714889,-18.33318208,-20.27626102
12.425,11.98080698,4.72795567,-10.22565536,-11.94508126,4.29158231,-4.64638798,22.1525725,-8.96812615,-2.8745898,-62.38667441,-17.5337616,-20.10542203
12.43,11.24030762,4.37393094,-10.42645037,-11.54574439,4.35749298,-4.31997288,22.83021535,-8.49650679,-2.90557705,-62.24668181,-16.75012085,-19.94016974
12.435,10.51332442,4.02332455,-10.61522794,-11.1725959,4.43353761,-3.99712712,23.47032164,-8.04065172,-2.98717203,-62.02281973,-15.98252964,-19.78972071
12.44,9.79911138,3.67686804,-10.78418411,-10.82313976,4.5203246,-3.67872077,24.07168536,-7.6033681,-3.11999628,-61.7126173,-15.23859731,-19.65470327
12.445,9.1004967,3.33428953,-10.93274037,-10.50011034,4.61377626,-3.36946575,24.63672322,-7.18518356,-3.29966813,-61.31860005,-14.52287302,-19.542445
12.45,8.41723343,2.99868615,-11.06238715,-10.20053431,4.71358926,-3.07099856,25.16654897,-6.78903544,-3.52104234,-60.84069732,-13.83501423,-19.45741613
12.455,7.74057827,2.66996301,-11.17371825,-9.9225109,4.82863348,-2.77240858,25.65220279,-6.41882443,-3.78825412,-60.28098477,-13.17710173,-19.38953727
12.46,7.08706547,2.34791707,-11.2608596,-9.66830199,4.93941606,-2.49780348,26.11051973,-6.07000669,-4.0881434,-59.6383848,-12.56020755,-19.36263792
12.465,6.44501545,2.02897177,-11.30950535,-9.43432449,5.0552832,-2.22788758,26.5311029,-5.7377316,-4.41773601,-58.91563158,-11.98183508,-19.36195464
12.47,5.81326589,1.72651818,-11.36933356,-9.21990214,5.1801551,-1.97531438,26.91254652,-5.44655712,-4.78884107,-58.11271359,-11.44122432,-19.39713068
12.475,5.19284202,1.43193594,-11.40288735,-9.02230651,5.30815115,-1.7334412,27.25947915,-5.17398468,-5.17771654,-57.23217324,-10.94173122,-19.46611833
12.48,4.58428983,1.14775358,-11.42444037,-8.8420281,5.43806618,-1.50543647,27.57206925,-4.9272246,-5.58951597,-56.27574228,-10.48505058,-19.57006595
12.485,3.98362298,0.87607379,-11.42803933,-8.67228176,5.57071238,-1.2884848,27.85170017,-4.7019624,-6.01048622,-55.24654829,-10.07052459,-19.70876299
12.49,3.38522216,0.61527278,-11.4123172,-8.51139261,5.70970024,-1.07617414,28.09214058,-4.49487188,-6.43881615,-54.1429641,-9.70104715,-19.87967592
12.495,2.77875987,0.37341119,-11.41538676,-8.36427636,5.85867496,-0.86598149,28.28369506,-4.3189353,-6.87692305,-52.97129673,-9.36912081,-20.09639162
12.5,2.22753413,0.12696426,-11.37927413,-8.22984491,5.981874,-0.69373619,28.48433189,-4.14886868,-7.33470278,-51.72468107,-9.09400896,-20.30551646
12.505,1.66254442,-0.09616739,-11.36041365,-8.10258793,6.11437681,-0.52262841,28.63745516,-4.00608035,-7.7873938,-50.41636593,-8.846232,-20.5537392
12.51,1.10215356,-0.31081823,-11.33462796,-7.98085222,6.25155895,-0.35263108,28.75591097,-3.87706159,-8.24036924,-49.04072082,-8.6430198,-20.81672714
12.515,0.54906248,-0.51175041,-11.31823936,-7.86751206,6.3858799,-0.19068557,28.84827385,-3.76258353,-8.69017697,-47.60442598,-8.46867497,-21.09271546
12.52,-0.00302507,-0.69617063,-11.29889916,-7.74902376,6.5238898,-0.02948699,28.91441161,-3.65781028,-9.11610564,-46.11026297,-8.32309089,-21.37620515
12.525,-0.55190544,-0.86874046,-11.28479371,-7.63850242,6.66521306,0.13214434,28.94957884,-3.56639254,-9.5407454,-44.55776163,-8.21195234,-21.65585622
12.53,-1.07194046,-1.03145257,-11.29498613,-7.54265397,6.79453798,0.27771645,28.97621051,-3.48810751,-9.96524512,-42.95158888,-8.11752253,-21.91070412
12.535,-1.60067849,-1.17950607,-11.29765081,-7.43631015,6.93263623,0.4318536,28.97274827,-3.41276981,-10.36094212,-41.29362726,-8.04098583,-22.15429057
12.54,-2.12035121,-1.31488172,-11.31387463,-7.33440018,7.07130736,0.58663373,28.94985653,-3.3442812,-10.73886156,-39.58698489,-7.97700016,-22.36891485
12.545,-2.63499186,-1.43835482,-11.33812141,-7.23328294,7.21347881,0.74639214,28.90663004,-3.28160188,-11.09827152,-37.83624235,-7.92258141,-22.54706038
12.55,-3.13384202,-1.54634474,-11.37736297,-7.13609336,7.35294842,0.90388531,28.85439128,-3.22345024,-11.42739119,-36.04424151,-7.86562934,-22.67678992
12.555,-3.62368824,-1.64075262,-11.42668881,-7.04151007,7.49574851,1.06488963,28.78783986,-3.17057547,-11.73003521,-34.21542894,-7.80680921,-22.75254157
12.56,-4.10489664,-1.72177432,-11.49063308,-6.95022499,7.64231367,1.2302387,28.70853059,-3.12290416,-12.00670013,-32.35424333,-7.74078452,-22.76683813
12.565,-4.56817268,-1.7892742,-11.55687615,-6.86355609,7.78697862,1.39653517,28.62448469,-3.0773753,-12.24063086,-30.46237173,-7.66893723,-22.70821609
12.57,-5.02454114,-1.84072706,-11.64710533,-6.78229573,7.93830984,1.56688904,28.52758386,-3.04183937,-12.44698324,-28.54861047,-7.5791121,-22.57535831
12.575,-5.46166522,-1.87877646,-11.73187033,-6.7062495,8.08797244,1.73878201,28.43236931,-3.0081247,-12.60141607,-26.61636515,-7.48011542,-22.3590657
12.58,-5.89973168,-1.89604287,-11.84092825,-6.62759538,8.25099972,1.91850695,28.32284423,-2.99284263,-12.7342673,-24.67518483,-7.35445275,-22.05052104
12.585,-6.31447814,-1.9013574,-11.94221689,-6.56120146,8.40669205,2.09789278,28.21880285,-2.97862458,-12.79635076,-22.72841656,-7.21503858,-21.64797891
12.59,-6.71799384,-1.87773197,-12.06200848,-6.49023754,8.5692618,2.2676622,28.12310411,-2.98490004,-12.80557272,-20.79306421,-7.05559477,-21.15736836
12.595,-7.09782641,-1.84494023,-12.16823319,-6.44052326,8.72119678,2.43775752,28.03121048,-2.99904153,-12.7439263,-18.86731424,-6.88779043,-20.57739455
12.6,-7.47630645,-1.78035941,-12.28354483,-6.38363108,8.88447875,2.60385679,27.94312788,-3.04096982,-12.62537637,-16.97228064,-6.69265894,-19.9009091
12.605,-7.8341466,-1.69469063,-12.39634779,-6.3380339,9.04222448,2.7547662,27.86967565,-3.1023771,-12.4349214,-15.11473438,-6.49643187,-19.15558695
12.61,-8.18306317,-1.58321226,-12.4993669,-6.29523536,9.20109483,2.89715064,27.80733349,-3.19245292,-12.17319703,-13.31271778,-6.28323263,-18.33806814
12.615,-8.52048106,-1.44997531,-12.59339172,-6.25873074,9.35805946,3.02592605,27.75926613,-3.31059917,-11.84468901,-11.57786949,-6.05844464,-17.46231618
12.62,-8.84657739,-1.29846244,-12.67716469,-6.23055789,9.51040568,3.14028434,27.72951651,-3.45203125,-11.44999082,-9.92323912,-5.8275002,-16.54145169
12.625,-9.16460437,-1.13153968,-12.75325641,-6.21069546,9.65840361,3.24087966,27.71667036,-3.62244312,-10.98946068,-8.36505225,-5.58589345,-15.57938098
12.63,-9.47778788,-0.95554617,-12.81486295,-6.19376728,9.80262656,3.32875228,27.72433606,-3.81019681,-10.47995398,-6.91007415,-5.32772705,-14.58030417
12.635,-9.78384531,-0.77419025,-12.86842422,-6.18931207,9.93920214,3.39920194,27.75331574,-4.01808152,-9.91300861,-5.57278609,-5.07466938,-13.58256051
12.64,-10.09001895,-0.5985097,-12.91213394,-6.18234063,10.07440898,3.45696457,27.80295246,-4.23338153,-9.32549311,-4.35459278,-4.80297112,-12.54994466
12.645,-10.39045854,-0.42263032,-12.94506382,-6.19740818,10.19319791,3.49997318,27.8750002,-4.45752511,-8.67066485,-3.26945915,-4.54702545,-11.57602718
12.65,-10.69423024,-0.26529848,-12.97329742,-6.19931476,10.31293646,3.52944628,27.97107281,-4.67393352,-8.02533195,-2.31331496,-4.27428206,-10.57777141
12.655,-10.99648811,-0.12963275,-12.99334982,-6.21432531,10.4230268,3.54565114,28.08938165,-4.87867415,-7.35752164,-1.4983463,-4.01017727,-9.61278364
12.66,-11.29936667,-0.00140407,-13.0005395,-6.2617331,10.5040942,3.55920825,28.22997392,-5.0781752,-6.61214567,-0.84365926,-3.75755117,-8.77947496
12.665,-11.60325985,0.09021101,-13.02023369,-6.28609281,10.58950362,3.55752275,28.3996197,-5.24337488,-5.91887349,-0.31784121,-3.49172051,-7.91413892
12.67,-11.91137212,0.15702738,-13.02380505,-6.34344346,10.64867128,3.55691033,28.58824414,-5.38465386,-5.17493799,0.03921235,-3.24422832,-7.1816116
12.675,-12.22331802,0.19119222,-13.03972681,-6.40173718,10.69961711,3.54913724,28.80275712,-5.4863621,-4.43724158,0.2485694,-3.00377762,-6.50882253
12.68,-12.53753794,0.18890622,-13.06148194,-6.4637639,10.73349579,3.5419304,29.03885413,-5.54558183,-3.71227453,0.31654309,-2.76419438,-5.90569981
12.685,-12.85562979,0.14991309,-13.08765605,-6.5422821,10.7476233,3.53879962,29.30196033,-5.55695066,-2.98959018,0.21823909,-2.53391223,-5.38833183
12.69,-13.17391124,0.06714634,-13.1235491,-6.63135032,10.74292052,3.54258298,29.58386289,-5.51634511,-2.28473008,-0.01817137,-2.31647313,-4.95212126
12.695,-13.500864,-0.04789874,-13.17010897,-6.72648352,10.71574033,3.55807346,29.88991682,-5.42446118,-1.59248865,-0.40905561,-2.10538238,-4.59815899
12.7,-13.84026257,-0.2295181,-13.22196861,-6.82212498,10.69034452,3.5520193,30.20650211,-5.26069754,-0.96392591,-0.94082764,-1.93862028,-4.378059
12.705,-14.16730756,-0.38868784,-13.31054203,-6.95504271,10.58835578,3.63280193,30.56388034,-5.07751628,-0.28575161,-1.62166486,-1.7267446,-4.11799373
12.71,-14.50237291,-0.61038672,-13.41074973,-7.0900832,10.4899022,3.71012254,30.93366272,-4.82512656,0.31261335,-2.43222443,-1.55787067,-3.97267955
12.715,-14.84556024,-0.86493758,-13.52704218,-7.23557503,10.36429421,3.80869621,31.31601195,-4.52173472,0.86988371,-3.36860242,-1.41181983,-3.89088076
12.72,-15.19147287,-1.17706347,-13.61317227,-7.3898765,10.21640712,3.85746462,31.69642466,-4.16944834,1.3334218,-4.40437272,-1.2804446,-3.86937997
12.725,-15.54571241,-1.45922839,-13.81230031,-7.57172722,10.01737893,4.07509909,32.10788081,-3.78229423,1.83874162,-5.56808978,-1.17891825,-3.86505641
12.73,-15.88819974,-1.81616595,-13.92058905,-7.76344005,9.79592,4.15555969,32.50905813,-3.36432674,2.18781687,-6.80153704,-1.07700078,-3.90489389
12.735,-16.25272856,-2.14849288,-14.17369817,-7.9687512,9.52407545,4.44442693,32.92373629,-2.9049149,2.55808092,-8.13171646,-1.04060357,-3.98018727
12.74,-16.58225783,-2.53863229,-14.30613906,-8.21456052,9.22663031,4.5576626,33.32764029,-2.44148931,2.80585046,-9.50260171,-0.96759421,-4.06155096
12.745,-16.94192411,-2.91703378,-14.58837008,-8.46056346,8.88371003,4.90941139,33.723241,-1.93984695,3.03960581,-10.92866434,-1.00243441,-4.19737778
12.75,-17.25016611,-3.33062378,-14.7481104,-8.76287619,8.49248311,5.05217725,34.11161304,-1.456464,3.17953303,-12.37182045,-0.96375957,-4.31032195
12.755,-17.55500166,-3.75548456,-14.97061042,-9.07698426,8.02634123,5.27689805,34.48530671,-0.9545457,3.27011258,-13.82023102,-0.98551842,-4.44710876
12.76,-17.8434329,-4.19485133,-15.20753572,-9.4343226,7.53358274,5.5323623,34.8318136,-0.4503701,3.31151873,-15.25391827,-1.0394871,-4.6124526
12.765,-18.15050063,-4.67399187,-15.54012433,-9.83195781,7.07204594,5.98215656,35.11119166,0.0884598,3.31583723,-16.64303227,-1.22927967,-4.90783611
12.77,-18.36139772,-5.13612458,-15.73032383,-10.28446998,6.45494546,6.12784524,35.41531388,0.56334438,3.2787387,-18.01397627,-1.22352505,-5.07407742
12.775,-18.57407834,-5.67162386,-16.02280165,-10.77427084,5.84327141,6.42389088,35.65083764,1.08680848,3.16251883,-19.29561645,-1.41858621,-5.38059231
12.78,-18.7065985,-6.17438919,-16.22190625,-11.33506283,5.1122034,6.56151203,35.89116641,1.56057245,3.07219463,-20.5421086,-1.40940113,-5.5831686
12.785,-18.81704865,-6.77732111,-16.48844921,-11.95891675,4.40229481,6.76986447,36.05438795,2.0860993,2.90108691,-21.67010817,-1.61324579,-5.96212193
12.79,-18.85276117,-7.31778504,-16.69481959,-12.62916873,3.55282795,6.85621394,36.23486149,2.54647074,2.75498295,-22.77604222,-1.57030225,-6.18822704
12.795,-18.83131823,-7.94891669,-16.93448099,-13.37036539,2.69233492,6.89423505,36.3653437,3.03360161,2.51925207,-23.7673783,-1.68272853,-6.52397494
12.8,-18.74020932,-8.61158599,-17.1045136,-14.21059844,1.78353703,6.86733824,36.44910269,3.53098871,2.32335554,-24.6587568,-1.75097659,-6.90047789
12.805,-18.58083307,-9.27785924,-17.2706378,-15.10818459,0.79699614,6.75929505,36.51789902,4.00209035,2.10076479,-25.48610622,-1.74318312,-7.24202125
12.81,-18.34415431,-9.97014276,-17.38545512,-16.08613543,-0.24139253,6.5444143,36.55627642,4.46159468,1.85703524,-26.22860665,-1.69227144,-7.61398388
12.815,-18.0341503,-10.68709992,-17.50330381,-17.12718599,-1.35902458,6.26805757,36.57224546,4.92994171,1.62128299,-26.88117126,-1.61248297,-7.91100654
12.82,-17.64474838,-11.42673038,-17.56090428,-18.25090967,-2.51863339,5.87618643,36.55722325,5.38612588,1.36717326,-27.45270799,-1.4885019,-8.23229017
12.825,-17.16160115,-12.17354363,-17.52473737,-19.45632754,-3.72561733,5.32328243,36.51841021,5.80841131,1.09680105,-27.94929218,-1.30387284,-8.5971712
12.83,-16.6262931,-12.96088122,-17.54016673,-20.71514826,-4.99657772,4.78153049,36.44581997,6.27435452,0.83769258,-28.35379717,-1.1147679,-8.85749702
12.835,-15.99685278,-13.7562964,-17.43779564,-22.05085222,-6.30649309,4.06967782,36.35221475,6.71520977,0.56644204,-28.69252106,-0.88726083,-9.14568549
12.84,-15.25547464,-14.51422412,-17.20104336,-23.46860437,-7.63132853,3.17646432,36.24467097,7.08645317,0.28641849,-28.97101709,-0.56867133,-9.46981275
12.845,-14.47672656,-15.33286604,-17.02154572,-24.9238499,-9.00170952,2.32799792,36.09036961,7.53036817,0.01501552,-29.14493481,-0.29272827,-9.69888437
12.85,-13.61298816,-16.13654193,-16.7383097,-26.43991217,-10.38822642,1.36350239,35.92087679,7.94125146,-0.2676838,-29.27854793,0.0305563,-9.93833662
12.855,-12.64534979,-16.89080181,-16.31729311,-28.01565916,-11.75712372,0.25586018,35.74469794,8.289128,-0.55629918,-29.37607034,0.42966106,-10.19368028
12.86,-11.62485507,-17.65774523,-15.88696378,-29.62286673,-13.13812803,-0.83538577,35.53574921,8.66556341,-0.83852601,-29.39417527,0.80081601,-10.39399737
12.865,-10.53748508,-18.40385912,-15.38804692,-31.26505823,-14.49656659,-1.95882622,35.30257274,9.02945154,-1.11998374,-29.35895108,1.18028184,-10.57422237
12.87,-9.43723347,-19.19158984,-14.91622422,-32.92100597,-15.82883996,-3.00028392,35.01521417,9.45180802,-1.40878387,-29.24618373,1.49443746,-10.70556566
12.875,-8.18810156,-19.81982057,-14.19533923,-34.6208849,-17.08420057,-4.23604837,34.75545371,9.7259428,-1.6873832,-29.13290309,1.94047997,-10.87843411
12.88,-6.92982671,-20.46422669,-13.50970874,-36.31897076,-18.29671537,-5.34813555,34.45335896,10.04759351,-1.96589734,-28.95975347,2.31513327,-10.98806159
12.885,-5.66850658,-21.1227848,-12.83008425,-38.01646754,-19.43207206,-6.37342591,34.09778999,10.40540452,-2.26299163,-28.73050769,2.62835704,-11.07115007
12.89,-4.29678746,-21.61791523,-11.97972475,-39.71481471,-20.47551581,-7.45039812,33.76255024,10.64652827,-2.52554598,-28.48725884,3.03462437,-11.15796052
12.895,-2.96942344,-22.16309905,-11.20006654,-41.3937843,-21.42404296,-8.36920024,33.35289148,10.96373366,-2.81141292,-28.18499493,3.31711832,-11.19559759
12.9,-1.58398553,-22.5972969,-10.32685015,-43.05409078,-22.27372888,-9.2669717,32.93672013,11.21442958,-3.08632611,-27.85768761,3.62703384,-11.22606213
12.905,-0.18473259,-22.96084313,-9.43551769,-44.68520671,-23.00746717,-10.07691596,32.49833049,11.44016239,-3.35079112,-27.50653041,3.92298916,-11.22898635
12.91,1.21592824,-23.25952297,-8.53391627,-46.27967839,-23.62451104,-10.79376743,32.02856555,11.64536188,-3.60770604,-27.1268881,4.19661101,-11.20698122
12.915,2.61776527,-23.48952978,-7.62487383,-47.83391169,-24.12423435,-11.41990191,31.53376037,11.82653645,-3.86267841,-26.72236129,4.447407,-11.16044391
12.92,4.01356414,-23.65224305,-6.71602963,-49.33916077,-24.50511238,-11.95277,31.0108049,11.98170635,-4.1147629,-26.29246598,4.67706182,-11.08880019
12.925,5.38875671,-23.75307775,-5.82674096,-50.79197151,-24.76319986,-12.38584015,30.45628833,12.11691967,-4.35939299,-25.83886695,4.87633512,-10.99254615
12.93,6.74761214,-23.78904678,-4.9507236,-52.18843049,-24.90270774,-12.72536011,29.87583891,12.22581654,-4.60495125,-25.36465864,5.05655069,-10.8731355
12.935,8.08156703,-23.76548869,-4.10309129,-53.52314812,-24.92357536,-12.97166565,29.26835124,12.31155526,-4.84757995,-24.86828499,5.21207392,-10.7287644
12.94,9.38673147,-23.68473118,-3.2901954,-54.79330289,-24.82913096,-13.12628224,28.63598428,12.37339095,-5.08782747,-24.3542729,5.34649662,-10.56078623
12.945,10.66503185,-23.5487661,-2.51216238,-55.99688258,-24.62438803,-13.18761423,27.98382254,12.40950553,-5.3294748,-23.82536828,5.46717715,-10.36524037
12.95,11.90689837,-23.36542966,-1.77895666,-57.12943607,-24.31189357,-13.16355698,27.30727145,12.42505497,-5.57026434,-23.27879772,5.56863431,-10.14646276
12.955,13.10796619,-23.13997104,-1.09825937,-58.18479912,-23.89437015,-13.06481513,26.60525137,12.42016692,-5.81210256,-22.71096917,5.65008192,-9.90979788
12.96,14.27247535,-22.87255687,-0.4672585,-59.16680609,-23.38222793,-12.88501901,25.88584956,12.39444349,-6.05144879,-22.13157352,5.72151208,-9.64924751
12.965,15.40228041,-22.57112837,0.11323801,-60.08113386,-22.78410545,-12.62698504,25.15777563,12.35034294,-6.29195988,-21.55725716,5.78335543,-9.36378313
12.97,16.49060311,-22.2339012,0.63751419,-60.92150901,-22.11225587,-12.31293405,24.41574037,12.28502115,-6.52638035,-20.98109298,5.83371133,-9.06456019
12.975,17.53399227,-21.87383359,1.09552243,-61.66045835,-21.37783558,-11.9162119,23.64784996,12.20327032,-6.7690137,-20.35796661,5.88934474,-8.7384935
12.98,18.5418381,-21.4913304,1.5019542,-62.3347797,-20.57498908,-11.47768296,22.87732388,12.10811618,-7.00806049,-19.74996826,5.93333598,-8.39717878
12.985,19.50947304,-21.09243797,1.84765518,-62.93030287,-19.72105154,-11.00035084,22.09781395,12.00095534,-7.24101412,-19.13652257,5.97200397,-8.04365431
12.99,20.43984183,-20.67679024,2.13865874,-63.44656565,-18.83450895,-10.47721774,21.31230756,11.87958678,-7.47532603,-18.51940664,6.01143716,-7.67293077
12.995,21.33177044,-20.25167844,2.3679408,-63.88504579,-17.91357373,-9.94171849,20.52217505,11.74925505,-7.69857695,-17.89991994,6.04683539,-7.29700713
13,22.18854587,-19.81772097,2.54441725,-64.24626189,-16.97714637,-9.37885128,19.72988624,11.60889849,-7.91929342,-17.28001985,6.08415303,-6.90799996
13.005,23.01083048,-19.37798708,2.66771037,-64.53037417,-16.03372417,-8.80435169,18.93766052,11.46033342,-8.13391147,-16.66082982,6.12371301,-6.51000408
13.01,23.79908218,-18.935817,2.73544807,-64.74004956,-15.08638894,-8.23516448,18.14657075,11.30517889,-8.33609248,-16.04407105,6.16403467,-6.10959152
13.015,24.55587745,-18.491188,2.75646003,-64.87683547,-14.14968857,-7.67073265,17.35894494,11.14384766,-8.52713113,-15.43215883,6.20634244,-5.70431802
13.02,25.28259613,-18.04742123,2.7314834,-64.94097488,-13.23323389,-7.11441533,16.57562669,10.97783334,-8.71102836,-14.82398017,6.25350487,-5.29500012
13.025,25.97999553,-17.60415754,2.6612462,-64.93418906,-12.33757759,-6.58847823,15.79936468,10.80699513,-8.87778645,-14.22251684,6.30116514,-4.89104865
13.03,26.64912543,-17.16415369,2.55118768,-64.85860891,-11.4722272,-6.08245482,15.02859061,10.63350895,-9.03361778,-13.62613325,6.35321206,-4.48628323
13.035,27.29198283,-16.72582963,2.40599759,-64.71690987,-10.64147922,-5.60832055,14.26607757,10.45675863,-9.17469523,-13.03792744,6.40763965,-4.08563035
13.04,27.91067588,-16.29163085,2.22648363,-64.5097921,-9.85156569,-5.17639465,13.51245998,10.27852681,-9.29834555,-12.45537994,6.4633518,-3.69607098
13.045,28.5047589,-15.86204953,2.01701482,-64.23709716,-9.09936219,-4.78554853,12.77063594,10.09935156,-9.40765996,-11.88351022,6.51901254,-3.31847796
13.05,29.07727269,-15.43299797,1.78748168,-63.9031622,-8.39028806,-4.43698313,12.03825606,9.91802561,-9.50086136,-11.31858223,6.57321611,-2.95200962
13.055,29.62528912,-15.0126043,1.52992579,-63.51207398,-7.72586276,-4.12341716,11.31314856,9.73866736,-9.57842848,-10.76142381,6.63416362,-2.59471463
13.06,30.14875392,-14.59420157,1.27824074,-63.06453359,-7.11502108,-3.84119413,10.58785025,9.56389677,-9.65891098,-10.20960131,6.69757007,-2.23041129
13.065,30.66818392,-14.17472578,0.98735682,-62.5562684,-6.53303963,-3.64233789,9.9008652,9.38127935,-9.67447223,-9.67226522,6.74757325,-1.93333665
13.07,31.1520153,-13.76914028,0.6892784,-61.99312105,-5.99761593,-3.45428838,9.20273585,9.20602488,-9.71255481,-9.1367331,6.80408135,-1.62332985
13.075,31.62306584,-13.36276969,0.39472531,-61.37852814,-5.50840794,-3.31548549,8.51859555,9.03289976,-9.73523657,-8.60894106,6.85742439,-1.33677017
13.08,32.07596185,-12.96351806,0.09605182,-60.71387885,-5.05965835,-3.21481332,7.84250718,8.86384143,-9.74611567,-8.08721508,6.91036452,-1.06895917
13.085,32.505322,-12.56264496,-0.19432737,-59.99630991,-4.64831188,-3.1477027,7.17084888,8.69719415,-9.74355227,-7.57222897,6.96408038,-0.81205648
13.09,32.92569297,-12.17000904,-0.48602945,-59.23010176,-4.27226602,-3.1222801,6.51675047,8.53546385,-9.73701602,-7.06349246,7.00864622,-0.59069936
13.095,33.41672074,-11.77079014,-0.67896065,-58.43904409,-3.92065804,-3.15602394,5.92966127,8.40995274,-9.75913579,-6.55422085,6.98474686,-0.47400557
13.1,33.69935349,-11.39392024,-1.04437353,-57.55560738,-3.62476749,-3.15410469,5.21881437,8.22342014,-9.67055132,-6.06753243,7.10755975,-0.19538477
13.105,34.16291995,-11.00900679,-1.20918118,-56.67532155,-3.30869129,-3.22064809,4.6509705,8.11622957,-9.689242,-5.57022972,7.07981278,-0.10057293
13.11,34.4129568,-10.63970266,-1.55275668,-55.69709873,-3.08289745,-3.30232777,3.95742372,7.93723422,-9.59151286,-5.0943479,7.18803943,0.12285183
13.115,34.83362019,-10.26377436,-1.69971099,-54.72652333,-2.7986391,-3.39389374,3.39992954,7.837221,-9.59745988,-4.61212487,7.17003122,0.20333519
13.12,35.05963444,-9.90865761,-2.00084957,-53.66221335,-2.62912803,-3.53606655,2.72791786,7.67685557,-9.48687137,-4.15179932,7.26364745,0.37302906
13.125,35.44932443,-9.55299138,-2.1210477,-52.60497352,-2.3692821,-3.64343897,2.19197432,7.59567781,-9.48733616,-3.69124977,7.25238072,0.4291585
13.13,35.64484398,-9.21390758,-2.39720799,-51.45359608,-2.23725534,-3.82671235,1.54035817,7.44649949,-9.37008226,-3.24667381,7.33732259,0.55427968
13.135,35.91275712,-8.88126316,-2.5740458,-50.28499727,-2.0540915,-3.98760673,0.96127991,7.34269086,-9.31349045,-2.80932053,7.37045468,0.62958844
13.14,36.24829266,-8.55710698,-2.65438786,-49.09870048,-1.82197864,-4.10629406,0.45525343,7.28482846,-9.29626359,-2.38633741,7.38037919,0.65982817
13.145,36.40387339,-8.25359658,-2.88852899,-47.81902059,-1.71725424,-4.30778596,-0.15312163,7.16049498,-9.17186954,-1.98113957,7.45751528,0.73497649
13.15,36.70521635,-7.95329815,-2.94195101,-46.54807178,-1.48256254,-4.42561147,-0.63383358,7.11897214,-9.15825129,-1.58875717,7.47077125,0.75492841
13.155,36.82537436,-7.6770676,-3.14848569,-45.18220566,-1.3858261,-4.6150313,-1.21555821,7.01127556,-9.02336803,-1.21833532,7.55287745,0.81719168
13.16,37.09134577,-7.41100002,-3.1879093,-43.82554244,-1.15020058,-4.71766142,-1.66552242,6.98828614,-9.01114909,-0.8640901,7.57773496,0.82913019
13.165,37.1868632,-7.16631632,-3.36688714,-42.37630379,-1.04100097,-4.86429466,-2.20585004,6.90015921,-8.87424519,-0.53551906,7.66458445,0.88388165
13.17,37.4110494,-6.93653824,-3.39688352,-40.93465987,-0.80524084,-4.94180347,-2.62789905,6.89535367,-8.85799804,-0.22071617,7.70521223,0.89405543
13.175,37.47365543,-6.73004855,-3.55497359,-39.4037377,-0.68244217,-5.02404725,-3.12787744,6.82746145,-8.71531847,0.05661832,7.80339022,0.95331897
13.18,37.65297316,-6.5403395,-3.5832904,-37.88047973,-0.44347065,-5.06378896,-3.52046317,6.84068517,-8.69918486,0.32466699,7.85967,0.96533584
13.185,37.68276764,-6.37927936,-3.72495473,-36.27826074,-0.30345176,-5.05740539,-3.97963429,6.79720346,-8.55324066,0.54833165,7.9736793,1.0364444
13.19,37.81881263,-6.23092919,-3.7481274,-34.68597645,-0.06914016,-5.04174065,-4.34485619,6.82898325,-8.52603991,0.77380215,8.0497689,1.05688487
13.195,37.87814483,-6.10016096,-3.8306351,-33.03735985,0.13142222,-4.96972194,-4.72405732,6.82992153,-8.43682468,0.96389463,8.15692056,1.10952386
13.2,37.89112154,-6.0040358,-3.92133085,-31.3633425,0.31960491,-4.83680696,-5.10809496,6.84333998,-8.32967879,1.11841287,8.28386914,1.18119181
13.205,37.85509512,-5.96023351,-4.01948095,-29.67616263,0.49192808,-4.61103071,-5.50188435,6.88391669,-8.19364324,1.2302556,8.4283928,1.28696311
13.21,37.85423604,-5.91066877,-4.08043008,-27.97943328,0.6918704,-4.38674784,-5.83791099,6.93481179,-8.10513467,1.32717267,8.56131874,1.36547225
13.215,37.85513398,-5.8635798,-4.11547588,-26.28443339,0.89082755,-4.14782766,-6.16220063,6.99498482,-8.02930824,1.43162632,8.7087015,1.43020692
13.22,37.79428537,-5.87958866,-4.19295296,-24.58892882,1.05406402,-3.79503128,-6.49816394,7.07092156,-7.8944054,1.47628321,8.87967475,1.54142773
13.225,37.73118846,-5.90139974,-4.23910207,-22.91685064,1.23244211,-3.41832565,-6.82457148,7.16124315,-7.79161822,1.50903931,9.05163188,1.64189489
13.23,37.66181164,-5.95576198,-4.27434006,-21.27362197,1.38362843,-3.01443226,-7.13628177,7.27236896,-7.67417881,1.51258462,9.22938644,1.74740139
13.235,37.58176973,-6.0210038,-4.29921244,-19.66908223,1.52682043,-2.58173008,-7.44677127,7.39158271,-7.56264215,1.50002121,9.42141936,1.84892808
13.24,37.49636519,-6.10389419,-4.31048483,-18.11441757,1.65868637,-2.14064167,-7.74955692,7.51876959,-7.44753606,1.4662911,9.61083126,1.95036071
13.245,37.3803999,-6.18279912,-4.34410373,-16.61257466,1.85727361,-1.64334346,-8.06621567,7.62676329,-7.35142466,1.41461129,9.78200785,2.06968845
13.25,37.27952591,-6.28192652,-4.34250709,-15.18910123,1.97879567,-1.17211453,-8.36681501,7.75620559,-7.24595668,1.34052566,9.98315263,2.16546456
13.255,37.18006223,-6.38663328,-4.32604988,-13.85463211,2.09234649,-0.70128861,-8.66977142,7.88681694,-7.13960827,1.25699589,10.18987506,2.25434748
13.26,37.08733996,-6.49504707,-4.29325336,-12.61755908,2.19747933,-0.251361,-8.96778896,8.01907057,-7.03957015,1.15509642,10.39906572,2.33027093
13.265,37.00050543,-6.59918486,-4.24697205,-11.48676544,2.30652275,0.18341605,-9.26484162,8.14155576,-6.94406376,1.0409455,10.60704564,2.39736474
13.27,36.96853784,-6.70558873,-4.12304267,-10.47918345,2.33149079,0.46448193,-9.5324643,8.29155382,-6.84916161,0.92365924,10.83182243,2.41041803
13.275,36.86256204,-6.78967279,-4.10995119,-9.57590053,2.51703156,0.94594568,-9.85334575,8.36789902,-6.76845726,0.78029766,11.02209403,2.48898245
13.28,36.85191854,-6.86907502,-3.97125384,-8.80873413,2.55777468,1.15895367,-10.11437999,8.48514766,-6.69474155,0.63577263,11.2401602,2.47770679
13.285,36.81929128,-6.93411198,-3.86492069,-8.16816363,2.6669327,1.41559847,-10.39765056,8.56553252,-6.62838289,0.47420681,11.4541623,2.47979158
13.29,36.76535404,-6.96569748,-3.79782227,-7.64375741,2.83162276,1.71860059,-10.70368713,8.59756285,-6.58104359,0.30519495,11.61007499,2.50458767
13.295,36.79510661,-6.97755348,-3.64067466,-7.25366597,2.89524512,1.80660755,-10.9506753,8.63887481,-6.53758534,0.13194317,11.7986985,2.46223018
13.3,36.82153247,-6.97315243,-3.49834253,-6.99332215,2.997159,1.87048386,-11.2092224,8.65604589,-6.50691991,-0.05568589,11.97544238,2.41788748
13.305,36.85365612,-6.94479135,-3.36178687,-6.85380777,3.10666981,1.89464148,-11.47273455,8.64729369,-6.49261085,-0.24528021,12.13325565,2.36779422
13.31,36.89741562,-6.88800335,-3.21859324,-6.83141044,3.21405457,1.86726423,-11.73112599,8.61110016,-6.48963866,-0.44518688,12.27555571,2.30924302
13.315,36.95836083,-6.80736417,-3.06909829,-6.93908571,3.31574534,1.77778874,-11.99003706,8.55109954,-6.49979463,-0.64866061,12.39955963,2.24403769
13.32,37.0138773,-6.69203378,-2.86759135,-7.14556068,3.384863,1.54974079,-12.26616503,8.47113496,-6.50924627,-0.84424488,12.48927179,2.17892629
13.325,37.1101742,-6.55448713,-2.68718457,-7.47519163,3.44977514,1.30130415,-12.51094206,8.3643365,-6.55091747,-1.05844217,12.57351097,2.10392012
13.33,37.22342148,-6.40433174,-2.45692964,-7.90766261,3.41640882,0.85634965,-12.7581293,8.25905483,-6.61399492,-1.26619975,12.59978513,2.04017585
13.335,37.35915604,-6.2229076,-2.24055656,-8.43951217,3.41697508,0.44187658,-12.98761774,8.11932223,-6.67350975,-1.48766889,12.62632782,1.98172739
13.34,37.49956795,-6.01843865,-2.04219037,-9.05605382,3.47778849,0.12187482,-13.2099487,7.93889383,-6.74674984,-1.71929782,12.63886571,1.91993742
13.345,37.66667425,-5.81062511,-1.75751493,-9.76221991,3.32287985,-0.53813307,-13.43454581,7.78926638,-6.84372233,-1.94029965,12.58112825,1.89474957
13.35,37.84334693,-5.57326307,-1.50838064,-10.54002239,3.23030982,-1.10028567,-13.64464246,7.59782696,-6.93759221,-2.17926254,12.51213845,1.88617465
13.355,38.02478003,-5.32233914,-1.2463658,-11.37963365,3.10352305,-1.69318444,-13.85231092,7.39106874,-7.04753304,-2.42281968,12.40537897,1.89570767
13.36,38.21147449,-5.05707394,-0.97844106,-12.26988175,2.93720937,-2.31834039,-14.05143557,7.16788916,-7.16855656,-2.67866555,12.26310439,1.93219096
13.365,38.398699,-4.77622802,-0.71206254,-13.20145485,2.74199199,-2.95667131,-14.24703603,6.9276034,-7.29613881,-2.9412395,12.08079732,1.9967372
13.37,38.58302926,-4.48378399,-0.44504258,-14.16060365,2.50985782,-3.61024388,-14.43555973,6.66956104,-7.43255198,-3.21502378,11.85948283,2.09220193
13.375,38.75882675,-4.17789833,-0.1848813,-15.13258256,2.25563326,-4.26342049,-14.61477469,6.38984416,-7.57976307,-3.50602461,11.59487978,2.21870588
13.38,38.92328865,-3.85969859,0.0674942,-16.10974523,1.97070393,-4.9152296,-14.78805784,6.09046884,-7.73361445,-3.80878911,11.28799889,2.37687271
13.385,39.07190888,-3.52757883,0.30073855,-17.08073659,1.6713696,-5.54906742,-14.9515556,5.76804365,-7.89465267,-4.13224056,10.93277901,2.56519884
13.39,39.20162475,-3.18212348,0.51639368,-18.03382564,1.36086,-6.15871465,-15.10495426,5.42054801,-8.06355293,-4.4743821,10.52640263,2.78108091
13.395,39.30588056,-2.82770979,0.71256296,-18.9552992,1.05134855,-6.74988508,-15.24111409,5.04748632,-8.2366714,-4.85341194,10.06623513,3.02938504
13.4,39.38803231,-2.46129394,0.87965837,-19.84792545,0.73445703,-7.30601874,-15.36721989,4.64761138,-8.42048577,-5.24735207,9.55827903,3.29558691
13.405,39.44450093,-2.08552109,1.01519156,-20.70260814,0.43689562,-7.80973127,-15.4756774,4.22456856,-8.60684902,-5.67362622,8.99011214,3.57517443
13.41,39.4716847,-1.70340646,1.12573962,-21.51013845,0.15559539,-8.28911114,-15.56077778,3.77296106,-8.7970761,-6.1418302,8.3650598,3.87485879
13.415,39.47146136,-1.31315078,1.19914463,-22.27189667,-0.09932351,-8.7156766,-15.62393355,3.29735027,-8.99321114,-6.64555854,7.67747927,4.17594909
13.42,39.43632025,-0.91795922,1.24323343,-22.97833388,-0.32693379,-9.11958009,-15.66274256,2.79620521,-9.18467375,-7.19572159,6.93126522,4.49002492
13.425,39.41693005,-0.56991499,1.26062979,-23.66840218,-0.38640192,-9.32979362,-15.64765045,2.31677944,-9.32244816,-7.77559508,6.05251036,4.74417967
13.43,39.27586888,-0.11550032,1.21450564,-24.2297979,-0.67242673,-9.77395645,-15.65224705,1.71823141,-9.57220776,-8.42911129,5.2514731,5.06916251
13.435,39.1450739,0.2864081,1.16373795,-24.77268683,-0.77494634,-10.05592699,-15.60354077,1.1558529,-9.76741689,-9.11928811,4.30350764,5.3531227
13.44,38.97918104,0.69195801,1.06682479,-25.25499304,-0.84277259,-10.29791033,-15.51964554,0.56701231,-9.9583536,-9.86529374,3.30035434,5.60029139
13.445,38.77948259,1.09472218,0.93798927,-25.68001806,-0.86238926,-10.50466565,-15.39848342,-0.03763579,-10.14293493,-10.66907855,2.22848764,5.81425949
13.45,38.51091991,1.49904684,0.7647081,-26.02782532,-0.84588081,-10.72145272,-15.2591749,-0.67729923,-10.28871756,-11.53357112,1.10121205,5.99957591
13.455,38.25649718,1.8990636,0.58226766,-26.34371723,-0.7779189,-10.8442007,-15.05067463,-1.30315381,-10.48394233,-12.45301831,-0.10479789,6.11281541
13.46,37.94881411,2.29564659,0.35797266,-26.59251285,-0.67006804,-10.95991822,-14.8121076,-1.9525412,-10.64498799,-13.43303215,-1.37032355,6.17303858
13.465,37.59756011,2.68632323,0.10742736,-26.77992654,-0.52055243,-11.05602953,-14.53387097,-2.61352507,-10.78418724,-14.47708539,-2.69747687,6.16712479
13.47,37.19116434,3.0705711,-0.16795271,-26.90122753,-0.32821859,-11.13216813,-14.22261601,-3.28800511,-10.86548763,-15.58182883,-4.08026758,6.06576375
13.475,36.76330531,3.43782661,-0.47140915,-26.98442933,-0.09587126,-11.18160668,-13.86091039,-3.95501131,-10.94762989,-16.74814299,-5.52212413,5.88005937
13.48,36.33107778,3.81800441,-0.75756695,-27.02098195,0.1428229,-11.20159023,-13.43585162,-4.61929895,-11.0710725,-17.96739437,-7.01021213,5.66899573
13.485,35.81832696,4.14249713,-1.11618647,-26.99421204,0.46117283,-11.21809972,-12.98468565,-5.27764898,-11.06237322,-19.25554628,-8.54850329,5.25165585
13.49,35.32284497,4.51304936,-1.4235199,-26.92725353,0.73241795,-11.20182068,-12.46381004,-5.94176839,-11.15121417,-20.58572416,-10.10996339,4.87072858
13.495,34.75668586,4.8127706,-1.77172076,-26.80740401,1.10279028,-11.18968276,-11.90841126,-6.56958366,-11.0807068,-21.97697452,-11.70386206,4.27415913
13.5,34.18849623,5.12829808,-2.10304964,-26.65410001,1.44626711,-11.15708148,-11.29530548,-7.195307,-11.05511832,-23.41275512,-13.30461573,3.65251089
13.505,33.60415298,5.46830247,-2.41543663,-26.44909477,1.74561185,-11.11539722,-10.63111296,-7.83109849,-11.06200248,-24.88832932,-14.88946134,3.02305501
13.51,32.98129597,5.76392626,-2.74022013,-26.20789806,2.09404685,-11.07752531,-9.92197401,-8.43016742,-10.96918501,-26.41181086,-16.47882373,2.23412237
13.515,32.34430233,6.04481231,-3.04981896,-25.9382006,2.44015877,-11.03680777,-9.16463691,-9.00432221,-10.86602375,-27.97013335,-18.0237354,1.40217368
13.52,31.68191389,6.30453157,-3.34230693,-25.62414954,2.79376379,-10.99049715,-8.35889054,-9.54444789,-10.69758655,-29.55923282,-19.53043229,0.4611479
13.525,31.01043324,6.55880699,-3.61964158,-25.28597771,3.12215054,-10.94534759,-7.50801006,-10.06627677,-10.53103038,-31.17653977,-20.97203656,-0.49505447
13.53,30.32842877,6.74406708,-3.87749396,-24.94529576,3.51923477,-10.91286407,-6.61208926,-10.50241908,-10.28167221,-32.8135126,-22.36556723,-1.5707981
13.535,29.62785976,7.00693584,-4.11479467,-24.52742255,3.75613679,-10.86120611,-5.67681279,-10.99893486,-10.08404114,-34.46764387,-23.62169218,-2.56504986
13.54,28.92653422,7.19483032,-4.34466354,-24.13471357,4.05467201,-10.84224931,-4.70361629,-11.40880401,-9.8260097,-36.13656875,-24.8200672,-3.64514282
13.545,28.21538081,7.37426176,-4.54124502,-23.70371901,4.32306437,-10.81732022,-3.69311682,-11.78260603,-9.54056707,-37.80411879,-25.90395424,-4.73380429
13.55,27.49693322,7.53858051,-4.71669291,-23.25248674,4.56040833,-10.79863616,-2.6515597,-12.12182835,-9.2365692,-39.46919559,-26.8685954,-5.81628125
13.555,26.78186535,7.64922497,-4.85865326,-22.79695879,4.82568313,-10.79130024,-1.57589331,-12.37714479,-8.89277387,-41.11686645,-27.75880866,-6.93905978
13.56,26.05894271,7.76888152,-4.99590949,-22.32064591,5.01852623,-10.78460501,-0.47874911,-12.62769852,-8.55397789,-42.75883038,-28.48856555,-8.00612442
13.565,25.32830075,7.88968096,-5.12407695,-21.8313115,5.14818796,-10.77902897,0.63398804,-12.8620689,-8.21580522,-44.38699978,-29.05908083,-9.02491444
13.57,24.60104463,7.96329473,-5.23041379,-21.33543499,5.29096647,-10.78536841,1.76993077,-13.02331252,-7.85122085,-45.97968929,-29.53960752,-10.04906974
13.575,23.86135009,8.01704497,-5.32728885,-20.80975936,5.41393219,-10.79526306,2.91432503,-13.14327737,-7.48036372,-47.52919494,-29.87514466,-11.02471585
13.58,23.14572276,8.03682077,-5.41213025,-20.33295114,5.51461753,-10.80228608,4.07523983,-13.20964614,-7.11223222,-49.06034494,-30.12051791,-11.98251828
13.585,22.42130365,8.02895533,-5.49145943,-19.83529455,5.6038558,-10.80950066,5.23781986,-13.22766713,-6.743382,-50.53691197,-30.23138962,-12.88633379
13.59,21.69439036,8.00348288,-5.57089399,-19.32959655,5.66588277,-10.80927019,6.40102418,-13.21094923,-6.3837871,-51.96281495,-30.22249633,-13.73939823
13.595,20.97487385,7.94057532,-5.65183788,-18.83803497,5.71950926,-10.80496656,7.56479893,-13.13880581,-6.02922768,-53.33590294,-30.10891458,-14.54622096
13.6,20.25369227,7.85756876,-5.73531315,-18.34798409,5.75636122,-10.78915568,8.7196673,-13.0306703,-5.69154965,-54.65030846,-29.88486967,-15.28728157
13.605,19.52854771,7.75358781,-5.83337267,-17.84785842,5.78557043,-10.76439441,9.86399148,-12.89025378,-5.37511231,-55.89722614,-29.55595419,-15.97057491
13.61,18.76999012,7.56870623,-5.86995421,-17.399722,5.81825847,-10.76107908,10.91597734,-12.64365486,-5.13714034,-57.05500511,-29.06165219,-16.46560066
13.615,18.10221,7.4577991,-6.05609524,-16.92488813,5.80955827,-10.673871,12.11617892,-12.48247342,-4.79365049,-58.20597842,-28.64134256,-17.13291947
13.62,17.35400223,7.22586905,-6.12922357,-16.4680057,5.82345627,-10.64875256,13.14862581,-12.172099,-4.61012333,-59.20773627,-28.05244646,-17.56537983
13.625,16.69170515,7.05318714,-6.36227369,-16.0123231,5.84009043,-10.49652023,14.31043249,-11.92771552,-4.3153405,-60.20407399,-27.45185427,-18.03180632
13.63,15.99716399,6.81835718,-6.53966497,-15.58923101,5.86540428,-10.36499069,15.37648704,-11.60704252,-4.12131854,-61.09344046,-26.75818514,-18.36254849
13.635,15.27813505,6.54475115,-6.66732816,-15.18045842,5.85428705,-10.31954883,16.36533903,-11.2403891,-4.02178774,-61.87796729,-26.07009149,-18.68419682
13.64,14.60547901,6.29997935,-6.9558085,-14.77994231,5.91403495,-10.06264249,17.42410399,-10.90344092,-3.82900199,-62.63432298,-25.22475672,-18.78314027
13.645,13.91660225,6.00910628,-7.1848971,-14.40320449,5.96059323,-9.86482756,18.4033462,-10.51650607,-3.74433207,-63.28015726,-24.40005754,-18.86372183
13.65,13.22791909,5.70630059,-7.43641579,-14.04026758,6.01148594,-9.65345344,19.35285016,-10.11585791,-3.68917801,-63.84383434,-23.55300419,-18.87035765
13.655,12.54209373,5.38871945,-7.69615397,-13.69238235,6.06915965,-9.4358834,20.2694275,-9.7009939,-3.67727982,-64.32151478,-22.69778819,-18.81980092
13.66,11.85905275,5.05975422,-7.96991282,-13.36243853,6.14046792,-9.19667953,21.15343111,-9.27606225,-3.70091654,-64.71703629,-21.83298699,-18.69190721
13.665,11.18041783,4.71915003,-8.25243973,-13.04764529,6.21979969,-8.9517611,22.00528734,-8.84264657,-3.76415322,-65.02563017,-20.97233376,-18.51293855
13.67,10.50054494,4.37308264,-8.54130909,-12.74749025,6.3153442,-8.68775901,22.82145675,-8.40603751,-3.86043021,-65.2537946,-20.11500633,-18.26400741
13.675,9.82678508,4.01525214,-8.83150335,-12.46103466,6.41629325,-8.42857004,23.60463908,-7.9630566,-3.99900221,-65.39189648,-19.27764204,-17.9801214
13.68,9.15190119,3.65542389,-9.12599034,-12.18678913,6.53424893,-8.1526513,24.35213987,-7.52296366,-4.16670587,-65.44882308,-18.44838285,-17.63616055
13.685,8.48188916,3.28799391,-9.41490976,-11.92592592,6.65639611,-7.88750442,25.06623295,-7.08030356,-4.37113025,-65.42101312,-17.6510892,-17.27051576
13.69,7.81238497,2.91469994,-9.69284215,-11.67534425,6.79064976,-7.615678,25.74408727,-6.63727525,-4.60462972,-65.30794638,-16.87382524,-16.86067629
13.695,7.12762682,2.57014487,-9.9975557,-11.42893229,6.95632511,-7.30739067,26.38404716,-6.22516728,-4.83991921,-65.12774497,-16.07673274,-16.39690505
13.7,6.47921552,2.17776451,-10.24664266,-11.19607352,7.08538692,-7.0957093,27.00361351,-5.78199779,-5.15316598,-64.83936086,-15.40632308,-15.99751426
13.705,5.79158159,1.82630169,-10.51815841,-10.96137482,7.263427,-6.7954094,27.56914153,-5.37245287,-5.43569193,-64.49139017,-14.66154774,-15.49633023
13.71,5.12721376,1.45549165,-10.75885482,-10.73406181,7.42598779,-6.55578277,28.11379922,-4.9560142,-5.76444836,-64.05032342,-14.0007963,-15.03800897
13.715,4.46565688,1.08577398,-10.9901852,-10.50991779,7.59087249,-6.33163871,28.62563511,-4.55074488,-6.1172196,-63.5269251,-13.37356325,-14.58032211
13.72,3.80364256,0.72240155,-11.19472885,-10.28430749,7.75828065,-6.11341301,29.10960939,-4.14749211,-6.46501843,-62.92715744,-12.76787825,-14.12677356
13.725,3.14599276,0.36366319,-11.39045389,-10.05813735,7.92423214,-5.91084287,29.56478915,-3.75686104,-6.82758596,-62.24721982,-12.19381221,-13.68635734
13.73,2.53566198,-0.00686938,-11.54184833,-9.83463239,8.056811,-5.78411104,30.02997857,-3.36008631,-7.20808091,-61.48139702,-11.71234424,-13.31490563
13.735,1.88664784,-0.35700594,-11.70650425,-9.60584503,8.21916266,-5.61327993,30.42959942,-2.98709118,-7.57985315,-60.64316245,-11.1820562,-12.90340657
13.74,1.2442011,-0.6916602,-11.85738392,-9.37019207,8.37937018,-5.45315831,30.8103032,-2.62800876,-7.94056231,-59.73270553,-10.68128058,-12.51900094
13.745,0.56974425,-0.99806078,-12.03484567,-9.12614962,8.56398924,-5.26044878,31.13735688,-2.2996639,-8.28779872,-58.75733855,-10.14936466,-12.13514309
13.75,-0.05590795,-1.31503185,-12.15745664,-8.88037681,8.71148813,-5.12469009,31.4785644,-1.95761007,-8.62721295,-57.69739121,-9.69185483,-11.81347437
13.755,-0.63897174,-1.62622668,-12.26946298,-8.63467989,8.83301417,-5.04078043,31.82802228,-1.62959413,-8.97037387,-56.56028685,-9.28741737,-11.5439844
13.76,-1.24352717,-1.92120982,-12.37498012,-8.37833989,8.96251787,-4.93187491,32.13154645,-1.31214177,-9.2840522,-55.35255306,-8.85877086,-11.28055779
13.765,-1.83601808,-2.19446751,-12.486559,-8.1186997,9.08511239,-4.82663809,32.42041095,-1.0117652,-9.5692779,-54.07612883,-8.43550192,-11.05676221
13.77,-2.40686364,-2.45763162,-12.57651583,-7.85892924,9.1928665,-4.73051909,32.69952596,-0.71661227,-9.82791099,-52.72665669,-8.03414316,-10.86411804
13.775,-2.96769578,-2.70373718,-12.67688746,-7.58931231,9.29376959,-4.63687872,32.96090379,-0.44048248,-10.06396877,-51.30787536,-7.63403221,-10.70414697
13.78,-3.51757825,-2.92956209,-12.78318272,-7.31703584,9.38947959,-4.54159449,33.2022046,-0.18432624,-10.27940404,-49.82115241,-7.24157407,-10.57407199
13.785,-4.07328442,-3.13315742,-12.89224774,-7.04477715,9.48832175,-4.41566137,33.40804815,0.06161662,-10.44314095,-48.2676167,-6.8296192,-10.47232983
13.79,-4.55117906,-3.32655147,-12.98378011,-6.77349405,9.54073937,-4.35059338,33.65373593,0.29365167,-10.59126433,-46.64145692,-6.47863102,-10.40626505
13.795,-5.04065039,-3.5004029,-13.08155372,-6.50271581,9.59741194,-4.25541878,33.85303448,0.50986482,-10.70153903,-44.94892,-6.10851556,-10.35751272
13.8,-5.5114482,-3.65213981,-13.18311552,-6.23403961,9.64452605,-4.15196775,34.03578935,0.70845495,-10.77126867,-43.19283323,-5.74486332,-10.33026602
13.805,-5.96586054,-3.78149081,-13.28896867,-5.96881583,9.68340133,-4.03956622,34.19693849,0.88714907,-10.80368091,-41.37393996,-5.38905943,-10.32007184
13.81,-6.37212962,-3.88056998,-13.38298642,-5.72662809,9.6890546,-3.94246644,34.36414318,1.05089843,-10.76253012,-39.49936833,-5.03792625,-10.33203962
13.815,-6.74879267,-3.90438357,-13.51189074,-5.45527045,9.68987517,-3.89270268,34.55084383,1.14971773,-10.67441061,-37.59921351,-4.66383791,-10.38668468
13.82,-7.13229442,-3.96438446,-13.61809276,-5.20585184,9.67538505,-3.78886326,34.66641892,1.26611622,-10.58280398,-35.61646206,-4.33912299,-10.4029458
13.825,-7.60747652,-4.0637473,-13.70206178,-4.9724881,9.72698727,-3.52266795,34.62175091,1.37898413,-10.52933177,-33.55062833,-4.1182085,-10.35035356
13.83,-7.94577888,-4.01571008,-13.81263049,-4.73480545,9.69863778,-3.43953558,34.72724413,1.40923017,-10.30226516,-31.52170306,-3.79081665,-10.38597872
13.835,-8.37482663,-4.03804963,-13.91796394,-4.50966279,9.70825588,-3.1738085,34.66864926,1.45744609,-10.14148162,-29.40784268,-3.59780736,-10.3494273
13.84,-8.69428498,-3.95089748,-14.00813184,-4.29765752,9.66070748,-3.07779556,34.71643067,1.4347731,-9.84515271,-27.33106045,-3.33539957,-10.34846618
13.845,-9.12015619,-3.90987207,-14.11157124,-4.0972539,9.66191181,-2.78038274,34.59945952,1.4163249,-9.5904523,-25.20351116,-3.19078522,-10.29766953
13.85,-9.43777778,-3.7844549,-14.18718895,-3.90188871,9.58479663,-2.65583367,34.58695111,1.33163306,-9.24044927,-23.12469834,-3.02229039,-10.24361068
13.855,-9.80190052,-3.66161369,-14.2679577,-3.71882556,9.49777449,-2.44258518,34.49687938,1.23177225,-8.88545595,-21.052414,-2.92846177,-10.15820708
13.86,-10.18056109,-3.51866199,-14.33301295,-3.55463066,9.43274087,-2.20469864,34.36969808,1.09686026,-8.50455707,-19.01852971,-2.87894932,-10.0479659
13.865,-10.56115881,-3.36298752,-14.38360408,-3.40638334,9.36862612,-1.96309269,34.22466509,0.93638364,-8.10322313,-17.03810871,-2.86327229,-9.91631677
13.87,-10.94770174,-3.19924073,-14.42726168,-3.27475831,9.29353927,-1.71180214,34.06169846,0.75512554,-7.68558588,-15.12640845,-2.88108296,-9.76272171
13.875,-11.42718593,-3.06447705,-14.51350674,-3.14605292,9.26185092,-1.32810952,33.80338022,0.59465241,-7.25827629,-13.29064808,-2.87170494,-9.61994067
13.88,-11.77010415,-2.89415085,-14.51437752,-3.06627822,9.14228091,-1.12625744,33.66859426,0.37417522,-6.82698646,-11.57447166,-2.99386837,-9.39758631
13.885,-12.24552221,-2.75136801,-14.58895914,-2.98099563,9.02984502,-0.74672119,33.41787404,0.19071431,-6.36622425,-9.97002352,-3.03392712,-9.19719151
13.89,-12.60211927,-2.61113634,-14.58117859,-2.94883477,8.88815317,-0.51967308,33.27262533,-0.02407974,-5.94051683,-8.49964255,-3.21388067,-8.9429
13.895,-13.10065787,-2.5202232,-14.66708975,-2.91652042,8.75051182,-0.09160663,33.00743451,-0.17204056,-5.48481015,-7.16090998,-3.28094577,-8.70466207
13.9,-13.45015624,-2.44122818,-14.65604798,-2.94347773,8.5697947,0.13867747,32.87887567,-0.3438244,-5.06939841,-5.97399922,-3.49233627,-8.44147858
13.905,-13.95742648,-2.42813696,-14.7680378,-2.97935064,8.37998786,0.60398996,32.6128884,-0.42780321,-4.63078507,-4.92695271,-3.58154718,-8.19377622
13.91,-14.29726479,-2.43221211,-14.77160027,-3.07474713,8.15615709,0.8462666,32.50324645,-0.52323483,-4.243095,-4.03554233,-3.82075901,-7.93707538
13.915,-14.80750257,-2.53883663,-14.91511318,-3.18735568,7.92276626,1.35046902,32.23770994,-0.49568501,-3.85388769,-3.28311294,-3.94311216,-7.70810502
13.92,-15.21846334,-2.68616135,-15.01031287,-3.35300884,7.65668927,1.74250387,32.06470351,-0.44318933,-3.50560985,-2.68336755,-4.1460802,-7.48383342
13.925,-15.6191661,-2.88726135,-15.12070064,-3.56409822,7.35563259,2.12733272,31.9033371,-0.33369894,-3.17235237,-2.23630965,-4.35608118,-7.28586529
13.93,-15.89612086,-3.09994861,-15.18032862,-3.84057817,6.97717259,2.35489905,31.86616118,-0.20575691,-2.83568552,-1.95900802,-4.61313867,-7.08936964
13.935,-16.38025322,-3.47902194,-15.40848931,-4.14084921,6.65572754,2.90648449,31.60651706,0.08011461,-2.59062139,-1.7722195,-4.81736292,-6.96692534
13.94,-16.72271978,-3.86952923,-15.57547573,-4.50881416,6.23625189,3.3002127,31.48862923,0.38013883,-2.34881253,-1.75508794,-5.05168774,-6.83913819
13.945,-17.05445026,-4.32023416,-15.77818556,-4.93343408,5.77774034,3.69276053,31.38101014,0.74927342,-2.14407824,-1.88234219,-5.30285514,-6.73908234
13.95,-17.26419457,-4.77807001,-15.94734859,-5.40521373,5.19344116,3.92907658,31.40147184,1.13881565,-1.92490894,-2.16481442,-5.52074816,-6.6486452
13.955,-17.61571189,-5.39308673,-16.22211413,-5.96179061,4.70403101,4.4166327,31.22393945,1.65157816,-1.83747563,-2.4953466,-5.81994594,-6.61190571
13.96,-17.85415489,-6.00257159,-16.47754485,-6.56858956,4.08107691,4.77266347,31.17353198,2.17810263,-1.75498086,-2.98570297,-6.06656373,-6.57724488
13.965,-18.05501134,-6.65878876,-16.74037146,-7.23955811,3.40926721,5.0918185,31.14272264,2.74461306,-1.71028544,-3.58083439,-6.30879993,-6.56344076
13.97,-18.20268212,-7.35249831,-17.00247235,-7.981221,2.66780894,5.36777822,31.13568698,3.3371525,-1.70292589,-4.26220886,-6.54941481,-6.55938971
13.975,-18.30895434,-8.08008972,-17.26828973,-8.79025324,1.86520292,5.60984298,31.14592681,3.9572465,-1.74246808,-5.0295718,-6.76774318,-6.57444643
13.98,-18.3178185,-8.78609364,-17.49269746,-9.65892941,0.95370193,5.75040617,31.23739935,4.5590382,-1.77286499,-5.89693223,-6.87396328,-6.61355701
13.985,-18.36859658,-9.61770367,-17.75963324,-10.61531769,0.08323416,5.94052569,31.2078308,5.23418976,-1.95313038,-6.73947992,-7.17421839,-6.63295929
13.99,-18.32380712,-10.41318641,-17.98431864,-11.63030507,-0.92089027,6.0391012,31.24667627,5.87332675,-2.10528143,-7.65942559,-7.31828714,-6.68292289
13.995,-18.2107357,-11.22346553,-18.17344168,-12.71674195,-1.98001169,6.05510111,31.29573542,6.50939451,-2.2979515,-8.59517985,-7.45848533,-6.73401671
14,-18.03298337,-12.04480169,-18.32815321,-13.87107601,-3.10853224,5.99717343,31.34560253,7.13198538,-2.51848566,-9.53644602,-7.56723279,-6.79555911
14.005,-17.78740821,-12.87913564,-18.43321524,-15.09459595,-4.29930224,5.84686117,31.38686132,7.74129915,-2.76869197,-10.45961172,-7.65372513,-6.86432632
14.01,-17.46699445,-13.71737384,-18.48322949,-16.38390637,-5.55379424,5.59787738,31.42076534,8.32912084,-3.03867571,-11.35554926,-7.70892683,-6.9406397
14.015,-17.0639589,-14.55823131,-18.46315605,-17.73897234,-6.86963566,5.23389054,31.44420492,8.89357447,-3.3247338,-12.20628786,-7.73451959,-7.02318703
14.02,-16.57219267,-15.39450276,-18.35301309,-19.15715544,-8.2401548,4.74832405,31.45494518,9.4321505,-3.61068769,-12.9994148,-7.72389225,-7.11116035
14.025,-15.99252411,-16.21670834,-18.1625569,-20.63380846,-9.6564408,4.16020847,31.45315308,9.93483882,-3.90221911,-13.74082294,-7.65412612,-7.21522422
14.03,-15.32419315,-17.02464333,-17.88961471,-22.16388559,-11.10429658,3.47442895,31.43745598,10.41185102,-4.19244942,-14.4188661,-7.55043901,-7.32364277
14.035,-14.58633523,-17.83437582,-17.58144178,-23.73343715,-12.58497172,2.74658531,31.39309365,10.88585501,-4.47768852,-15.01657016,-7.44557448,-7.42584714
14.04,-13.71867116,-18.58744921,-17.09802706,-25.37378816,-14.05984522,1.85102533,31.35155218,11.27823049,-4.7755387,-15.56901871,-7.22658377,-7.56163269
14.045,-12.79590888,-19.3468159,-16.58529498,-27.04196263,-15.53571783,0.9673194,31.26073532,11.69000418,-5.04138481,-16.01229772,-7.02600271,-7.68034438
14.05,-11.78103323,-20.07739974,-15.98020224,-28.75104971,-16.99665118,0.0245426,31.14836012,12.07242551,-5.30128022,-16.37819024,-6.79219213,-7.80220985
14.055,-10.68012502,-20.77527007,-15.28659076,-30.4921671,-18.42882362,-0.95334098,31.01151483,12.43180432,-5.54158211,-16.66382182,-6.53393488,-7.91867257
14.06,-9.50672058,-21.43613854,-14.50733609,-32.25775465,-19.80350697,-1.94205923,30.83891423,12.77226089,-5.76930983,-16.86300682,-6.24971201,-8.03943526
14.065,-8.25783393,-22.04723695,-13.64833002,-34.04351319,-21.12027216,-2.92016288,30.64698248,13.08619139,-5.98295508,-17.00461012,-5.93778415,-8.15564445
14.07,-6.99572364,-22.66872949,-12.76885402,-35.82716014,-22.39116149,-3.84002846,30.37406502,13.43562134,-6.18805733,-17.02745921,-5.68915368,-8.26667868
14.075,-5.6186377,-23.1704255,-11.73734926,-37.63262518,-23.53888048,-4.79633632,30.10822825,13.69938846,-6.36742269,-17.01038049,-5.34907408,-8.38954726
14.08,-4.1506109,-23.56473325,-10.63335985,-39.44931173,-24.54065749,-5.71588478,29.86364193,13.90543062,-6.5153172,-16.97623962,-4.93832033,-8.49231912
14.085,-2.68743606,-23.94297991,-9.51198375,-41.24375297,-25.47366428,-6.54943163,29.53858546,14.13357709,-6.66021765,-16.84242419,-4.59714944,-8.59013418
14.09,-1.19199712,-24.25007798,-8.34889311,-43.02139438,-26.29107625,-7.32515229,29.18218146,14.33953047,-6.78916287,-16.65414107,-4.26187864,-8.68196582
14.095,0.29482688,-24.51101853,-7.17088703,-44.77364606,-26.99973847,-8.02861604,28.76428017,14.54431066,-6.91783891,-16.40719045,-3.98074317,-8.77253232
14.1,1.82518382,-24.65667745,-5.95407885,-46.49983008,-27.56291807,-8.66402359,28.34470417,14.69588196,-7.01291534,-16.12767983,-3.65679885,-8.85079065
14.105,3.34783173,-24.73302524,-4.73838518,-48.19021769,-27.99680235,-9.21868847,27.8845572,14.8285075,-7.09672678,-15.80847036,-3.35479092,-8.91776133
14.11,4.86538314,-24.73051765,-3.53383748,-49.83958159,-28.29919494,-9.69531642,27.40026457,14.93712089,-7.16398991,-15.46053301,-3.07117606,-8.96680253
14.115,6.37328851,-24.65039951,-2.34455524,-51.44499224,-28.47423191,-10.09111775,26.89341287,15.01825927,-7.22618098,-15.08856454,-2.80023764,-9.0012789
14.12,7.84629214,-24.50129889,-1.19262999,-52.99949174,-28.52013098,-10.40985168,26.34944842,15.07794913,-7.27771773,-14.69268156,-2.55541195,-9.02294978
14.125,9.29753832,-24.28728413,-0.07217218,-54.49583543,-28.43573828,-10.66546044,25.78149902,15.11551701,-7.33165699,-14.26550265,-2.33575977,-9.0292024
14.13,10.71738409,-24.00639935,0.99047037,-55.94500162,-28.24326911,-10.83011061,25.20821615,15.12569625,-7.37955894,-13.85772047,-2.12850195,-9.0082417
14.135,12.09958513,-23.6669033,1.99635051,-57.32997834,-27.94326072,-10.91924276,24.61438565,15.11197012,-7.42829253,-13.43498129,-1.93935889,-8.96115329
14.14,13.44054654,-23.281088,2.93868222,-58.65220166,-27.52398447,-10.95214439,24.00528509,15.07983053,-7.48360935,-13.01003553,-1.77147219,-8.89573335
14.145,14.74275619,-22.85381415,3.80908013,-59.92042978,-27.00440173,-10.92211768,23.39597679,15.02812377,-7.54328278,-12.61132723,-1.62215748,-8.80487068
14.15,16.00097572,-22.38339545,4.60721509,-61.10594947,-26.40897546,-10.81654913,22.76826846,14.95354744,-7.60998758,-12.18710242,-1.47900251,-8.68169113
14.155,17.21885919,-21.88846404,5.32535566,-62.23313705,-25.7240006,-10.66211099,22.14535579,14.86396737,-7.68549386,-11.79454292,-1.34996722,-8.53271373
14.16,18.39310322,-21.36719717,5.96522914,-63.29542335,-24.96991996,-10.46410957,21.52544315,14.75646387,-7.76831954,-11.43032714,-1.23185555,-8.35983861
14.165,19.53160714,-20.83530265,6.526619,-64.27237168,-24.16719054,-10.18721321,20.89594564,14.63719586,-7.86568692,-11.04116775,-1.10811828,-8.14590355
14.17,20.63221129,-20.28711922,7.01808811,-65.18803901,-23.33563472,-9.85597206,20.27840587,14.49892506,-7.98703086,-10.69828217,-0.98795865,-7.8973123
14.175,21.68350212,-19.74691314,7.40107234,-66.02743391,-22.42576256,-9.56068428,19.66069004,14.36012426,-8.07618225,-10.36595478,-0.87481477,-7.65134892
14.18,22.70353222,-19.20193726,7.72450416,-66.7945228,-21.50823848,-9.19380462,19.04784381,14.20722421,-8.1984227,-10.04901183,-0.75432151,-7.36808098
14.185,23.68643422,-18.6661974,7.96161528,-67.48760602,-20.57508592,-8.83463118,18.44323204,14.04600668,-8.31431343,-9.75537024,-0.63424962,-7.07378842
14.19,24.63830736,-18.14139687,8.13384271,-68.10775096,-19.64290616,-8.43525821,17.84538528,13.8784259,-8.44307436,-9.47975106,-0.50410681,-6.75051902
14.195,25.55715861,-17.63028299,8.23875703,-68.654523,-18.72199572,-8.02594387,17.25155534,13.70471202,-8.57817832,-9.2187403,-0.36484598,-6.40928488
14.2,26.44572425,-17.13042192,8.29446675,-69.12982775,-17.83543338,-7.59481289,16.66181973,13.52355721,-8.73474915,-8.97795343,-0.21447833,-6.04460049
14.205,27.30194515,-16.6556317,8.27073616,-69.52873793,-16.94650502,-7.20326247,16.07769652,13.34273881,-8.86648716,-8.74551751,-0.06118013,-5.68940595
14.21,28.12835955,-16.21047396,8.17074744,-69.85187257,-16.06253417,-6.85804257,15.50071318,13.16451766,-8.9654838,-8.52079981,0.09331169,-5.35170375
14.215,28.92730656,-15.77859013,8.039966,-70.10493621,-15.22603641,-6.4847192,14.92378182,12.97959391,-9.08781477,-8.30987662,0.2599235,-4.99583016
14.22,29.70011768,-15.36334837,7.87061855,-70.28208662,-14.43254703,-6.14146423,14.3507826,12.79250971,-9.20952986,-8.10497268,0.43075605,-4.65164436
14.225,30.44250241,-14.97608484,7.65057931,-70.39854125,-13.66140023,-5.79914061,13.77315861,12.60691061,-9.30987616,-7.91162332,0.6160047,-4.30053095
14.23,31.15784745,-14.60856038,7.40190458,-70.42795367,-12.94355476,-5.47177934,13.19400131,12.42301127,-9.43383533,-7.70586008,0.81036046,-3.96179967
14.235,31.85403676,-14.25193763,7.12420452,-70.39413213,-12.24308098,-5.20992394,12.62507166,12.23667136,-9.50587946,-7.51320942,0.99079077,-3.66239904
14.24,32.51033602,-13.91812679,6.8347237,-70.28686521,-11.6034131,-4.89226953,12.02979594,12.05563905,-9.62558613,-7.3069212,1.20375396,-3.32934163
14.245,33.15347313,-13.60004806,6.50230099,-70.10676259,-10.97007302,-4.66660449,11.45488277,11.87299174,-9.6749055,-7.10325966,1.39597566,-3.06953477
14.25,33.76703108,-13.29493141,6.16100343,-69.85639453,-10.37550218,-4.44327541,10.86898316,11.69286913,-9.73629068,-6.89158397,1.58988218,-2.8256126
14.255,34.35600237,-13.00117316,5.81154472,-69.53500578,-9.8143739,-4.23690923,10.27907932,11.51580632,-9.7904152,-6.67167402,1.78429867,-2.60573122
14.26,34.91891888,-12.71379276,5.45914371,-69.1417757,-9.27982436,-4.04638425,9.68462707,11.33970829,-9.8365292,-6.44342041,1.97691758,-2.41169584
14.265,35.46075929,-12.43399082,5.10816622,-68.6793969,-8.77515439,-3.87567625,9.08741216,11.16921688,-9.86958375,-6.20315945,2.16406046,-2.24927857
14.27,35.97815817,-12.15912633,4.75725206,-68.14580314,-8.29542862,-3.72025742,8.48721969,11.00068859,-9.89744385,-5.95259424,2.34562483,-2.11849116
14.275,36.47039334,-11.88446666,4.41068298,-67.54169619,-7.83404299,-3.57686275,7.88315616,10.83442234,-9.91790799,-5.69085057,2.521828,-2.01675332
14.28,36.94136224,-11.61334709,4.07329098,-66.86812038,-7.39800803,-3.44772295,7.27744919,10.67313423,-9.93005073,-5.41585989,2.69014102,-1.94630663
14.285,37.38861004,-11.34051683,3.74608884,-66.12322103,-6.9821276,-3.33053677,6.6712552,10.5151788,-9.93789407,-5.13087596,2.85011876,-1.90615522
14.29,37.81259043,-11.06965164,3.43245569,-65.30937795,-6.58902132,-3.22326391,6.06268306,10.36463746,-9.94359971,-4.83444611,3.00192026,-1.89445286
14.295,38.21703147,-10.79273415,3.13270011,-64.42699073,-6.21303951,-3.12959827,5.45845642,10.21550287,-9.94299591,-4.52806451,3.14411307,-1.91097324
14.3,38.5996256,-10.51468669,2.84589572,-63.47605181,-5.85589104,-3.04652993,4.85731957,10.07121714,-9.94169299,-4.21325631,3.2774077,-1.9532805
14.305,39.0430388,-10.21949129,2.64225823,-62.47305813,-5.52757282,-3.02679918,4.32665718,9.95556216,-9.99062888,-3.89390299,3.38768524,-2.02435488
14.31,39.30575002,-9.955298,2.31814395,-61.37297209,-5.20399791,-2.9112532,3.6726641,9.80183631,-9.93028021,-3.56316147,3.52208388,-2.10310341
14.315,39.62408556,-9.67364706,2.07977136,-60.22391447,-4.90224235,-2.85893277,3.08543275,9.67774159,-9.92725129,-3.22815186,3.62816369,-2.20435739
14.32,39.99965996,-9.37895233,1.90905785,-59.02235846,-4.60893638,-2.84912509,2.57788536,9.57585598,-9.97447331,-2.90369107,3.72760785,-2.30694153
14.325,40.30392108,-9.08954477,1.7001491,-57.74489804,-4.33300939,-2.81854567,2.04034897,9.45638921,-9.97648415,-2.57223343,3.83096996,-2.42151918
14.33,40.46623987,-8.8332111,1.43387232,-56.38857321,-4.10701789,-2.75984889,1.40394376,9.33201431,-9.91423977,-2.2332567,3.92615777,-2.57369724
14.335,40.72280069,-8.56607266,1.23842573,-54.99063092,-3.86085486,-2.75037512,0.88522285,9.23435927,-9.93888623,-1.9107628,4.01359482,-2.70811535
14.34,41.00016207,-8.29002272,1.11162493,-53.54147644,-3.61950913,-2.74842429,0.41770241,9.15922367,-9.96678959,-1.60401225,4.10502741,-2.82100647
14.345,41.21022977,-8.02344174,0.92986241,-52.01938901,-3.39887586,-2.73943499,-0.06683157,9.0593841,-9.972616,-1.30211796,4.19598972,-2.94585734
14.35,41.30817331,-7.79994706,0.69985296,-50.4346258,-3.24642584,-2.73134058,-0.6247525,8.96573462,-9.9229733,-0.9974092,4.2879214,-3.08822938
14.355,41.46598641,-7.56610013,0.53129785,-48.80604233,-3.05133809,-2.73260013,-1.08635765,8.88926485,-9.92630041,-0.71969096,4.37664737,-3.19865162
14.36,41.6507214,-7.34618805,0.40141351,-47.13838096,-2.83502433,-2.73132352,-1.48600816,8.83962522,-9.96801609,-0.46669695,4.46822589,-3.28953211
14.365,41.77172327,-7.14299015,0.21984446,-45.40579983,-2.65300611,-2.7189489,-1.89628295,8.76885544,-9.97078213,-0.22730661,4.56907517,-3.37093315
14.37,41.85509721,-6.96401998,0.03273646,-43.62766729,-2.48337975,-2.70258246,-2.30267339,8.70846834,-9.96872355,-0.00608381,4.67571254,-3.43628879
14.375,41.84354402,-6.81592746,-0.19205922,-41.79468885,-2.36748799,-2.67206999,-2.75279943,8.64062851,-9.90860997,0.19498275,4.80610333,-3.46095662
14.38,41.87751506,-6.68193275,-0.3890043,-39.93362568,-2.19675714,-2.63172749,-3.12127426,8.59557992,-9.90476852,0.3699698,4.92470067,-3.4705171
14.385,41.88232144,-6.57291419,-0.60339179,-38.03805891,-2.03424186,-2.57044257,-3.47548655,8.55282343,-9.89447582,0.52155542,5.05671966,-3.4546204
14.39,41.85017824,-6.49446751,-0.83353627,-36.11327307,-1.87700609,-2.48605939,-3.83370222,8.52275815,-9.87032987,0.66419975,5.20588445,-3.40161152
14.395,41.80178173,-6.44022258,-1.07047049,-34.16387147,-1.71986594,-2.37836817,-4.15922892,8.49497576,-9.84444429,0.76691335,5.35620215,-3.32560049
14.4,41.77783431,-6.4002126,-1.28407378,-32.21032306,-1.52527146,-2.2883971,-4.44816068,8.49223755,-9.84140417,0.87749109,5.47250936,-3.26743583
14.405,41.67987044,-6.39445173,-1.56587843,-30.22665595,-1.38633901,-2.13588259,-4.75189579,8.46602511,-9.78333678,0.94504817,5.63822078,-3.14472979
14.41,41.47960073,-6.4364053,-1.86761845,-28.24105831,-1.2632572,-1.90556389,-5.11912574,8.45336954,-9.71302022,0.9754396,5.87447904,-2.90711686
14.415,41.32881775,-6.47935168,-2.14787519,-26.26650121,-1.11452447,-1.70778354,-5.42710441,8.45137043,-9.65992155,1.01407926,6.05579345,-2.69666113
14.42,41.21335404,-6.5423891,-2.42479916,-24.31085751,-0.9708165,-1.55509711,-5.6830295,8.4610101,-9.59330168,1.04342884,6.17001894,-2.52927693
14.425,41.01523669,-6.63536825,-2.75073604,-22.36345328,-0.88677364,-1.32294494,-5.98253608,8.45375463,-9.49013597,1.04030464,6.37495894,-2.28059685
14.43,40.79420712,-6.75048878,-3.06216585,-20.45650343,-0.7873437,-1.09046379,-6.29793444,8.46344666,-9.39422172,1.03039227,6.56631576,-1.98802396
14.435,40.52283604,-6.86639018,-3.35010066,-18.59160416,-0.67717074,-0.82583693,-6.64966233,8.47400799,-9.34135392,1.00100456,6.8191678,-1.63917594
14.44,40.2888288,-6.99915599,-3.6405466,-16.77500167,-0.6244876,-0.61503123,-6.96031603,8.48599478,-9.24181951,0.97423,7.01178231,-1.31443757
14.445,40.03884918,-7.14633187,-3.93062176,-15.01870118,-0.59423747,-0.42167853,-7.28093091,8.49517352,-9.13061855,0.94146862,7.20285803,-0.96680761
14.45,39.83728286,-7.33473412,-4.18439817,-13.35892114,-0.60977545,-0.28267615,-7.57629587,8.54736422,-8.97268141,0.91382334,7.3273422,-0.65956212
14.455,39.58009663,-7.49092313,-4.44928734,-11.75813206,-0.63561916,-0.14102085,-7.9072894,8.54440153,-8.84039645,0.87472636,7.51948561,-0.29296434
14.46,39.28851178,-7.6163381,-4.68241677,-10.25023504,-0.61952859,-0.01704804,-8.27559179,8.51856513,-8.77629517,0.82632922,7.74422571,0.13037751
14.465,39.11549642,-7.81099221,-4.85788561,-8.8864665,-0.68069448,0.04308611,-8.58116415,8.57038639,-8.60986886,0.80265306,7.84229279,0.44069744
14.47,38.8421464,-7.91858039,-5.06666614,-7.58389198,-0.72983113,0.06424738,-8.94905541,8.50732636,-8.5333099,0.75356343,8.060372,0.88219858
14.475,38.63950007,-8.05223716,-5.21838206,-6.42376553,-0.80884629,0.04616881,-9.29344463,8.48655472,-8.42249752,0.72353827,8.20334134,1.27185365
14.48,38.45783042,-8.16882139,-5.35162243,-5.38280327,-0.90438941,-0.02791141,-9.63599867,8.4487223,-8.31080175,0.69879346,8.3325,1.64816908
14.485,38.29652773,-8.26542101,-5.46166331,-4.46022107,-1.02120191,-0.14957367,-9.97403607,8.39042385,-8.2044561,0.67399464,8.44225374,2.01287
14.49,38.15956915,-8.33907433,-5.54999256,-3.66055342,-1.15504414,-0.31574263,-10.30866211,8.31335187,-8.10399491,0.65551056,8.53081137,2.36144917
14.495,38.03999875,-8.37802647,-5.61939146,-2.98620737,-1.30732489,-0.54196544,-10.65663422,8.2119514,-8.0174683,0.65888145,8.61731577,2.71709383
14.5,37.94599135,-8.38817893,-5.67093021,-2.42638995,-1.48602907,-0.80412413,-10.9847873,8.08217334,-7.94060105,0.64747383,8.67179068,3.04505679
14.505,37.87609392,-8.3655905,-5.70733656,-1.98745518,-1.68543349,-1.10765978,-11.30924027,7.92664615,-7.87492137,0.64095084,8.70228354,3.35624635
14.51,37.83054409,-8.30591435,-5.72626093,-1.67045019,-1.90739202,-1.45814666,-11.63357714,7.7454255,-7.82371947,0.64356794,8.71725205,3.65675681
14.515,37.81223827,-8.20978047,-5.732103,-1.47171575,-2.15263532,-1.8437637,-11.949473,7.53639575,-7.78710712,0.64694793,8.70452278,3.93953838
14.52,37.81905791,-8.07482655,-5.72638514,-1.38605429,-2.42170338,-2.26576223,-12.25799484,7.2995071,-7.76803979,0.65133272,8.66665534,4.20537061
14.525,37.85383838,-7.90038033,-5.70571738,-1.4151736,-2.71246062,-2.72107247,-12.55582357,7.03272857,-7.77021345,0.65102998,8.59557556,4.4559552
14.53,37.91383953,-7.68453421,-5.66548,-1.5513225,-3.02692562,-3.21225055,-12.84526005,6.73781468,-7.79112202,0.65023721,8.49850009,4.69375308
14.535,37.99961072,-7.42687693,-5.60659311,-1.791011,-3.36013867,-3.7307167,-13.12297994,6.41454274,-7.83545132,0.64088679,8.36871892,4.91604261
14.54,38.11278168,-7.13010112,-5.54218186,-2.1334236,-3.71216357,-4.26302606,-13.38935509,6.06514761,-7.90258571,0.6238919,8.20689613,5.1194576
14.545,38.24892629,-6.79247007,-5.4541792,-2.57040515,-4.07910358,-4.82558618,-13.6460465,5.69032854,-7.99708311,0.59815765,8.01172523,5.31317413
14.55,38.40719353,-6.41695434,-5.34989307,-3.09710733,-4.46007056,-5.40686773,-13.89076601,5.29154255,-8.1191398,0.55755928,7.78395864,5.49474327
14.555,38.58471279,-6.00605046,-5.23341138,-3.70554996,-4.85056555,-5.9957717,-14.12309788,4.86961474,-8.26566586,0.49937364,7.52045864,5.66430468
14.56,38.77759345,-5.56075625,-5.10288014,-4.38814035,-5.25125025,-6.60362469,-14.34386342,4.42632,-8.44197821,0.42001758,7.22206298,5.82608905
14.565,38.98231577,-5.08188696,-4.96019721,-5.13867145,-5.64979107,-7.2120181,-14.55184132,3.96135118,-8.64703688,0.31454977,6.88415997,5.97727499
14.57,39.18813351,-4.57391581,-4.77350096,-5.95055521,-6.04294715,-7.88047447,-14.75183024,3.49141409,-8.90546513,0.16333146,6.53062371,6.12577055
14.575,39.40418704,-4.03930862,-4.64726605,-6.79796134,-6.43860389,-8.43747842,-14.93005327,2.97586822,-9.14245803,0.00473394,6.10276549,6.25378548
14.58,39.61297591,-3.47842683,-4.5049352,-7.68639587,-6.80455485,-9.00675443,-15.10520381,2.45259534,-9.4130701,-0.18961158,5.63255656,6.3766915
14.585,39.80212832,-2.89133793,-4.32625378,-8.60059078,-7.14227403,-9.62417278,-15.27306911,1.92136272,-9.73258717,-0.43908519,5.14166781,6.49546826
14.59,39.98821623,-2.29372369,-4.22481974,-9.52375914,-7.46947661,-10.10111162,-15.41424368,1.3515128,-10.03321655,-0.71496049,4.57445878,6.58359566
14.595,40.14268403,-1.67639628,-4.11084717,-10.44738789,-7.7590808,-10.5991112,-15.5501773,0.77005392,-10.36495297,-1.04311473,3.962819,6.66507965
14.6,40.26343618,-1.04175124,-4.00634423,-11.35982895,-8.01470303,-11.0875204,-15.67766067,0.1703156,-10.71348936,-1.41928848,3.31138461,6.72987985
14.605,40.35355737,-0.40161006,-3.93558319,-12.25056636,-8.21844133,-11.50501676,-15.78360621,-0.44575601,-11.06383539,-1.85266425,2.5987368,6.76567294
14.61,40.44412237,0.22537365,-3.85321952,-13.1397964,-8.23633946,-11.78225447,-15.85250013,-1.0511826,-11.39984134,-2.32542161,1.81219626,6.76667003
14.615,40.40800717,0.90093006,-3.8793291,-13.91592188,-8.49892638,-12.20480074,-15.9401323,-1.74071386,-11.76719196,-2.88745371,1.0056513,6.73776148
14.62,40.36170399,1.55521441,-3.89072358,-14.68439678,-8.57377823,-12.53900186,-16.00010643,-2.40984584,-12.11818744,-3.48590578,0.1183501,6.68437738
14.625,40.26355758,2.20750044,-3.94211358,-15.39377476,-8.60152368,-12.82543557,-16.03561492,-3.09972904,-12.45418579,-4.15007481,-0.82441591,6.57763525
14.63,40.1204836,2.85370524,-4.01784372,-16.03691476,-8.58201941,-13.05581572,-16.03387163,-3.8004729,-12.77420331,-4.88504622,-1.83389143,6.42188041
14.635,39.92582872,3.49011948,-4.12511561,-16.61477707,-8.51829466,-13.25077056,-16.00282318,-4.51130586,-13.07431279,-5.68535177,-2.90321531,6.20840232
14.64,39.67747036,4.11441966,-4.26004714,-17.12198479,-8.40611247,-13.41712393,-15.93859471,-5.2308522,-13.34533533,-6.55501108,-4.0357218,5.93328369
14.645,39.34742585,4.71734611,-4.42286175,-17.54545604,-8.23135654,-13.569192,-15.85613371,-5.96465205,-13.54076461,-7.49459926,-5.23631505,5.56447599
14.65,39.02877645,5.31228853,-4.59977812,-17.92149436,-8.06219151,-13.65985311,-15.69252912,-6.68311738,-13.78882863,-8.50201436,-6.48377442,5.18178779
14.655,38.6064274,5.87999721,-4.79146008,-18.19564925,-7.82124881,-13.74212224,-15.516765,-7.41436287,-13.89621543,-9.58281271,-7.80234898,4.66195593
14.66,38.15873253,6.4202213,-4.99814823,-18.41244917,-7.5612658,-13.7931771,-15.27942751,-8.12920021,-13.99108288,-10.73413295,-9.16208898,4.08585059
14.665,37.6697086,6.92115237,-5.22892185,-18.5679991,-7.2511555,-13.83401439,-14.98869324,-8.82544678,-14.03026492,-11.95719331,-10.57827264,3.43033618
14.67,37.16389599,7.43949122,-5.42451025,-18.63375837,-6.98522336,-13.84403761,-14.6253224,-9.52373347,-14.08884122,-13.2398904,-12.01873347,2.78072757
14.675,36.58996556,7.86722889,-5.65729921,-18.66404579,-6.61623361,-13.85580294,-14.22606859,-10.1761758,-13.97426702,-14.59611068,-13.50862087,1.9611493
14.68,36.00094773,8.29534926,-5.86617687,-18.61595802,-6.27588235,-13.84796186,-13.75225763,-10.81736212,-13.86807598,-16.01093603,-15.01341659,1.14399861
14.685,35.38071193,8.69195434,-6.06665928,-18.50914541,-5.92947041,-13.83338868,-13.21863158,-11.43076262,-13.70614107,-17.48223513,-16.53053993,0.28007868
14.69,34.7338138,9.05677027,-6.2547178,-18.34754695,-5.58196415,-13.81086214,-12.62354815,-12.01168558,-13.49153402,-19.00604015,-18.04797403,-0.62127969
14.695,34.05853059,9.42240045,-6.42064455,-18.10951599,-5.27871941,-13.78587116,-11.97094858,-12.58481772,-13.26452033,-20.57090409,-19.54141965,-1.50277208
14.7,33.36801265,9.68850044,-6.59173943,-17.87623535,-4.8973734,-13.76054729,-11.25271824,-13.06728865,-12.90393689,-22.19265898,-21.03094251,-2.49292677
14.705,32.65630414,9.95793755,-6.73506077,-17.57270425,-4.56854802,-13.73272398,-10.47747007,-13.5380372,-12.53933804,-23.84746943,-22.46599906,-3.43034207
14.71,31.92153701,10.21850479,-6.8606126,-17.20873753,-4.28826967,-13.70411172,-9.65032411,-13.98774528,-12.14968084,-25.53108203,-23.83734983,-4.33753236
14.715,31.1788514,10.42489566,-6.97699468,-16.83549574,-3.99883147,-13.68035245,-8.766808,-14.37631094,-11.69650163,-27.24904214,-25.14949052,-5.25750974
14.72,30.43291212,10.59867869,-7.08540215,-16.45114092,-3.72699744,-13.65850123,-7.83161786,-14.71973207,-11.21046809,-28.99874346,-26.37877742,-6.14592066
14.725,29.67320956,10.7362928,-7.1625547,-16.02672673,-3.46236711,-13.63480238,-6.84867758,-15.00469356,-10.67593768,-30.75909323,-27.50981307,-7.00720187
14.73,28.90713902,10.8432586,-7.22137789,-15.57929543,-3.21245838,-13.61120972,-5.82333789,-15.2388258,-10.11430583,-32.52977892,-28.53429406,-7.82409841
14.735,28.13946785,10.9210046,-7.26983825,-15.11796487,-2.98540786,-13.5862433,-4.75894489,-15.42548695,-9.52999794,-34.30580521,-29.44761189,-8.60254499
14.74,27.37497685,10.97032116,-7.301705,-14.657745,-2.76463333,-13.56287568,-3.66129761,-15.56175547,-8.9350086,-36.08620701,-30.24509568,-9.31993608
14.745,26.60914313,10.99513952,-7.32641066,-14.1871668,-2.57084583,-13.53513549,-2.53581008,-15.65298116,-8.32723331,-37.86067243,-30.9160761,-9.98939986
14.75,25.84434474,10.99310698,-7.34708232,-13.71790854,-2.38584964,-13.5104931,-1.38779979,-15.69841848,-7.7133012,-39.62554653,-31.46082727,-10.59346832
14.755,25.07769296,10.96650747,-7.36288919,-13.23369848,-2.21728337,-13.4794828,-0.22096809,-15.69697309,-7.09430438,-41.36680641,-31.87542742,-11.15013118
14.76,24.31377356,10.91773263,-7.37851453,-12.75881562,-2.05971851,-13.44482996,0.95682921,-15.65332747,-6.48030865,-43.08712233,-32.16158023,-11.65054036
14.765,23.5600768,10.847784,-7.39120269,-12.30850616,-1.90784954,-13.40011034,2.14161595,-15.56777287,-5.88214339,-44.78326838,-32.32783317,-12.09739992
14.77,22.80186508,10.75691095,-7.40872538,-11.8448284,-1.76375137,-13.34664404,3.32854048,-15.44226413,-5.29276642,-46.43593828,-32.36700052,-12.49867757
14.775,22.0560838,10.646375,-7.43573859,-11.41124422,-1.62327699,-13.27875026,4.51765374,-15.28029227,-4.72169556,-48.0563974,-32.29321827,-12.85634255
14.78,21.30478526,10.51932476,-7.46599286,-10.97307104,-1.48253102,-13.19969225,5.69594956,-15.08276648,-4.17554172,-49.62286043,-32.10299113,-13.16797071
14.785,20.50397526,10.34661578,-7.42286298,-10.57262057,-1.34621245,-13.17775464,6.77510944,-14.80767835,-3.72379346,-51.11507477,-31.79123327,-13.41720468
14.79,19.81690002,10.2142013,-7.56946538,-10.1478129,-1.20211088,-13.00125479,8.02503918,-14.59680174,-3.15806307,-52.60607753,-31.41075769,-13.67736075
14.795,19.03511314,10.00765409,-7.54877044,-9.77093525,-1.07121732,-12.95642448,9.08949472,-14.2638428,-2.76823269,-53.97894817,-30.95203029,-13.91392192
14.8,18.34308629,9.84987311,-7.71709357,-9.38917395,-0.88736119,-12.7283116,10.28664715,-14.00104992,-2.27713057,-55.34875438,-30.35025925,-14.05041226
14.805,17.61579557,9.6413067,-7.81767824,-9.03612585,-0.70140217,-12.53433324,11.39195809,-13.66373699,-1.89065921,-56.61987569,-29.69877421,-14.17700528
14.81,16.85903324,9.39489136,-7.85438267,-8.6893552,-0.57916118,-12.47728293,12.42142689,-13.27010939,-1.59890887,-57.78811456,-29.07558726,-14.40885963
14.815,16.15031752,9.20549246,-8.06207386,-8.35491492,-0.33007699,-12.1390194,13.5216082,-12.95064003,-1.23428433,-58.94270636,-28.22162214,-14.37373557
14.82,15.4206626,8.93856398,-8.1344166,-8.04289421,-0.19979689,-12.0732123,14.5260852,-12.52955624,-1.01374662,-59.96664351,-27.52452978,-14.6045466
14.825,14.70293865,8.72818441,-8.35950101,-7.75439953,0.10529986,-11.650284,15.5479402,-12.18269818,-0.74699096,-60.96515465,-26.54724636,-14.47698793
14.83,13.98090886,8.47022638,-8.5241939,-7.46168154,0.34363583,-11.37593625,16.52081258,-11.77752824,-0.57240154,-61.84790725,-25.68330759,-14.51807439
14.835,13.26478997,8.21129662,-8.70539241,-7.19252433,0.58864188,-11.09189852,17.46852188,-11.37322261,-0.43187475,-62.65627963,-24.78844191,-14.53445623
14.84,12.55610279,7.94797649,-8.88194148,-6.94313503,0.8456045,-10.80738334,18.38813202,-10.9678914,-0.34020214,-63.38217181,-23.87525148,-14.55141754
14.845,11.85004389,7.67476083,-9.0968768,-6.69231178,1.10722275,-10.49045562,19.28786548,-10.5553943,-0.27363014,-64.02147001,-22.98331055,-14.53574432
14.85,11.15045337,7.40133662,-9.27670979,-6.45851214,1.38738649,-10.19590645,20.15409298,-10.15149533,-0.27171923,-64.57473441,-22.0653727,-14.54096369
14.855,10.46060151,7.12340204,-9.46567419,-6.23661247,1.66619259,-9.89649277,20.99938009,-9.7491914,-0.30190219,-65.04393682,-21.16683951,-14.53850167
14.86,9.77709613,6.8417938,-9.66284069,-6.02151871,1.95427822,-9.58432692,21.82064749,-9.35029695,-0.36616105,-65.42683171,-20.28408363,-14.52057178
14.865,9.10421538,6.55769851,-9.85158773,-5.81794023,2.24597083,-9.27631252,22.61897069,-8.9578478,-0.46827768,-65.72466956,-19.42007548,-14.50242034
14.87,8.44163712,6.27136975,-10.03779273,-5.62335773,2.54053523,-8.97008977,23.39520497,-8.57324696,-0.60122576,-65.93710417,-18.57548778,-14.48105868
14.875,7.79044572,5.98514646,-10.2134638,-5.43426625,2.83433157,-8.67412539,24.1514644,-8.19797527,-0.76588058,-66.06460452,-17.75904176,-14.46045211
14.88,7.15145989,5.69851399,-10.38378431,-5.25022441,3.1272956,-8.38881383,24.88714892,-7.83289849,-0.96091042,-66.10609461,-16.96859792,-14.43977381
14.885,6.52426531,5.41172708,-10.53870554,-5.07415125,3.4209886,-8.10692992,25.60158725,-7.4781254,-1.18060219,-66.06389728,-16.20396546,-14.41271147
14.89,5.91381386,5.12725777,-10.6828167,-4.90145445,3.70532724,-7.85023113,26.30111066,-7.13642221,-1.423564,-65.93818619,-15.4717765,-14.39563202
14.895,5.31693898,4.84454848,-10.81248659,-4.73315832,3.98587643,-7.60478731,26.98137869,-6.80643887,-1.68568048,-65.7292156,-14.76825815,-14.37597501
14.9,4.72064653,4.57371133,-10.94981514,-4.56733919,4.27101409,-7.33130781,27.63661044,-6.49098501,-1.94277986,-65.44500143,-14.08354546,-14.33918636
14.905,4.17743144,4.28486567,-11.01350176,-4.40814243,4.51937993,-7.17240387,28.29953946,-6.17719089,-2.24967126,-65.06728247,-13.458229,-14.35203807
14.91,3.62539473,4.00581713,-11.09749034,-4.24955085,4.77897221,-6.97624302,28.9240515,-5.88352078,-2.56202536,-64.61220618,-12.83868998,-14.33343381
14.915,3.0954923,3.73776803,-11.17039651,-4.09094978,5.02148483,-6.80858023,29.54167816,-5.60387089,-2.86993656,-64.07953966,-12.2574809,-14.3307713
14.92,2.58197193,3.47301486,-11.22915096,-3.93385446,5.25515983,-6.65739109,30.14288704,-5.33520097,-3.1829834,-63.46807336,-11.70613047,-14.33162541
14.925,2.08392787,3.21084311,-11.27349992,-3.77831934,5.48043995,-6.51921953,30.72743648,-5.07638765,-3.49793989,-62.78068332,-11.18167179,-14.33587518
14.93,1.60483266,2.95419948,-11.30789534,-3.62501625,5.69301943,-6.4017855,31.29545079,-4.82800677,-3.81123516,-62.01197482,-10.68511183,-14.35007573
14.935,1.14179713,2.70184458,-11.32915039,-3.47087646,5.89570073,-6.29970957,31.84686359,-4.58979123,-4.12325832,-61.16723055,-10.21837964,-14.37041082
14.94,0.6967936,2.45566471,-11.34285481,-3.31828666,6.08545459,-6.21589788,32.38277503,-4.36049389,-4.42681714,-60.24646884,-9.77724042,-14.40267684
14.945,0.27074743,2.21500363,-11.35166469,-3.16658702,6.26252589,-6.15086387,32.90277613,-4.14050093,-4.72422849,-59.24932819,-9.36160425,-14.44668096
14.95,-0.1390884,1.97973206,-11.35347623,-3.01523266,6.42867336,-6.10002227,33.40511775,-3.92694316,-5.01009096,-58.17707278,-8.96891309,-14.50176561
14.955,-0.53146936,1.74754247,-11.35230607,-2.86708399,6.58494495,-6.06226346,33.88683016,-3.72004074,-5.28948352,-57.02759861,-8.59925283,-14.56578139
14.96,-0.91005695,1.51984001,-11.34633986,-2.71898897,6.73368529,-6.03403558,34.34557017,-3.51890849,-5.55743132,-55.80183946,-8.25146068,-14.63829458
14.965,-1.26974142,1.29718142,-11.34544444,-2.57441106,6.86968601,-6.02045454,34.7847625,-3.3228537,-5.81376727,-54.50005883,-7.91987594,-14.72046464
14.97,-1.61480149,1.08026118,-11.34480119,-2.43113973,6.99779834,-6.01635379,35.20005043,-3.13197474,-6.05614957,-53.12303728,-7.60547738,-14.80777331
14.975,-1.95031176,0.865565,-11.34534249,-2.29207295,7.12421761,-6.01698316,35.58302423,-2.94765759,-6.29354283,-51.66932387,-7.30771084,-14.89795782
14.98,-2.2488961,0.70413403,-11.4140404,-2.15631742,7.20565967,-6.05519612,35.98514901,-2.77203563,-6.43686062,-50.16706946,-6.95550015,-15.01212418
14.985,-2.56497527,0.4525058,-11.36499951,-2.02429826,7.34516993,-6.05040328,36.28164892,-2.58687176,-6.71652045,-48.53792721,-6.7404528,-15.06115528
14.99,-2.86405281,0.2528278,-11.38945891,-1.89672968,7.44819376,-6.06727386,36.57260995,-2.41257532,-6.91061368,-46.85867884,-6.46305389,-15.13264861
14.995,-3.14696909,0.05718588,-11.41674868,-1.77562388,7.54691146,-6.08942833,36.83436928,-2.24070416,-7.08764747,-45.10655283,-6.19398151,-15.17992642
15,-3.42506044,-0.13128259,-11.4550039,-1.65963991,7.64652402,-6.11316455,37.05378434,-2.07855373,-7.25765202,-43.28245669,-5.92799366,-15.20175193
15.005,-3.70852025,-0.31620341,-11.49617261,-1.53969726,7.7528036,-6.13248844,37.22306155,-1.92545771,-7.4265257,-41.38847327,-5.66871412,-15.18498257
15.01,-3.97347182,-0.48754633,-11.55279704,-1.43912197,7.84536627,-6.15454418,37.35995712,-1.77566811,-7.55742736,-39.43030472,-5.402107,-15.13170093
15.015,-4.24716596,-0.65472407,-11.60899625,-1.33521228,7.9471664,-6.17001943,37.44501758,-1.63629683,-7.68764454,-37.41312623,-5.13957843,-15.02298479
15.02,-4.53387154,-0.80810502,-11.67203983,-1.232986,8.0571563,-6.17580168,37.47383617,-1.51351572,-7.80530641,-35.3451648,-4.86980965,-14.84808561
15.025,-4.81480892,-0.94551253,-11.73994394,-1.14393902,8.16135058,-6.17618587,37.46292345,-1.4074513,-7.89614629,-33.23414825,-4.60922042,-14.6100179
15.03,-5.10593755,-1.06673382,-11.81559407,-1.05669741,8.27122631,-6.16918421,37.4052579,-1.31771199,-7.9652958,-31.09217045,-4.34441848,-14.30439376
15.035,-5.41150178,-1.17210234,-11.89235079,-0.97408086,8.38827727,-6.14906475,37.29653146,-1.24663654,-8.01360222,-28.92766178,-4.07854402,-13.9182206
15.04,-5.72907071,-1.25744596,-11.97210543,-0.89647985,8.50920441,-6.11685363,37.14446832,-1.1991032,-8.03640562,-26.7556259,-3.82001907,-13.45845122
15.045,-6.07791905,-1.30850476,-12.06882991,-0.84015348,8.65641458,-6.0634442,36.93263833,-1.18349811,-8.01000089,-24.59865608,-3.52174847,-12.8925769
15.05,-6.40978571,-1.35942344,-12.14111439,-0.77031562,8.77813517,-6.0077648,36.71624775,-1.18369237,-7.9812483,-22.45103421,-3.31165659,-12.31828396
15.055,-6.77254517,-1.38075548,-12.22854983,-0.71383337,8.91735968,-5.9327529,36.45416648,-1.21114564,-7.9029096,-20.34722896,-3.08489062,-11.66144993
15.06,-7.1480206,-1.38473827,-12.31913725,-0.66677329,9.06649655,-5.84339935,36.16712796,-1.26181181,-7.79146951,-18.29701202,-2.88086459,-10.95632979
15.065,-7.54043197,-1.3719026,-12.40563443,-0.6306612,9.2226053,-5.7336136,35.85414139,-1.33839701,-7.64486447,-16.31603113,-2.69514543,-10.21239566
15.07,-7.94356243,-1.34367323,-12.49040132,-0.60570825,9.38290002,-5.60760685,35.52835918,-1.4380127,-7.45855914,-14.42451287,-2.53384675,-9.45107542
15.075,-8.35473114,-1.30336108,-12.57493178,-0.59446039,9.54991678,-5.46677208,35.19661841,-1.55752671,-7.23305859,-12.63874074,-2.39387581,-8.68408607
15.08,-8.77846937,-1.26141752,-12.65832184,-0.59715319,9.72029966,-5.30424654,34.85884293,-1.69013872,-6.97914094,-10.97453643,-2.26653354,-7.90992033
15.085,-9.20530972,-1.22062587,-12.73996765,-0.6160923,9.89299506,-5.12628379,34.52769761,-1.82934294,-6.69098066,-9.44179822,-2.15634512,-7.15687011
15.09,-9.63520758,-1.18675215,-12.82552532,-0.6539103,10.06619077,-4.93435996,34.20538784,-1.96979416,-6.37395133,-8.05161198,-2.06784585,-6.43119824
15.095,-10.06672794,-1.17109314,-12.91268215,-0.71009744,10.24016234,-4.72542107,33.89519723,-2.1005669,-6.03793005,-6.80780314,-1.99302831,-5.74316297
15.1,-10.4987174,-1.17635852,-13.00420374,-0.79129427,10.40860246,-4.49997808,33.59735173,-2.21602066,-5.68100238,-5.71464232,-1.93350362,-5.10223492
15.105,-10.92474342,-1.20686001,-13.10160934,-0.90156558,10.56702079,-4.26728919,33.31779387,-2.31175251,-5.30320578,-4.77643978,-1.89655277,-4.52607935
15.11,-11.34710289,-1.27325263,-13.20641391,-1.03342803,10.7212651,-4.02161407,33.05765553,-2.37354685,-4.9217767,-3.99019619,-1.87733798,-4.01052407
15.115,-11.76176549,-1.37533173,-13.3206545,-1.19526292,10.86160382,-3.76985707,32.81912125,-2.39954473,-4.53249281,-3.35911391,-1.87598376,-3.56646198
15.12,-12.16869094,-1.51835169,-13.44573761,-1.38562093,10.98737571,-3.51060072,32.60258855,-2.3824483,-4.14406907,-2.88063607,-1.89043501,-3.19424307
15.125,-12.55994728,-1.70100782,-13.57865333,-1.6117944,11.08796935,-3.26032926,32.41631419,-2.31990723,-3.75291848,-2.55729454,-1.9264835,-2.90093008
15.13,-12.85172941,-1.89018373,-13.68202351,-1.87781817,11.14276314,-3.19152248,32.35051626,-2.23345185,-3.32383482,-2.40279036,-1.99192959,-2.72015945
15.135,-13.30431109,-2.19105157,-13.88258862,-2.1690812,11.20916858,-2.7785818,32.11596765,-2.04689888,-2.99850289,-2.34674914,-2.04828059,-2.53556884
15.14,-13.56263567,-2.45200092,-13.99691071,-2.52549741,11.20262888,-2.72112781,32.10317371,-1.87579233,-2.60700961,-2.48851743,-2.10712943,-2.43737529
15.145,-13.96785326,-2.8351596,-14.21649496,-2.8912781,11.20188024,-2.35273075,31.94500466,-1.57738082,-2.30116622,-2.71453516,-2.24515063,-2.42752429
15.15,-14.22853695,-3.17945375,-14.36807715,-3.30175719,11.13157407,-2.2777773,31.96877293,-1.28810487,-1.95974988,-3.12943695,-2.32071461,-2.41706238
15.155,-14.54034093,-3.60877372,-14.58768876,-3.7886491,11.02566509,-2.04561701,31.90449901,-0.91888118,-1.6863996,-3.60927288,-2.50284623,-2.53220807
15.16,-14.75992526,-4.00895563,-14.76779877,-4.29816906,10.86475541,-2.01753591,31.9756437,-0.54341953,-1.40012598,-4.25794786,-2.58643016,-2.59148768
15.165,-15.01463637,-4.4804171,-14.99049689,-4.87700757,10.64608317,-1.88982546,31.97641814,-0.10021362,-1.18451438,-4.95638218,-2.82155555,-2.80643561
15.17,-15.20990116,-4.94218782,-15.20322049,-5.49810478,10.37123221,-1.87678563,32.05080275,0.35868081,-0.97426817,-5.77526922,-2.987875,-2.99547044
15.175,-15.35317486,-5.40228344,-15.40441191,-6.16948127,10.04273246,-1.94463896,32.17580897,0.83202626,-0.79003427,-6.68917927,-3.08791516,-3.12927262
15.18,-15.49753559,-5.89760892,-15.60621521,-6.90685785,9.61904843,-2.05742792,32.25677927,1.33851251,-0.66259571,-7.62436702,-3.36164578,-3.43242967
15.185,-15.57560431,-6.37728696,-15.81726529,-7.69318692,9.14781194,-2.2073616,32.40166899,1.84787683,-0.54421138,-8.65039682,-3.45188279,-3.60092072
15.19,-15.62929103,-6.86457325,-15.98099653,-8.54714386,8.55968441,-2.53024834,32.51412353,2.35829085,-0.485488,-9.66881203,-3.73379916,-3.92203306
15.195,-15.62494466,-7.3435522,-16.13107165,-9.46395054,7.89376334,-2.9152085,32.64602146,2.86910697,-0.41195354,-10.71658262,-3.90711977,-4.20183043
15.2,-15.57784767,-7.81775612,-16.289157,-10.43076669,7.15167758,-3.35874021,32.78096932,3.36850843,-0.41889783,-11.77831302,-4.06378806,-4.44023831
15.205,-15.47040993,-8.2895681,-16.37374749,-11.47788883,6.29541896,-3.96462541,32.89615026,3.8598272,-0.40086138,-12.80512911,-4.21474253,-4.70266319
15.21,-15.31172839,-8.75284845,-16.44802268,-12.58210866,5.34898216,-4.64602688,33.00027102,4.33267581,-0.42417346,-13.81291028,-4.32310847,-4.94825764
15.215,-15.10088863,-9.2199872,-16.50521106,-13.74874346,4.30975147,-5.40057842,33.07843053,4.79507717,-0.4753715,-14.77440361,-4.40616219,-5.17139698
15.22,-14.83117883,-9.68389751,-16.51863248,-14.98002829,3.16613199,-6.27149213,33.13125481,5.23806326,-0.5416912,-15.68512824,-4.45785065,-5.38834015
15.225,-14.49491158,-10.12477915,-16.47218294,-16.27667624,1.90914471,-7.25371341,33.1575585,5.63656988,-0.61964702,-16.54708167,-4.42151564,-5.6139416
15.23,-14.11579078,-10.60770257,-16.42721383,-17.62109146,0.59380065,-8.246245,33.13820573,6.06242229,-0.71420452,-17.32323082,-4.40878715,-5.78376792
15.235,-13.66189024,-11.06861511,-16.32967377,-19.03938332,-0.83643037,-9.35826152,33.08049139,6.43610354,-0.82434592,-18.02376453,-4.30689447,-5.96282655
15.24,-13.15531847,-11.58012336,-16.24367261,-20.50555751,-2.30942415,-10.45978104,32.97611255,6.84418673,-0.9416049,-18.61936273,-4.23871458,-6.08240119
15.245,-12.5773897,-12.03626617,-16.03416616,-22.02345783,-3.89863023,-11.68309507,32.84634852,7.1666625,-1.06518773,-19.18628128,-4.01884546,-6.23188696
15.25,-11.94021232,-12.53381482,-15.82395247,-23.59111165,-5.51314123,-12.88371396,32.66681985,7.50858326,-1.19862174,-19.64553232,-3.80719037,-6.33701813
15.255,-11.23842307,-13.0404206,-15.56959408,-25.20462007,-7.16521195,-14.09384155,32.4473389,7.83553089,-1.34176832,-20.02236936,-3.55785568,-6.42075693
15.26,-10.47447804,-13.55667667,-15.267625,-26.85898821,-8.82963145,-15.28135933,32.18392975,8.14905647,-1.49040653,-20.31434187,-3.27016225,-6.48588121
15.265,-9.64847384,-14.08020021,-14.91882806,-28.54781248,-10.48933974,-16.43474958,31.88321249,8.44791052,-1.64931316,-20.53265884,-2.95247518,-6.53027278
15.27,-8.76036978,-14.60221665,-14.51617237,-30.26560357,-12.12829694,-17.53203281,31.54356957,8.7310415,-1.81121039,-20.66942234,-2.60102714,-6.55635428
15.275,-7.82987044,-15.2068667,-14.11852979,-32.01077672,-13.66822977,-18.45474141,31.14852112,9.06722297,-2.01174037,-20.70159296,-2.31471761,-6.5672108
15.28,-6.81865361,-15.71359856,-13.57621491,-33.77475711,-15.21203182,-19.43670356,30.73793233,9.30492756,-2.20234313,-20.70372504,-1.90895874,-6.57952101
15.285,-5.74828984,-16.16886939,-12.9704948,-35.54500287,-16.66004054,-20.34659507,30.30211316,9.5022342,-2.36399687,-20.64695853,-1.45375872,-6.5633977
15.29,-4.65349804,-16.72205859,-12.38326076,-37.32477084,-17.96715033,-21.01147776,29.80750711,9.77493949,-2.58409665,-20.48997023,-1.12232328,-6.54738633
15.295,-3.4754876,-17.13991486,-11.66571393,-39.09520027,-19.21676363,-21.71087525,29.31765985,9.94154165,-2.76733626,-20.31246238,-0.66046491,-6.51653066
15.3,-2.28954042,-17.63025235,-10.95804476,-40.86092676,-20.29818144,-22.17171401,28.76366225,10.17329026,-2.99371789,-20.04580718,-0.33000449,-6.49471133
15.305,-1.04791419,-18.03820931,-10.1706606,-42.60539345,-21.27130144,-22.57049291,28.19946276,10.34965258,-3.21179595,-19.74190293,0.03900453,-6.46969426
15.31,0.22876442,-18.39971357,-9.34733526,-44.32386041,-22.10992781,-22.86416173,27.6176528,10.5070106,-3.42623164,-19.39809043,0.39827787,-6.43800149
15.315,1.53443884,-18.71393693,-8.48673558,-46.01243539,-22.81530104,-23.04959136,27.01784116,10.64623208,-3.65155153,-19.01819702,0.73762964,-6.40708446
15.32,2.85903095,-18.97645641,-7.6016372,-47.66002543,-23.37972248,-23.12651904,26.39787201,10.76840348,-3.87373975,-18.60129304,1.04789829,-6.37709064
15.325,4.20111739,-19.18747698,-6.69725591,-49.26679135,-23.80961983,-23.10063014,25.76142554,10.87291996,-4.10122981,-18.1520958,1.33057614,-6.35254523
15.33,5.54936843,-19.33586162,-5.78446398,-50.82264777,-24.10647399,-22.97842513,25.11213422,10.95735035,-4.32718154,-17.68061718,1.59100004,-6.33346004
15.335,6.91101062,-19.43066562,-4.8651334,-52.32809807,-24.26676886,-22.76828168,24.45978976,11.02572724,-4.5598155,-17.1900298,1.81435481,-6.30981578
15.34,8.26178642,-19.46053494,-3.95590469,-53.77005104,-24.30769317,-22.47561067,23.79420295,11.07500632,-4.79036237,-16.68008561,2.01382837,-6.2956436
15.345,9.61142765,-19.43936587,-3.05945399,-55.15938837,-24.2249743,-22.10502521,23.12710381,11.1086108,-5.02411399,-16.16594571,2.18453419,-6.28052923
15.35,10.94592108,-19.35727387,-2.19343522,-56.47927252,-24.02687649,-21.66596052,22.459643,11.12419383,-5.25197052,-15.64378426,2.3326651,-6.26395884
15.355,12.25305066,-19.22397324,-1.35741924,-57.72139135,-23.74096382,-21.18442088,21.77532907,11.12586299,-5.48291994,-15.09783267,2.45109052,-6.256132
15.36,13.54754684,-19.03869387,-0.55902672,-58.9076345,-23.34438592,-20.64157359,21.11216229,11.11090845,-5.71184028,-14.58320951,2.55638258,-6.23925368
15.365,14.81360967,-18.80777842,0.19460203,-60.02055314,-22.8631574,-20.06195463,20.45172252,11.08234779,-5.93809686,-14.07519792,2.64330403,-6.21785608
15.37,16.04618283,-18.53731972,0.88704207,-61.04542348,-22.30026626,-19.44351916,19.78800069,11.04129827,-6.15615737,-13.54863782,2.7262223,-6.18619699
15.375,17.24736551,-18.23225305,1.53279527,-62.0016883,-21.67972221,-18.81879381,19.13369379,10.99075893,-6.37475868,-13.04514972,2.79178977,-6.15092051
15.38,18.40928748,-17.89641351,2.11430695,-62.87654524,-21.00951351,-18.19434072,18.4848177,10.92806315,-6.58668793,-12.55351649,2.8553478,-6.10711668
15.385,19.53925237,-17.53709654,2.64288572,-63.67532047,-20.28746378,-17.56508789,17.84639636,10.85726587,-6.79804293,-12.07787826,2.91494445,-6.05210488
15.39,20.62849811,-17.15885224,3.10486313,-64.39182022,-19.53776604,-16.95037355,17.21543106,10.77897279,-6.99967707,-11.61580471,2.97996108,-5.98401635
15.395,21.67885867,-16.76571972,3.50699431,-65.02945687,-18.7647787,-16.36102625,16.59359227,10.69363816,-7.19456317,-11.17332452,3.04858628,-5.90394875
15.4,22.689251,-16.36428112,3.84632014,-65.5861479,-17.9803357,-15.80749858,15.98064324,10.60318839,-7.38057126,-10.74913648,3.12518639,-5.81152017
15.405,23.66104271,-15.95831743,4.12616085,-66.06251781,-17.19131751,-15.29023563,15.37748455,10.5083728,-7.55663116,-10.34450239,3.212529,-5.70531103
15.41,24.59395914,-15.55088258,4.34719843,-66.45787263,-16.40403071,-14.81574994,14.78414484,10.40930522,-7.7242881,-9.95904687,3.31326441,-5.58634946
15.415,25.48730893,-15.1462784,4.51023309,-66.77367909,-15.63482775,-14.40080354,14.19900039,10.3068795,-7.8781726,-9.59341488,3.42710672,-5.45811034
15.42,26.34528748,-14.74686058,4.62555316,-67.01079612,-14.87189425,-14.01562147,13.62551729,10.20373461,-8.02364659,-9.25014535,3.55932273,-5.31241461
15.425,27.16412708,-14.35458296,4.6874059,-67.17189808,-14.14579912,-13.71118935,13.05950304,10.09698598,-8.15187582,-8.92989186,3.70283334,-5.16655121
15.43,27.94963326,-13.97291744,4.70294611,-67.25249723,-13.43069791,-13.44444246,12.50719678,9.99089578,-8.26512669,-8.62910489,3.86477091,-5.00664501
15.435,28.70082668,-13.60240512,4.68190661,-67.25957597,-12.75318722,-13.22544359,11.9621284,9.88541712,-8.36984213,-8.34975318,4.04320541,-4.84089214
15.44,29.41944726,-13.24314615,4.61956846,-67.19122502,-12.10002967,-13.06174041,11.42947997,9.77849011,-8.45341354,-8.09196842,4.23547058,-4.67275336
15.445,30.13255173,-12.8826518,4.5697227,-67.05130658,-11.57738014,-13.10125369,10.91535954,9.67971448,-8.56696387,-7.84183174,4.3782858,-4.63799536
15.45,30.76391922,-12.56527861,4.39522443,-66.83419575,-10.8973474,-12.85300389,10.39680101,9.56921312,-8.57298213,-7.63626408,4.66362256,-4.34078216
15.455,31.42922825,-12.23033388,4.31110819,-66.5590445,-10.39259011,-12.91745631,9.91039278,9.4806837,-8.66784147,-7.42812013,4.82969752,-4.29475482
15.46,31.99824002,-11.93051114,4.08790884,-66.19719156,-9.80506369,-12.77648893,9.41012469,9.36574944,-8.62841078,-7.26180583,5.13620709,-4.00573899
15.465,32.57423975,-11.63527947,3.90788907,-65.77468932,-9.2989736,-12.7690373,8.92848456,9.27089005,-8.6578347,-7.0939602,5.38904355,-3.83433127
15.47,33.12628983,-11.35122449,3.71061492,-65.28322045,-8.82787177,-12.77693161,8.4615648,9.17756224,-8.65890325,-6.94487819,5.65043276,-3.6760909
15.475,33.70227057,-11.06162043,3.5871395,-64.73802884,-8.40762396,-12.86604924,8.02765393,9.11265,-8.70869542,-6.7954186,5.85090986,-3.65149276
15.48,34.16626178,-10.81161519,3.2941861,-64.09917626,-7.96932697,-12.82454848,7.56851006,9.00357219,-8.62361246,-6.68771035,6.17702733,-3.41858095
15.485,34.64710953,-10.55356551,3.09062727,-63.41052666,-7.56671463,-12.84268083,7.12954614,8.92470808,-8.59567078,-6.57410015,6.44834853,-3.27630828
15.49,35.11493728,-10.3026357,2.88886283,-62.65788313,-7.19262187,-12.86262563,6.70793547,8.85157802,-8.56058809,-6.46796421,6.71333947,-3.168206
15.495,35.60236877,-10.04501077,2.76032965,-61.85313074,-6.83578036,-12.92154176,6.3178029,8.80667905,-8.559141,-6.3633374,6.93292831,-3.15225237
15.5,35.98763064,-9.82542439,2.48806894,-60.95714247,-6.50470816,-12.86692984,5.89541147,8.7212925,-8.44978051,-6.27573003,7.23468286,-2.99848693
15.505,36.39359326,-9.59412558,2.31014996,-60.01384465,-6.18144331,-12.84989199,5.49721806,8.67008016,-8.39365245,-6.17821851,7.48404443,-2.92414484
15.51,36.82429731,-9.35590072,2.2036217,-59.02003606,-5.87430157,-12.87020371,5.13402788,8.64616507,-8.37533921,-6.07675916,7.69192855,-2.93297599
15.515,37.19826017,-9.12293222,2.03042921,-57.94503699,-5.57171978,-12.8302189,4.76502954,8.5914185,-8.30472263,-5.98001893,7.92976713,-2.90697739
15.52,37.50597,-8.93429464,1.82048557,-56.80366468,-5.30535016,-12.70260805,4.35922001,8.55201494,-8.18944587,-5.87499826,8.17619367,-2.82637507
15.525,37.8751255,-8.70948544,1.74172412,-55.61925704,-5.02800997,-12.67904184,4.01401741,8.54605261,-8.16559341,-5.76052391,8.36048987,-2.85525605
15.53,38.19505734,-8.49527534,1.60933516,-54.35777231,-4.76740672,-12.59139024,3.65797261,8.51929968,-8.09390415,-5.6321965,8.55789165,-2.86575951
15.535,38.4868575,-8.29007073,1.4905318,-53.03224477,-4.50984874,-12.48307426,3.29874763,8.50386557,-8.02505745,-5.49607884,8.74227474,-2.88240889
15.54,38.70761476,-8.120333,1.33294802,-51.64010742,-4.26071971,-12.27782701,2.89691745,8.49411307,-7.90850059,-5.34534453,8.92648417,-2.87673828
15.545,38.99367391,-7.91679827,1.28286302,-50.19671423,-4.01137754,-12.20498367,2.56641774,8.50966218,-7.88516851,-5.17889361,9.0638516,-2.92928364
15.55,39.23065343,-7.72431587,1.19138393,-48.67890134,-3.77552803,-12.07265701,2.22154023,8.5088524,-7.82268032,-4.99796635,9.20226773,-2.97682832
15.555,39.43716499,-7.54578214,1.10576293,-47.09654641,-3.54164784,-11.92442741,1.86907869,8.52018142,-7.76014606,-4.80146152,9.32605776,-3.02669638
15.56,39.61113561,-7.37434017,1.01593756,-45.44726529,-3.30808197,-11.75576362,1.51057305,8.53089384,-7.69433878,-4.58739794,9.43661173,-3.0801922
15.565,39.7007119,-7.23874641,0.88356055,-43.72971331,-3.07932475,-11.48829995,1.09655782,8.54670853,-7.57546748,-4.35572332,9.54831014,-3.13841552
15.57,39.86597622,-7.07713321,0.83790081,-41.95862667,-2.84586433,-11.37447526,0.77146952,8.58235607,-7.55844201,-4.10980506,9.61419464,-3.19298319
15.575,39.90469621,-6.95072179,0.69588942,-40.10676392,-2.63924822,-11.10722978,0.3622346,8.59401202,-7.44004265,-3.84574739,9.70722954,-3.25904635
15.58,39.96694651,-6.82283108,0.59424298,-38.19846889,-2.42936237,-10.90919631,-0.00231864,8.62232425,-7.3719069,-3.57225236,9.76430617,-3.31296206
15.585,40.04850063,-6.70329846,0.5193869,-36.24111934,-2.22417204,-10.76663019,-0.32933546,8.66810228,-7.3460223,-3.28322202,9.79741124,-3.35177447
15.59,40.05891647,-6.60042461,0.38296624,-34.21348053,-2.05016305,-10.55285862,-0.68642858,8.69459092,-7.27532514,-2.98902464,9.83896862,-3.39055847
15.595,40.02409649,-6.52277244,0.23086807,-32.13817961,-1.88578944,-10.31061979,-1.06523164,8.73228304,-7.18913316,-2.68292099,9.87576708,-3.42187376
15.6,39.87527121,-6.48994559,0.02866295,-30.01860566,-1.726991,-9.95596152,-1.52479327,8.7741625,-7.02665296,-2.37843451,9.95019383,-3.45763029
15.605,39.8510707,-6.44620145,-0.11450699,-27.87693046,-1.59381756,-9.75032324,-1.85724312,8.84230785,-6.98187788,-2.05318257,9.93576379,-3.45573406
15.61,39.73982,-6.42868761,-0.3301306,-25.69428712,-1.5147883,-9.45057067,-2.23704239,8.89142625,-6.86835283,-1.73838404,9.96683331,-3.45213698
15.615,39.49891661,-6.46334044,-0.58929403,-23.5034208,-1.38687275,-9.0321012,-2.727062,8.95660897,-6.6821232,-1.42515372,10.05220409,-3.4459041
15.62,39.34288328,-6.49143871,-0.81345204,-21.30944169,-1.34089188,-8.68153914,-3.11046156,9.02874997,-6.54967564,-1.13372341,10.08659394,-3.41660641
15.625,39.23053946,-6.55235255,-1.03171475,-19.14740415,-1.36183388,-8.37428709,-3.46816092,9.14008178,-6.43337792,-0.81497118,10.06071877,-3.35292042
15.63,38.94355179,-6.62552742,-1.337862,-16.98446974,-1.3034731,-7.89873731,-3.94559484,9.19873682,-6.23214801,-0.54513142,10.17135958,-3.30506749
15.635,38.72575846,-6.73594231,-1.61657771,-14.89410563,-1.31393833,-7.45020376,-4.38872488,9.31055982,-6.04526939,-0.24566564,10.21221219,-3.2184787
15.64,38.51168523,-6.85641238,-1.88959077,-12.86821993,-1.35570271,-6.99808766,-4.81128649,9.42028651,-5.85479607,0.00829758,10.2660726,-3.12557517
15.645,38.31499559,-6.98033419,-2.15473738,-10.93584181,-1.42194716,-6.5426135,-5.22689841,9.52969937,-5.66268292,0.25481846,10.33947325,-3.0312569
15.65,38.13003044,-7.12965676,-2.41167654,-9.12117776,-1.49026732,-6.06107624,-5.64412025,9.65688086,-5.45880125,0.47459588,10.41009245,-2.92115758
15.655,37.97495992,-7.29162164,-2.64016711,-7.44740973,-1.53851552,-5.57257152,-6.05263448,9.79243086,-5.24784761,0.67314832,10.48894614,-2.80474399
15.66,37.85307876,-7.45263661,-2.84148558,-5.9119917,-1.59611722,-5.09204505,-6.43418974,9.92479636,-5.04647179,0.82379971,10.57372112,-2.69162394
15.665,37.76280057,-7.61626666,-3.02722897,-4.53897933,-1.62517612,-4.60945048,-6.81723336,10.0566742,-4.83747964,0.96546835,10.66884138,-2.57274577
15.67,37.70174577,-7.7675391,-3.20470462,-3.32878267,-1.6160817,-4.11743068,-7.20191335,10.17638849,-4.62725321,1.09866683,10.77572094,-2.45019781
15.675,37.68232707,-7.90711467,-3.32782762,-2.26871534,-1.62653476,-3.67635709,-7.54128531,10.28502837,-4.43675602,1.1660911,10.87780216,-2.34025976
15.68,37.69085589,-8.02736791,-3.44902789,-1.3772453,-1.60196392,-3.23319556,-7.88118613,10.37427434,-4.24982857,1.22350775,10.9885736,-2.22734048
15.685,37.76539825,-8.14339941,-3.50249349,-0.65729116,-1.62568721,-2.9612554,-8.18622776,10.4767195,-4.07422194,1.2600437,11.08333357,-2.14464346
15.69,37.82674996,-8.22229635,-3.59999571,-0.08468152,-1.58225267,-2.53787319,-8.49763518,10.52383893,-3.9073859,1.2543745,11.20935568,-2.03950953
15.695,37.89878665,-8.22947848,-3.68957673,0.32594767,-1.42130363,-2.04078532,-8.81611745,10.5055813,-3.787205,1.24071073,11.31590135,-1.91956956
15.7,38.04648527,-8.2383356,-3.66488109,0.57080436,-1.41188457,-1.87112375,-9.09071462,10.51510333,-3.65123476,1.20942393,11.39953715,-1.86714973
15.705,38.16679804,-8.20949446,-3.76731395,0.67316533,-1.23462482,-1.35788074,-9.38192329,10.47057723,-3.58528935,1.13406185,11.51035952,-1.74140733
15.71,38.33429013,-8.1563658,-3.76189085,0.62059142,-1.14716704,-1.10768621,-9.64274369,10.41955711,-3.50438385,1.02986352,11.61673993,-1.68237324
15.715,38.51782781,-8.04616833,-3.75662344,0.42532788,-1.01358342,-0.82151806,-9.91122301,10.32937059,-3.47742513,0.93646147,11.68129945,-1.60457991
15.72,38.71880977,-7.91667129,-3.73912731,0.09115187,-0.90537681,-0.57519481,-10.17167006,10.22449114,-3.46132546,0.81652593,11.73970901,-1.53163646
15.725,38.93562153,-7.7522739,-3.69856874,-0.37023674,-0.80774309,-0.37817387,-10.42679622,10.09579814,-3.4735086,0.68311181,11.76705477,-1.46436475
15.73,39.16026317,-7.57294065,-3.66667173,-0.95992812,-0.71343931,-0.12266083,-10.68987651,9.95781008,-3.50500636,0.53638197,11.78052283,-1.34649865
15.735,39.39855958,-7.35243666,-3.58977217,-1.65700094,-0.63416579,0.01525198,-10.94422473,9.79327618,-3.56756283,0.37489332,11.77767666,-1.26696108
15.74,39.64999244,-7.10423444,-3.48419459,-2.44842199,-0.59618829,0.057262,-11.1866694,9.60495161,-3.63848324,0.20020572,11.74437015,-1.23674751
15.745,39.90215316,-6.82968341,-3.35209676,-3.33529177,-0.54854022,0.11587149,-11.44192445,9.408213,-3.75457451,0.0234493,11.67904839,-1.16138959
15.75,40.15423641,-6.53522068,-3.2026184,-4.29735199,-0.5372116,0.13668193,-11.69655448,9.20047316,-3.89247369,-0.17002818,11.58704501,-1.07195209
15.755,40.40290757,-6.22059317,-3.02288903,-5.32144355,-0.55749484,0.10756736,-11.95358333,8.98026204,-4.05995505,-0.37019588,11.46413802,-0.95845573
15.76,40.63473649,-5.88430702,-2.794441,-6.3917599,-0.64219432,-0.02067571,-12.22748343,8.76416797,-4.27003376,-0.57773198,11.32556467,-0.751849
15.765,40.87053851,-5.53161785,-2.59425331,-7.48146392,-0.71992292,-0.13748751,-12.45698301,8.50311155,-4.46394153,-0.82561131,11.13069846,-0.67511091
15.77,41.06615101,-5.15272589,-2.29041155,-8.58773028,-0.92239426,-0.47705629,-12.72841018,8.25442536,-4.73145548,-1.05947172,10.91190994,-0.43809028
15.775,41.25272971,-4.75732163,-2.01634778,-9.68660412,-1.12641719,-0.80888194,-12.9651733,7.96940203,-4.99261235,-1.33092944,10.64423581,-0.25099391
15.78,41.40963141,-4.34602736,-1.73001559,-10.76742393,-1.36912944,-1.19091072,-13.19551392,7.66586917,-5.27068173,-1.62519834,10.33382475,-0.06276436
15.785,41.53243875,-3.91902047,-1.4416035,-11.81203615,-1.64808045,-1.62633415,-13.41305193,7.3369856,-5.56542459,-1.94886318,9.98061507,0.13643232
15.79,41.61851565,-3.4736095,-1.1570121,-12.81158444,-1.95903794,-2.11074365,-13.61633669,6.97785211,-5.87881309,-2.30154926,9.57673109,0.34563163
15.795,41.6634883,-3.0129159,-0.88514745,-13.75285504,-2.2913867,-2.63601467,-13.79844389,6.58912815,-6.20928456,-2.6987484,9.12879388,0.56038576
15.8,41.66543915,-2.54177238,-0.62547019,-14.6278595,-2.64151178,-3.19487393,-13.95775655,6.16631054,-6.55135088,-3.13835205,8.63497731,0.77783647
15.805,41.62391997,-2.05323306,-0.39237458,-15.43158017,-3.00064392,-3.77890384,-14.0944137,5.70875882,-6.90214656,-3.61898382,8.0816781,0.99455055
15.81,41.53982584,-1.55804612,-0.18651245,-16.16058867,-3.35822972,-4.37093736,-14.20025446,5.21485516,-7.26022957,-4.15056696,7.47323451,1.20035964
15.815,41.41064799,-1.0556827,-0.00775782,-16.81142313,-3.70481725,-4.97784266,-14.27465319,4.68563927,-7.62336163,-4.73695219,6.80845938,1.3958662
15.82,41.23475167,-0.54691905,0.13638572,-17.38326232,-4.04129223,-5.59572087,-14.31756466,4.11781159,-7.99000355,-5.37753579,6.08364899,1.57539353
15.825,41.02141572,-0.04150908,0.24267929,-17.88265906,-4.3442199,-6.19156272,-14.31972302,3.52365333,-8.3476737,-6.08538276,5.30073831,1.7275264
15.83,40.74858552,0.45831131,0.31815357,-18.30523085,-4.61011349,-6.84242679,-14.29911704,2.89827124,-8.69653533,-6.85276479,4.44217073,1.87654177
15.835,40.46611066,0.97229925,0.33090109,-18.64769469,-4.87974218,-7.34556072,-14.20294979,2.22752192,-9.05512249,-7.69056396,3.54200816,1.93329211
15.84,40.12379328,1.47304095,0.31741644,-18.92227544,-5.09249915,-7.89540299,-14.08531996,1.53803735,-9.39583117,-8.59623262,2.56152307,1.97309086
15.845,39.74358753,1.96712941,0.26390266,-19.12836174,-5.26758233,-8.41652245,-13.92186022,0.82208254,-9.7233025,-9.57113461,1.52389157,1.96493205
15.85,39.28855864,2.44384171,0.17680752,-19.25532536,-5.40566583,-8.98438413,-13.73799763,0.08050301,-9.98889986,-10.62129042,0.41562031,1.91300636
15.855,38.85018317,2.92455547,0.04414483,-19.34178584,-5.51278696,-9.39356885,-13.47054896,-0.67474764,-10.30455434,-11.74201358,-0.73464409,1.78719543
15.86,38.33801854,3.38951776,-0.12242098,-19.35180547,-5.57070595,-9.83464121,-13.18214326,-1.4503387,-10.54358756,-12.9345156,-1.96496127,1.59577345
15.865,37.82641565,3.84282399,-0.32571029,-19.3264732,-5.58986693,-10.17579704,-12.82329857,-2.22692944,-10.81977726,-14.19707973,-3.23657008,1.35338765
15.87,37.23682911,4.26365291,-0.57381719,-19.25534246,-5.55701318,-10.55990919,-12.45755461,-3.00996619,-10.98424031,-15.52775114,-4.59003878,0.99681272
15.875,36.68719087,4.70728018,-0.82465142,-19.15277227,-5.51567431,-10.78154599,-11.99221093,-3.80058175,-11.23015241,-16.9230429,-5.95070094,0.6429023
15.88,36.03267545,5.09756104,-1.11749867,-18.96874892,-5.40508765,-11.03991352,-11.52270364,-4.57867635,-11.32283724,-18.38335809,-7.3937765,0.11370412
15.885,35.39852473,5.47582681,-1.43082501,-18.79104351,-5.26261474,-11.20973499,-10.98513188,-5.34034375,-11.45371733,-19.89862137,-8.85819837,-0.44082851
15.89,34.77316626,5.8760269,-1.74028239,-18.58034716,-5.13507489,-11.29357024,-10.3788513,-6.11131129,-11.62478704,-21.46854969,-10.31010201,-0.98771074
15.895,34.09640581,6.23222046,-2.08297817,-18.33600629,-4.95625455,-11.35432039,-9.74432323,-6.85429198,-11.69273917,-23.09026736,-11.80687853,-1.68062206
15.9,33.39081309,6.53045944,-2.41130894,-18.06076381,-4.68572281,-11.3668069,-9.06487779,-7.53451214,-11.67319358,-24.75095959,-13.33392365,-2.48087068
15.905,32.70419046,6.84222766,-2.75030989,-17.78330378,-4.44238813,-11.31610894,-8.32437543,-8.21581875,-11.69783966,-26.45346773,-14.81609387,-3.26179746
15.91,32.01384772,7.11263182,-3.10116013,-17.51842509,-4.15233933,-11.21959856,-7.54146342,-8.84937213,-11.68213773,-28.1928802,-16.29600532,-4.1179755
15.915,31.31708543,7.37982189,-3.43622699,-17.2198513,-3.87070448,-11.07969067,-6.70730459,-9.46439598,-11.64710986,-29.96120658,-17.7142547,-4.98188732
15.92,30.62602881,7.62065262,-3.76650634,-16.92913693,-3.56992731,-10.90118291,-5.82942399,-10.03788944,-11.59028824,-31.75469819,-19.0815217,-5.86739247
15.925,29.93610371,7.88240943,-4.08838539,-16.60943425,-3.34030909,-10.70001697,-4.9041276,-10.619278,-11.53817605,-33.57283457,-20.3223397,-6.71576079
15.93,29.24566632,8.0829351,-4.3953751,-16.2997816,-3.03168708,-10.47116871,-3.94100307,-11.12066591,-11.41880475,-35.39948778,-21.5406947,-7.61937466
15.935,28.57238338,8.2429261,-4.69760143,-16.02235523,-2.69641733,-10.21132247,-2.94075762,-11.56538725,-11.28094511,-37.23336981,-22.68003337,-8.52712266
15.94,27.89837943,8.3679993,-4.95805771,-15.71702246,-2.32649053,-9.91348286,-1.90080486,-11.94494305,-11.09523305,-39.05584349,-23.74068645,-9.43316346
15.945,27.23000547,8.52414336,-5.2203393,-15.40312526,-2.0662486,-9.64546549,-0.83185379,-12.34613793,-10.92917568,-40.88963864,-24.60530334,-10.24144116
15.95,26.58138114,8.60429135,-5.46207057,-15.11620089,-1.70961505,-9.33681891,0.2738024,-12.64368812,-10.70525536,-42.69861137,-25.45025984,-11.09058011
15.955,25.9361446,8.68688193,-5.68814844,-14.82084212,-1.40782005,-9.04380081,1.40139081,-12.92547176,-10.47871497,-44.49604659,-26.12815719,-11.8601145
15.96,25.29704814,8.76792157,-5.89822049,-14.52922855,-1.1618395,-8.77171451,2.54577317,-13.18663775,-10.25050454,-46.27523852,-26.65149633,-12.56357894
15.965,24.66846143,8.80281986,-6.09093769,-14.23715292,-0.87451259,-8.49387771,3.71605189,-13.37700718,-9.98442276,-48.01626263,-27.09529171,-13.24427913
15.97,24.04450189,8.81620509,-6.26523724,-13.94747614,-0.59964247,-8.22987904,4.89776168,-13.5238694,-9.70859961,-49.72119038,-27.41322456,-13.86156343
15.975,23.43390997,8.78228348,-6.43155897,-13.66227752,-0.2982696,-7.95834071,6.09826503,-13.59763385,-9.40148696,-51.37627643,-27.63285396,-14.44342729
15.98,22.8239473,8.74931717,-6.58450137,-13.37750109,-0.0477553,-7.71921584,7.30014162,-13.65386903,-9.09930536,-52.99062296,-27.71584454,-14.9482843
15.985,22.21377408,8.71679941,-6.71866009,-13.09516544,0.17238103,-7.51345872,8.49875135,-13.69046987,-8.80197377,-54.55774971,-27.68412809,-15.38240745
15.99,21.60780585,8.64349742,-6.85113527,-12.80860481,0.40790638,-7.32245451,9.70281424,-13.66536372,-8.48844458,-56.06164444,-27.5529771,-15.76695832
15.995,21.01138106,8.54853423,-6.98302306,-12.5224663,0.63948622,-7.1333569,10.91128244,-13.59455829,-8.16243978,-57.50343288,-27.32869387,-16.09850484
16,20.4122377,8.4305807,-7.10472769,-12.24530318,0.86157746,-6.97029902,12.1039808,-13.47964684,-7.84087202,-58.87917554,-27.00963826,-16.36688664
16.005,19.74167303,8.24809574,-7.155987,-11.986098,1.03728347,-6.92888541,13.18027118,-13.26767771,-7.57913475,-60.1535734,-26.61013918,-16.60167061
16.01,19.24144536,8.14421139,-7.360414,-11.71414176,1.26800309,-6.67197783,14.48166098,-13.1436679,-7.19309523,-61.43302579,-26.13416035,-16.72320006
16.015,18.56922858,7.92626475,-7.40999676,-11.44049788,1.42984474,-6.64732735,15.52978873,-12.85860127,-6.95048599,-62.54946029,-25.64464049,-16.91133081
16.02,18.06530007,7.78251096,-7.61916356,-11.19193975,1.6676261,-6.42000313,16.78756555,-12.65435105,-6.57495116,-63.68002785,-24.98500594,-16.85198246
16.025,17.47196102,7.57577072,-7.76072356,-10.91843413,1.87009497,-6.29015262,17.91003518,-12.35724792,-6.28468114,-64.67624246,-24.32376784,-16.81738097
16.03,16.88157207,7.36210021,-7.90602488,-10.66334082,2.05986842,-6.18095647,19.0098411,-12.0381148,-6.00544842,-65.59809543,-23.6279281,-16.75276311
16.035,16.28978139,7.13618858,-8.05461172,-10.41244864,2.25260928,-6.08244654,20.0831422,-11.69301506,-5.74609115,-66.43523903,-22.90069439,-16.6549273
16.04,15.69965265,6.89941351,-8.20995276,-10.17055253,2.44498903,-5.98472258,21.13021732,-11.3232751,-5.50404327,-67.18847128,-22.14915261,-16.5198722
16.045,15.10852948,6.65276252,-8.37558089,-9.93057028,2.63525361,-5.8835892,22.14974875,-10.93345353,-5.28261435,-67.85422269,-21.38546369,-16.34976944
16.05,14.51830622,6.39697017,-8.54269179,-9.70200946,2.82873422,-5.7863315,23.13765353,-10.52364033,-5.08495409,-68.43319397,-20.61584708,-16.16471142
16.055,13.92850808,6.13341591,-8.71660208,-9.47886798,3.02287152,-5.68883107,24.09455889,-10.09886331,-4.91280509,-68.92361857,-19.84905541,-15.96625211
16.06,13.34104071,5.86432388,-8.89613382,-9.26501884,3.22012042,-5.58445198,25.02122255,-9.66210487,-4.76405154,-69.32656791,-19.08597817,-15.74754432
16.065,12.75526789,5.59009753,-9.07804911,-9.05919534,3.41973793,-5.47781585,25.91464166,-9.21613264,-4.64220318,-69.64071627,-18.33655793,-15.52508802
16.07,12.17169449,5.31189772,-9.26065585,-8.86222785,3.62062905,-5.37094985,26.7747475,-8.76380666,-4.54859087,-69.86634135,-17.60783929,-15.30740118
16.075,11.59198804,5.03041165,-9.44261783,-8.67518767,3.82412016,-5.26052323,27.60168227,-8.30724755,-4.48164889,-70.00289295,-16.89920455,-15.0920092
16.08,11.0158781,4.7459118,-9.62239556,-8.4980382,4.02903241,-5.1500927,28.3943559,-7.84835354,-4.44208424,-70.05133144,-16.21587599,-14.88849326
16.085,10.44613453,4.45917262,-9.79218689,-8.33209139,4.23196153,-5.04702709,29.15383426,-7.38968199,-4.4306384,-70.01044865,-15.56539768,-14.70888843
16.09,9.87882855,4.17474314,-9.95953811,-8.17144166,4.43703188,-4.94031251,29.8788684,-6.93802369,-4.44511379,-69.88178962,-14.94244171,-14.53767215
16.095,9.31634301,3.89072157,-10.11783434,-8.02167848,4.64301346,-4.8327818,30.56894174,-6.49065417,-4.48277884,-69.6661488,-14.34731117,-14.38126635
16.1,8.73977117,3.62331558,-10.2968331,-7.87762493,4.8666273,-4.67540328,31.21315856,-6.06189364,-4.52318142,-69.3712343,-13.75797233,-14.19993783
16.105,8.20415969,3.33712018,-10.41004165,-7.74462154,5.05391197,-4.61831237,31.84593165,-5.62699313,-4.61715872,-68.97630981,-13.24855065,-14.12932217
16.11,7.65353569,3.06264591,-10.53324745,-7.61803806,5.25548273,-4.52550459,32.42759036,-5.21299199,-4.72339691,-68.50055818,-12.75085046,-14.03677971
16.115,7.11074727,2.79416869,-10.64291117,-7.49589787,5.45181575,-4.442934,32.97962847,-4.81065353,-4.8437061,-67.9426375,-12.28348478,-13.9726343
16.12,6.56998516,2.53355439,-10.73897169,-7.380418,5.64658051,-4.36234266,33.49246633,-4.42400935,-4.97635618,-67.29767771,-11.84462221,-13.92794762
16.125,6.03102062,2.28208411,-10.82147864,-7.26757725,5.83822704,-4.28785283,33.96932905,-4.05626856,-5.12291683,-66.57131183,-11.43634397,-13.90535086
16.13,5.49748104,2.04109742,-10.88893362,-7.15870978,6.02352406,-4.22356251,34.4122626,-3.70646084,-5.27627646,-65.76301015,-11.0567123,-13.90770927
16.135,4.96468817,1.80898203,-10.94089337,-7.05284702,6.20482916,-4.1648056,34.81726606,-3.37577608,-5.43884848,-64.87378026,-10.7061905,-13.93017602
16.14,4.44088715,1.59041046,-10.98042225,-6.94984916,6.37656528,-4.1216092,35.1930048,-3.06431836,-5.6021168,-63.90496274,-10.37962492,-13.97692981
16.145,3.93357723,1.38281037,-10.99328927,-6.85358502,6.53433193,-4.09302735,35.54796914,-2.76224508,-5.7489197,-62.85993568,-10.07193025,-14.04369022
16.15,3.41505454,1.1885329,-11.006034,-6.74988542,6.69456759,-4.06384007,35.8530396,-2.49147367,-5.91458028,-61.73316171,-9.79295491,-14.12454171
16.155,2.89642398,1.01045689,-11.01265771,-6.64484633,6.8494252,-4.03673064,36.12235389,-2.24492584,-6.07897111,-60.53019287,-9.53574701,-14.22317767
16.16,2.38638342,0.8492021,-11.00944781,-6.54112301,6.99531692,-4.01461225,36.36391709,-2.01810196,-6.23055813,-59.25267819,-9.29554143,-14.33638193
16.165,1.87187043,0.70197023,-11.00913625,-6.43228301,7.13955608,-3.99197371,36.56351356,-1.81858919,-6.38947791,-57.89815153,-9.0765247,-14.46411529
16.17,1.36541296,0.57339986,-11.00769822,-6.32291205,7.27599682,-3.96942931,36.73596832,-1.63868399,-6.53092426,-56.47038091,-8.86656036,-14.60496113
16.175,0.86928499,0.45808462,-10.9958456,-6.21351207,7.40442901,-3.94519434,36.88222223,-1.47431238,-6.65705082,-54.96791697,-8.66698728,-14.75044299
16.18,0.38262957,0.36078677,-10.98733635,-6.10319981,7.52621795,-3.91766797,37.00158508,-1.33159003,-6.76995338,-53.39254448,-8.47292089,-14.90008324
16.185,-0.10005732,0.27815291,-10.98121707,-5.991289,7.64463978,-3.87996183,37.08722841,-1.20842736,-6.8717832,-51.7423466,-8.28602064,-15.0524822
16.19,-0.5720829,0.21216604,-10.98059829,-5.88038236,7.7578569,-3.83251797,37.14524933,-1.10505432,-6.96051846,-50.01874401,-8.10139682,-15.20117258
16.195,-1.03622323,0.16057717,-10.98565131,-5.76861033,7.86785646,-3.77138207,37.1724031,-1.02065485,-7.0369299,-48.22043324,-7.91778174,-15.34342198
16.2,-1.48939009,0.12394491,-10.99789737,-5.65814459,7.97419837,-3.69492242,37.17024216,-0.95485585,-7.09950871,-46.34810318,-7.73228072,-15.47412455
16.205,-1.93588157,0.10059637,-11.0195438,-5.54670523,8.07976007,-3.59946277,37.13488458,-0.90856322,-7.15628375,-44.40152989,-7.54548041,-15.58917437
16.21,-2.36797867,0.09215096,-11.04892251,-5.43879784,8.18071532,-3.48741076,37.07144129,-0.8811396,-7.19945943,-42.38174944,-7.35373926,-15.68052911
16.215,-2.79137289,0.0991615,-11.08699204,-5.3333368,8.28102046,-3.3536657,36.97445184,-0.87359212,-7.23204071,-40.29022028,-7.15725152,-15.74501933
16.22,-3.18819475,0.1172116,-11.12682278,-5.24778152,8.36569883,-3.20671598,36.85299954,-0.88058849,-7.24317781,-38.1277474,-6.95261948,-15.77423952
16.225,-3.59639991,0.1529246,-11.1801522,-5.15017077,8.46376885,-3.02681567,36.68412183,-0.91640194,-7.26275798,-35.90053815,-6.74937471,-15.7641326
16.23,-4.00572514,0.21022566,-11.24552313,-5.04786865,8.56925616,-2.81779885,36.47803252,-0.98142181,-7.28093229,-33.61670589,-6.5447688,-15.7044736
16.235,-4.40962596,0.28426865,-11.31279648,-4.95201696,8.67785382,-2.58161609,36.23776253,-1.07026652,-7.29464488,-31.27914132,-6.33859735,-15.58704983
16.24,-4.7925269,0.37690828,-11.38036239,-4.87244633,8.77119412,-2.33504533,35.97595808,-1.18359474,-7.29261432,-28.8973399,-6.13212537,-15.41677723
16.245,-5.18621038,0.48828215,-11.44984015,-4.79020159,8.87598439,-2.05582104,35.67213463,-1.32593915,-7.29248292,-26.48020374,-5.92414729,-15.17757418
16.25,-5.57674207,0.62456328,-11.52506489,-4.71057995,8.98035991,-1.760526,35.34609965,-1.50038782,-7.28891796,-24.04662939,-5.7132106,-14.87763146
16.255,-5.96082547,0.771644,-11.59099856,-4.64658689,9.07334253,-1.4478865,34.99423167,-1.69850082,-7.28510987,-21.60082382,-5.52105353,-14.5129235
16.26,-6.3469718,0.94695911,-11.65360028,-4.58336899,9.15394555,-1.11595231,34.62599982,-1.93326861,-7.27330878,-19.16888286,-5.34685522,-14.08365561
16.265,-6.74016548,1.13981945,-11.70593601,-4.52908726,9.23772715,-0.76230121,34.23540132,-2.19820326,-7.2652043,-16.76395157,-5.19260098,-13.5865627
16.27,-7.13966363,1.3536895,-11.74783655,-4.48078582,9.3277461,-0.39721761,33.83365079,-2.49372759,-7.24796326,-14.41251387,-5.04707797,-13.02979794
16.275,-7.54044448,1.58497508,-11.77795798,-4.44115406,9.41244443,-0.0222908,33.43241683,-2.81562271,-7.22401879,-12.13883072,-4.91341495,-12.4223478
16.28,-7.93680427,1.83320643,-11.79916189,-4.41544325,9.48151559,0.35518841,33.04400715,-3.1621972,-7.17813998,-9.97001779,-4.79086289,-11.78426866
16.285,-8.33236883,2.0890805,-11.80730001,-4.4010829,9.55029372,0.73704794,32.67256348,-3.52652643,-7.12230392,-7.92799961,-4.66900907,-11.11254005
16.29,-8.72993141,2.34432162,-11.80495755,-4.39331999,9.61566238,1.12402839,32.32186651,-3.8982788,-7.05386745,-6.0275518,-4.53806437,-10.41681228
16.295,-9.12089214,2.58912955,-11.7947753,-4.40140314,9.67079191,1.50748129,31.9989964,-4.2693054,-6.97188102,-4.27882932,-4.40932625,-9.72347279
16.3,-9.51024054,2.80069081,-11.76480331,-4.4249227,9.73623,1.89120444,31.69595038,-4.62251537,-6.91275565,-2.68459491,-4.28418446,-9.01466768
16.305,-9.87864025,3.0204251,-11.74315276,-4.46864743,9.73643042,2.24873693,31.4469822,-4.97090141,-6.74800282,-1.26766953,-4.16369136,-8.42612406
16.31,-10.25077036,3.19051052,-11.70970541,-4.53007461,9.74494412,2.62336258,31.20957038,-5.28648515,-6.60852647,-0.01092027,-4.04599983,-7.81846845
16.315,-10.61816912,3.31845751,-11.67257055,-4.60395241,9.7412171,2.9863069,30.99906638,-5.56517243,-6.47055223,1.07868249,-3.93023484,-7.26371693
16.32,-10.98177403,3.40075322,-11.63728548,-4.69412973,9.71750936,3.34641854,30.81321895,-5.8001855,-6.32082738,1.99990783,-3.81439021,-6.76136052
16.325,-11.33763359,3.43561897,-11.60195066,-4.80414198,9.66850341,3.69850435,30.65207989,-5.99026887,-6.15897339,2.75378177,-3.71147077,-6.32585258
16.33,-11.64083038,3.44891654,-11.52068663,-4.94376195,9.56280278,3.94559364,30.55416602,-6.16296014,-5.97972635,3.34772983,-3.69987363,-6.07197707
16.335,-12.03672166,3.35153382,-11.55409163,-5.07769874,9.5020976,4.39305935,30.39543733,-6.21055971,-5.81056526,3.77080565,-3.53359665,-5.65673452
16.34,-12.32489249,3.25695517,-11.46439643,-5.23293431,9.31974814,4.61694145,30.35151399,-6.27384842,-5.62316671,4.04319363,-3.52457236,-5.51135335
16.345,-12.71966146,3.0618305,-11.54077273,-5.41990628,9.21684719,5.08111831,30.21183677,-6.21370902,-5.46398024,4.17111478,-3.43769282,-5.24982089
16.35,-12.98641711,2.85470219,-11.5058453,-5.63087326,8.94970242,5.29484548,30.2122034,-6.15368089,-5.28394106,4.13644989,-3.40971099,-5.19496819
16.355,-13.37254889,2.56720332,-11.58844025,-5.84591631,8.77583222,5.76311387,30.10575243,-5.98862622,-5.11279762,3.99053072,-3.43402045,-5.10591577
16.36,-13.68819654,2.24919395,-11.641442,-6.09044455,8.49980113,6.10883069,30.08159248,-5.79445182,-4.94688239,3.6960921,-3.47715163,-5.11636344
16.365,-13.99679953,1.89074865,-11.71755817,-6.35960948,8.18317226,6.45621961,30.07172631,-5.55119274,-4.78358478,3.28112264,-3.55544925,-5.18517502
16.37,-14.25286232,1.5103507,-11.77018295,-6.63867134,7.77896656,6.69569478,30.1344429,-5.27770839,-4.62882132,2.73459671,-3.608234,-5.2711642
16.375,-14.5836259,1.05677358,-11.94110229,-6.97566342,7.41880453,7.16135833,30.09476899,-4.92520542,-4.48530646,2.12945239,-3.83890431,-5.47074261
16.38,-14.86165297,0.5913803,-12.09775221,-7.32530976,6.97219976,7.52901407,30.12606457,-4.55281783,-4.35353935,1.40962237,-4.03414345,-5.69202891
16.385,-15.11401719,0.09712732,-12.27078743,-7.71220118,6.46795876,7.87593288,30.17122695,-4.14927961,-4.23434986,0.61944482,-4.28119252,-5.93867787
16.39,-15.300171,-0.39816342,-12.41330642,-8.12093093,5.8585823,8.09287149,30.28711482,-3.74251152,-4.13986067,-0.25849827,-4.46470329,-6.10642639
16.395,-15.55439184,-0.96074997,-12.67596898,-8.59386902,5.31101054,8.5328965,30.28901217,-3.26849747,-4.04767735,-1.13349601,-4.90524912,-6.51864865
16.4,-15.74670304,-1.51942501,-12.92236734,-9.09974453,4.66572146,8.86820572,30.34691684,-2.79135272,-3.95441288,-2.07066472,-5.26193533,-6.90851653
16.405,-15.88424757,-2.0996291,-13.15693211,-9.65559378,3.945054,9.12960556,30.42041184,-2.3065243,-3.91475791,-3.01956347,-5.68042101,-7.24105747
16.41,-15.95452977,-2.66396364,-13.38059069,-10.24649611,3.10879474,9.27978239,30.54550742,-1.8433758,-3.90716435,-4.01497753,-5.96573472,-7.43871544
16.415,-16.05501518,-3.30086523,-13.6702683,-10.91852498,2.34384286,9.53657353,30.56123064,-1.31712982,-3.90066853,-4.94074381,-6.56138125,-7.96760281
16.42,-16.06842247,-3.91359001,-13.93377978,-11.63564367,1.4385003,9.65971582,30.63410019,-0.82484768,-3.91479832,-5.89103754,-6.99115974,-8.32758721
16.425,-16.0363719,-4.54679295,-14.18750207,-12.41790186,0.49525849,9.71531778,30.68938305,-0.32425345,-3.94752837,-6.80895017,-7.42612468,-8.7089848
16.43,-15.94660017,-5.19499285,-14.43881246,-13.26653065,-0.51937887,9.69199776,30.74137388,0.17209402,-4.01462636,-7.69912906,-7.84283579,-9.06363473
16.435,-15.80075247,-5.85539594,-14.67173356,-14.1826145,-1.58529516,9.58318864,30.78001642,0.66609257,-4.10086899,-8.54973313,-8.2318434,-9.40828951
16.44,-15.59325326,-6.53468859,-14.88173357,-15.17219441,-2.71202656,9.37788691,30.80399394,1.15760963,-4.20729577,-9.35405901,-8.59024949,-9.74832618
16.445,-15.32117802,-7.22711484,-15.06412679,-16.23580487,-3.89190815,9.06803156,30.8141054,1.64473139,-4.33763851,-10.11070334,-8.9074115,-10.06847651
16.45,-14.9802573,-7.9343896,-15.20683365,-17.37498517,-5.12532227,8.63750899,30.80724102,2.12640831,-4.49053973,-10.81273941,-9.1836575,-10.3715241
16.455,-14.56980334,-8.65799324,-15.29656353,-18.58575453,-6.41493951,8.08780749,30.78729448,2.60483847,-4.65667783,-11.46746795,-9.40116654,-10.64866729
16.46,-14.08008669,-9.37246912,-15.31200592,-19.87349553,-7.74710053,7.35602551,30.7603098,3.05301829,-4.8583728,-12.08812511,-9.52283765,-10.94960722
16.465,-13.52060946,-10.1133905,-15.30908398,-21.23343686,-9.12879799,6.56630762,30.71398387,3.5107219,-5.0834641,-12.64652806,-9.6028109,-11.15289599
16.47,-12.88904254,-10.86315768,-15.24785565,-22.66439088,-10.54247018,5.66549322,30.65086229,3.96092911,-5.3356279,-13.15847014,-9.61563194,-11.31840739
16.475,-12.18404215,-11.62233841,-15.12579102,-24.16558498,-11.97984255,4.66920227,30.56971361,4.40681623,-5.60879747,-13.62120554,-9.56327279,-11.44618094
16.48,-11.40479693,-12.38588873,-14.93879557,-25.73300483,-13.43626179,3.58176765,30.47371426,4.84586033,-5.9041077,-14.04041007,-9.44692512,-11.53853904
16.485,-10.54966984,-13.14669667,-14.68221597,-27.36150859,-14.90398184,2.42388859,30.36517546,5.27921034,-6.21837049,-14.41524186,-9.26326205,-11.59385838
16.49,-9.63615165,-13.93214457,-14.3807007,-29.04756844,-16.35271739,1.25353051,30.22442434,5.73295679,-6.53859711,-14.72814675,-9.07234559,-11.60436782
16.495,-8.62942513,-14.66042079,-13.95955422,-30.79009756,-17.79625667,-0.04573608,30.09982181,6.12128965,-6.90278446,-15.05585221,-8.72578314,-11.60529265
16.5,-7.56654544,-15.401814,-13.49151708,-32.575539,-19.20117481,-1.31155537,29.94552146,6.53515243,-7.26801533,-15.31961992,-8.38265944,-11.55873079
16.505,-6.44446196,-16.12664245,-12.95486695,-34.39958189,-20.55600041,-2.55987487,29.772381,6.94493516,-7.64419857,-15.54694983,-7.99557763,-11.49075267
16.51,-5.26274496,-16.8258927,-12.34853203,-36.25575321,-21.84957126,-3.78321543,29.58512463,7.34526758,-8.02977089,-15.74530573,-7.57289751,-11.39561245
16.515,-4.02248244,-17.49081314,-11.67392236,-38.13486955,-23.07829939,-4.95976063,29.38677342,7.73641004,-8.41947803,-15.9118036,-7.11630441,-11.26794983
16.52,-2.74335251,-18.12584189,-10.93655897,-40.03118258,-24.20343149,-6.06282698,29.15911175,8.12407998,-8.80948439,-16.04157868,-6.64372709,-11.14188567
16.525,-1.4161817,-18.71823669,-10.1411792,-41.9329497,-25.24228437,-7.09729208,28.92206835,8.50182211,-9.20416066,-16.14674703,-6.16392144,-10.98788469
16.53,-0.05710792,-19.25701907,-9.29424124,-43.83352427,-26.17398628,-8.03596353,28.66573326,8.86452297,-9.59246127,-16.22781253,-5.66729928,-10.8266875
16.535,1.32846099,-19.73810754,-8.40712146,-45.72228519,-26.99715984,-8.8672989,28.39161704,9.21320996,-9.96824947,-16.2834869,-5.16616044,-10.64868428
16.54,2.73454889,-20.16576166,-7.47447951,-47.59450866,-27.69916035,-9.60710852,28.09259766,9.55144917,-10.33868407,-16.30918188,-4.68178261,-10.48285905
16.545,4.15068172,-20.52815134,-6.51826137,-49.44108457,-28.28178559,-10.23102148,27.77328396,9.87405198,-10.69012881,-16.3121981,-4.20726747,-10.31528692
16.55,5.57600589,-20.81999677,-5.53771329,-51.25507331,-28.74423065,-10.7478548,27.43589644,10.17605142,-11.02430617,-16.29263138,-3.74263176,-10.14750014
16.555,7.00097584,-21.04458548,-4.54441206,-53.03166494,-29.08542681,-11.15880115,27.07745012,10.46103974,-11.33892292,-16.2501228,-3.29991007,-9.98712908
16.56,8.40329542,-21.23414027,-3.56330445,-54.76484715,-29.308517,-11.48279487,26.68299883,10.75774959,-11.63425349,-16.1753662,-2.92533576,-9.85892802
16.565,9.81764227,-21.31487084,-2.55871285,-56.45053998,-29.41199008,-11.7007085,26.29040739,10.99858951,-11.90661697,-16.09246049,-2.52443446,-9.72596861
16.57,11.2121074,-21.32852999,-1.56960311,-58.08190787,-29.40100923,-11.8273079,25.8772502,11.2209309,-12.15127561,-15.98939121,-2.1515571,-9.60186121
16.575,12.58887724,-21.27747171,-0.59365171,-59.65642105,-29.2803414,-11.87335375,25.44798865,11.42461481,-12.37500789,-15.8644227,-1.80666131,-9.49301823
16.58,13.95542423,-21.12858892,0.36881412,-61.16916498,-29.06702536,-11.79998807,25.02201266,11.57720362,-12.5767944,-15.7380154,-1.46033377,-9.3722124
16.585,15.27103119,-20.97482707,1.28216715,-62.62299887,-28.74170047,-11.73388328,24.55748119,11.75825321,-12.75336054,-15.5828855,-1.18743138,-9.30694698
16.59,16.57474927,-20.7332023,2.17648991,-64.00922524,-28.33757093,-11.56770673,24.098198,11.89233437,-12.90847406,-15.41966691,-0.91559495,-9.2409595
16.595,17.84169062,-20.43837035,3.02866451,-65.3252932,-27.85641279,-11.36105387,23.62652177,12.00707579,-13.04137233,-15.24496852,-0.66604346,-9.18826743
16.6,19.08686156,-20.097542,3.84727355,-66.57352246,-27.3039781,-11.09540794,23.15621793,12.10313911,-13.16253044,-15.06276686,-0.43736855,-9.13795073
16.605,20.29167779,-19.70699884,4.61835735,-67.74658345,-26.70531919,-10.80399937,22.67687146,12.17654799,-13.26068476,-14.87387692,-0.22428783,-9.09915672
16.61,21.46627122,-19.28999629,5.34053178,-68.8464329,-26.02758204,-10.50907444,22.19264696,12.24345298,-13.33901999,-14.6669552,-0.02708419,-9.06936948
16.615,22.60055115,-18.83277734,6.00905899,-69.87328487,-25.31880224,-10.21685105,21.71064102,12.28770652,-13.39868394,-14.47294204,0.16104617,-9.04793882
16.62,23.70526707,-18.33958184,6.63626968,-70.82370623,-24.60439901,-9.8958518,21.23135925,12.3101233,-13.45482687,-14.2772225,0.33890648,-9.02254495
16.625,24.7828319,-17.82631253,7.21667933,-71.68846615,-23.87171987,-9.54704378,20.74500769,12.32309954,-13.49900451,-14.04471715,0.51493374,-8.9846267
16.63,25.82214846,-17.29832916,7.74000541,-72.48421004,-23.11791607,-9.24296276,20.27040768,12.3232054,-13.53188071,-13.84469759,0.68629056,-8.94789469
16.635,26.82568478,-16.74747025,8.21415586,-73.19874494,-22.38083676,-8.95940474,19.79272018,12.30732852,-13.55276366,-13.63310891,0.85858927,-8.90470818
16.64,27.79931804,-16.18997055,8.63778397,-73.83740845,-21.64576409,-8.70095638,19.32317923,12.2811529,-13.56957548,-13.4310725,1.03286636,-8.85132161
16.645,28.74117003,-15.62725631,9.01293477,-74.39828349,-20.9272728,-8.46994991,18.85756333,12.24614842,-13.57912096,-13.2294361,1.21135584,-8.78425495
16.65,29.65335413,-15.06207616,9.33982455,-74.8823112,-20.22496953,-8.27192284,18.39901184,12.20087789,-13.58588541,-13.03509314,1.39595036,-8.70351517
16.655,30.53589586,-14.49845165,9.62086559,-75.28975909,-19.5489294,-8.10504295,17.94570605,12.14723687,-13.59007392,-12.84435744,1.5873566,-8.60643861
16.66,31.39033988,-13.9397699,9.85871368,-75.62126448,-18.89916752,-7.96425601,17.4987292,12.08694534,-13.59304239,-12.65806204,1.78742165,-8.48934179
16.665,32.21916794,-13.38652337,10.05909608,-75.87737512,-18.27758642,-7.83347809,17.06016037,12.01878004,-13.60348493,-12.47835529,2.00138769,-8.34278569
16.67,33.01574834,-12.84835936,10.2107289,-76.057997,-17.68627854,-7.76583946,16.62238586,11.94857619,-13.59865958,-12.29967321,2.21435464,-8.19396801
16.675,33.788262,-12.31983348,10.33026963,-76.16715935,-17.11843576,-7.69192349,16.1945831,11.87064542,-13.60444934,-12.13238906,2.44502408,-8.00755605
16.68,34.53230584,-11.80742767,10.41058477,-76.20272987,-16.57503896,-7.66129778,15.76971458,11.78960899,-13.60392349,-11.96727074,2.67390125,-7.82027447
16.685,35.25091847,-11.31021808,10.4588689,-76.16587869,-16.05479041,-7.62608125,15.35134859,11.70441318,-13.6092847,-11.80733395,2.9180745,-7.59871841
16.69,35.94269353,-10.8297329,10.47696976,-76.05790421,-15.55289783,-7.60128846,14.93702295,11.61475236,-13.61737249,-11.65224412,3.16911262,-7.35765923
16.695,36.60810162,-10.36827116,10.46848379,-75.87875864,-15.07131844,-7.57962581,14.52635844,11.52405736,-13.62531571,-11.49967145,3.42443507,-7.09907491
16.7,37.24696661,-9.92803642,10.43336992,-75.63036723,-14.60656552,-7.55514663,14.1178375,11.43287289,-13.63566699,-11.34840168,3.68339048,-6.82436303
16.705,37.85860189,-9.50504961,10.37378719,-75.31229244,-14.14481945,-7.52698846,13.71312018,11.33728642,-13.645615,-11.20053025,3.94449273,-6.5380318
16.71,38.44575748,-9.10205098,10.29334746,-74.92745198,-13.69049928,-7.49729919,13.31228649,11.24276541,-13.64541104,-11.05300337,4.19545289,-6.2583174
16.715,39.00321768,-8.72438941,10.19264923,-74.47267925,-13.25229385,-7.43499482,12.90693573,11.14879991,-13.66136593,-10.89975483,4.45979436,-5.94464933
16.72,39.53851331,-8.3678775,10.07144229,-73.95358115,-12.80513022,-7.37530055,12.50770276,11.05627697,-13.65442726,-10.7458719,4.70744718,-5.65041738
16.725,40.04916057,-8.0256135,9.9429977,-73.37134027,-12.36349531,-7.29804272,12.1087217,10.96303568,-13.64898914,-10.58874112,4.94631452,-5.35751236
16.73,40.52526374,-7.71532086,9.78465375,-72.71307119,-11.92116478,-7.19438727,11.70637836,10.87126633,-13.64613907,-10.42493247,5.18894068,-5.05462989
16.735,40.97241653,-7.41651736,9.63256307,-71.99547722,-11.48559537,-7.0567543,11.29775275,10.78314136,-13.63331484,-10.25628271,5.433735,-4.72717829
16.74,41.39909266,-7.14204658,9.46005449,-71.21381807,-11.0490521,-6.92439821,10.89238781,10.69766711,-13.61303576,-10.07548197,5.65479956,-4.43833678
16.745,41.79750171,-6.88923926,9.2757687,-70.36709558,-10.61425659,-6.77517539,10.48368583,10.61546855,-13.5851359,-9.88532028,5.8660096,-4.15835176
16.75,42.16976347,-6.65925575,9.07941178,-69.45530844,-10.1803701,-6.62052852,10.07402255,10.53709738,-13.5561596,-9.68577705,6.0615543,-3.89775201
16.755,42.55260424,-6.40878692,8.93802285,-68.48656948,-9.77660297,-6.55669333,9.68648977,10.46846982,-13.53715459,-9.45837191,6.1634809,-3.74972627
16.76,42.83007509,-6.2486845,8.67111274,-67.45004257,-9.34584145,-6.2655184,9.23548991,10.39262226,-13.4331381,-9.24302225,6.43006191,-3.40859513
16.765,43.12181765,-6.06899416,8.45888193,-66.35470637,-8.92551827,-6.09445105,8.81101474,10.32567837,-13.36877102,-8.99965599,6.5894376,-3.17978363
16.77,43.39039812,-5.91228557,8.23826807,-65.19866497,-8.53075475,-5.92944311,8.38565914,10.26841295,-13.28210735,-8.74296304,6.7349612,-2.98838832
16.775,43.63177614,-5.77098336,8.00827449,-63.98296367,-8.14278917,-5.76740519,7.95525345,10.21214182,-13.17973761,-8.47083435,6.86769941,-2.81827927
16.78,43.85055808,-5.64632721,7.77277444,-62.70881474,-7.76972766,-5.6181403,7.52323186,10.16159065,-13.06181786,-8.18368726,6.98618461,-2.67581194
16.785,44.04472259,-5.53765334,7.53359776,-61.37745905,-7.410898,-5.48047979,7.08720921,10.11676688,-12.93254801,-7.88121398,7.08898457,-2.55779604
16.79,44.21217171,-5.44327837,7.28702525,-59.98918208,-7.06503339,-5.35233541,6.64642106,10.07499006,-12.78473406,-7.56439952,7.18168564,-2.4643021
16.795,44.38064296,-5.36619536,7.03728452,-58.54753593,-6.72809349,-5.2707936,6.22563584,10.04252364,-12.65484244,-7.23340588,7.23816275,-2.4049207
16.8,44.50016313,-5.29926094,6.77844138,-57.04795364,-6.41610138,-5.16638464,5.78067332,10.00756386,-12.47198756,-6.89025953,7.31555987,-2.36370799
16.805,44.63917414,-5.22013791,6.56397198,-55.50051599,-6.09659094,-5.11966745,5.3734149,9.9808575,-12.29719175,-6.53468699,7.33174977,-2.32878239
16.81,44.66793675,-5.19613136,6.24088475,-53.8908087,-5.82600105,-4.99712682,4.88906678,9.93819284,-12.07012032,-6.17459388,7.43346464,-2.36042582
16.815,44.70127752,-5.15382122,5.98320877,-52.2343016,-5.55283785,-4.91750804,4.42791539,9.90840725,-11.82431178,-5.8025159,7.47622772,-2.40544766
16.82,44.73430959,-5.1272262,5.71038347,-50.53241582,-5.28499667,-4.85897923,3.98966888,9.88156537,-11.60023121,-5.42554331,7.50742169,-2.46827528
16.825,44.79692994,-5.09752806,5.48437071,-48.79200707,-4.99408353,-4.83824395,3.60013861,9.8711607,-11.4099188,-5.04505107,7.49541615,-2.49333637
16.83,44.71585167,-5.10521028,5.14475591,-46.99001339,-4.78387219,-4.72918635,3.10788138,9.82720459,-11.11335645,-4.66611289,7.57534625,-2.65376928
16.835,44.66433243,-5.10241218,4.88053459,-45.15877008,-4.54113181,-4.65110907,2.66375357,9.80641874,-10.8410617,-4.28680752,7.59257312,-2.78624968
16.84,44.59238959,-5.11107758,4.60420782,-43.2930484,-4.30427306,-4.5590352,2.22628525,9.78417015,-10.57173331,-3.91212524,7.61628244,-2.92764571
16.845,44.49102973,-5.12898327,4.33074698,-41.39626302,-4.07167786,-4.44562348,1.78811387,9.76397015,-10.29390946,-3.54609907,7.64123394,-3.08208337
16.85,44.36843628,-5.15782308,4.06502796,-39.47821311,-3.84031084,-4.31100396,1.35430754,9.750804,-10.01725756,-3.19014171,7.66783149,-3.24032
16.855,44.2196419,-5.19955652,3.80123141,-37.54568348,-3.60984839,-4.14572181,0.91941972,9.74243713,-9.73845571,-2.84589166,7.69974624,-3.40664521
16.86,44.04567456,-5.26399014,3.53546201,-35.61450023,-3.37418009,-3.9476406,0.47319835,9.74999151,-9.46541216,-2.50338461,7.73183313,-3.58464558
16.865,43.92948393,-5.31487729,3.32894788,-33.68987187,-3.12275634,-3.80035112,0.11011606,9.76739912,-9.25426806,-2.19268261,7.76088229,-3.67154399
16.87,43.63870226,-5.41983191,3.06035038,-31.7703325,-2.91654252,-3.44525877,-0.40212503,9.78422139,-8.91568776,-1.89506561,7.84166343,-3.9092062
16.875,43.42689957,-5.50793042,2.85744472,-29.87565012,-2.69267313,-3.15821309,-0.81016621,9.80930318,-8.65471964,-1.63911668,7.91225602,-4.05776269
16.88,43.179084,-5.62219108,2.65018262,-28.02265918,-2.4633832,-2.82312777,-1.24868994,9.85151954,-8.3923939,-1.39278448,7.99338769,-4.20587477
16.885,42.97418682,-5.74345567,2.46193454,-26.22551914,-2.2349904,-2.54224583,-1.64771513,9.90916984,-8.15926461,-1.15142084,8.0830939,-4.2990545
16.89,42.69294595,-5.88999381,2.27822015,-24.48138052,-2.0304047,-2.14089417,-2.10055849,9.97202177,-7.896712,-0.95370075,8.21604474,-4.42480068
16.895,42.39855744,-6.05128779,2.14699573,-22.80999397,-1.78988337,-1.71121238,-2.55402741,10.05751127,-7.67000242,-0.79835346,8.31689103,-4.54490893
16.9,42.16435271,-6.22620157,2.0157607,-21.22883051,-1.59807048,-1.36779486,-2.95996969,10.15271955,-7.4303893,-0.64970534,8.47780539,-4.61288231
16.905,41.86197189,-6.39458308,1.91676862,-19.72913724,-1.35723049,-0.92028214,-3.42142703,10.24724912,-7.24633128,-0.53880926,8.59446044,-4.68678301
16.91,41.59716438,-6.57454369,1.82882248,-18.32763488,-1.15581487,-0.54387464,-3.83656787,10.34440656,-7.05566055,-0.47331681,8.76221965,-4.72978513
16.915,41.38245549,-6.78746431,1.78461503,-17.05239059,-0.99720639,-0.25891749,-4.21903902,10.47988336,-6.85001783,-0.43389245,8.96764244,-4.74521712
16.92,41.10465593,-6.96860742,1.72550031,-15.86739164,-0.79272188,0.09627997,-4.65037436,10.5724709,-6.68563851,-0.41835176,9.1506127,-4.74603627
16.925,40.83065672,-7.13019073,1.67621736,-14.7934747,-0.5782319,0.44807638,-5.07340491,10.64606287,-6.57264537,-0.43191313,9.30077965,-4.71804897
16.93,40.65637827,-7.33529974,1.68731338,-13.87519869,-0.43334743,0.6320104,-5.41879937,10.7754712,-6.42087858,-0.48976629,9.51593184,-4.70009168
16.935,40.41044195,-7.50897742,1.66157724,-13.06028745,-0.24400226,0.87220411,-5.82579907,10.85387212,-6.29962805,-0.56649619,9.71892442,-4.6438928
16.94,40.20668365,-7.66786583,1.66071279,-12.37165281,-0.07885843,1.05210831,-6.19447694,10.92405051,-6.1967006,-0.66933698,9.90819176,-4.57691652
16.945,39.95376617,-7.78148903,1.63654708,-11.79005543,0.0943676,1.25461295,-6.60414293,10.9401678,-6.14379861,-0.78989965,10.073788,-4.44663268
16.95,39.76989627,-7.90913513,1.64716255,-11.35160959,0.24301238,1.34046187,-6.95738268,10.97729764,-6.07612423,-0.94655412,10.26317069,-4.34344782
16.955,39.59389551,-8.01796408,1.65022486,-11.03105972,0.37042754,1.38363867,-7.30519415,10.99359952,-6.01664937,-1.12308303,10.44000105,-4.22327171
16.96,39.42838022,-8.10660617,1.65158563,-10.82627963,0.48258589,1.38092061,-7.64497862,10.98806128,-5.97095233,-1.3187504,10.60476795,-4.08957097
16.965,39.2948596,-8.18214854,1.65926171,-10.72844145,0.58025418,1.3312936,-7.95896485,10.97215264,-5.91599229,-1.52299769,10.75427286,-3.97066385
16.97,39.13666828,-8.21844729,1.63758107,-10.74455611,0.64172741,1.24151886,-8.29044931,10.91070594,-5.91442389,-1.76328377,10.87834042,-3.79712517
16.975,39.00406743,-8.23520536,1.62039036,-10.8553805,0.68082206,1.11090988,-8.60418243,10.83010751,-5.90511608,-2.00089841,10.98629397,-3.61972619
16.98,38.88782105,-8.22983815,1.60085739,-11.06369045,0.70007473,0.94076408,-8.90587506,10.73199186,-5.90099263,-2.25052849,11.06903184,-3.45490579
16.985,38.77767499,-8.1996725,1.57055228,-11.35334253,0.68716811,0.73328482,-9.19911796,10.60344971,-5.90423517,-2.50994881,11.12174907,-3.27354607
16.99,38.67739699,-8.14296435,1.53410897,-11.71558775,0.6413787,0.49814043,-9.48290887,10.45118003,-5.91416756,-2.77474997,11.13915305,-3.08537473
16.995,38.58092467,-8.0600345,1.49387863,-12.14219427,0.55721327,0.23295527,-9.75719245,10.27136718,-5.93706656,-3.05060183,11.1210429,-2.88347875
17,38.52200569,-7.96563305,1.44138064,-12.63365063,0.49586582,-0.01442822,-9.99422315,10.072325,-5.92847406,-3.32997854,11.01786533,-2.70601752
17.005,38.40373887,-7.82002332,1.39099099,-13.15643441,0.28866526,-0.36906259,-10.28092867,9.83788979,-5.99733579,-3.61277694,10.9672659,-2.46685212
17.01,38.35093405,-7.66985184,1.3317788,-13.7263654,0.16135727,-0.63705326,-10.49626658,9.58523153,-6.01767049,-3.90077657,10.77056008,-2.26618084
17.015,38.25497054,-7.47925878,1.26647811,-14.3067746,-0.06847242,-0.99158734,-10.73559246,9.29499866,-6.07561401,-4.19630531,10.5823228,-2.03007803
17.02,38.13485914,-7.26755356,1.21254189,-14.90606604,-0.35615021,-1.41251645,-10.98170906,8.9926025,-6.15702022,-4.51822091,10.42962941,-1.75980737
17.025,38.03708385,-7.03081897,1.14551184,-15.50830322,-0.62762343,-1.78094234,-11.18830571,8.65621778,-6.23347466,-4.83640035,10.15912868,-1.5028622
17.03,37.97890908,-6.79075679,1.08425333,-16.12155062,-0.82530997,-2.03068882,-11.34608044,8.31716738,-6.27991721,-5.15482999,9.75234244,-1.28035575
17.035,37.79811335,-6.48634607,1.00974178,-16.6774622,-1.22608905,-2.56064436,-11.55769851,7.90488853,-6.39856637,-5.52843973,9.46804502,-0.96317926
17.04,37.66910019,-6.17264368,0.93758208,-17.23366059,-1.5403698,-2.93285561,-11.70850808,7.48999579,-6.51219472,-5.89801259,9.03920436,-0.68265496
17.045,37.51194345,-5.83758691,0.86892572,-17.7545854,-1.85972915,-3.33373434,-11.84431446,7.04760406,-6.62642839,-6.29852744,8.56115028,-0.3844896
17.05,37.34255683,-5.47866319,0.79983778,-18.24080418,-2.17704763,-3.71347036,-11.95294625,6.58069685,-6.75395801,-6.72351655,8.03012668,-0.0937825
17.055,37.14505771,-5.09867794,0.73054532,-18.68503184,-2.48925469,-4.11731626,-12.04332535,6.08893602,-6.89124645,-7.18369892,7.44608361,0.21531435
17.06,36.93276456,-4.69721427,0.66481227,-19.08372356,-2.78509153,-4.48928814,-12.09885204,5.57440435,-7.04232635,-7.67968122,6.80515831,0.50890682
17.065,36.68825469,-4.28103133,0.5954796,-19.43705802,-3.06322844,-4.88824626,-12.13450658,5.03806029,-7.20208806,-8.21839425,6.10935913,0.81578957
17.07,36.4272432,-3.85024161,0.5314522,-19.7421296,-3.31134933,-5.25748673,-12.13361969,4.48850614,-7.3692302,-8.80163364,5.35305719,1.10509134
17.075,36.14102578,-3.40207798,0.4713433,-19.9947372,-3.53563943,-5.61115931,-12.0971797,3.91679661,-7.54753322,-9.43545009,4.5405636,1.37427917
17.08,35.82072763,-2.94738359,0.40845394,-20.19926365,-3.73088589,-5.98245724,-12.03481257,3.33167005,-7.72850527,-10.12325213,3.67221483,1.63682866
17.085,35.46119997,-2.49627005,0.34458703,-20.35558583,-3.87845588,-6.38811915,-11.94811119,2.73981887,-7.89913878,-10.86894461,2.74219172,1.89671644
17.09,35.10899492,-2.02481086,0.29751868,-20.46232168,-4.00602553,-6.6736756,-11.7934613,2.13844449,-8.1010669,-11.6726173,1.75820791,2.07835054
17.095,34.70977575,-1.55877229,0.24311277,-20.52112756,-4.09321455,-7.00314985,-11.6168933,1.52811791,-8.28931849,-12.53840218,0.71269591,2.24109979
17.1,34.27615134,-1.09661411,0.19100741,-20.52969062,-4.14269235,-7.33820501,-11.40389009,0.91408268,-8.47025079,-13.47053815,-0.38943348,2.36391454
17.105,33.82835207,-0.6426097,0.14036542,-20.50947007,-4.15409546,-7.64056229,-11.14443358,0.30460761,-8.66049065,-14.46813978,-1.54695768,2.43654994
17.11,33.33836187,-0.19152725,0.0944722,-20.43917973,-4.13837568,-7.95779213,-10.85289704,-0.31135776,-8.81979527,-15.52899629,-2.75988755,2.44806297
17.115,32.82630153,0.24270108,0.04773757,-20.33203887,-4.08321224,-8.25522626,-10.51442867,-0.91737121,-8.98369364,-16.65847271,-4.0235553,2.39670261
17.12,32.28626482,0.66442605,-0.00041237,-20.18910485,-3.99980951,-8.54391336,-10.13383853,-1.51920374,-9.1342578,-17.85365598,-5.33796462,2.27082357
17.125,31.72108099,1.07098232,-0.05012023,-20.01302333,-3.88858623,-8.82146127,-9.70948104,-2.1141183,-9.27114969,-19.11369513,-6.69982503,2.06341424
17.13,31.13266386,1.45976835,-0.10237669,-19.80868402,-3.7497172,-9.08724918,-9.24038706,-2.69932434,-9.39197144,-20.43624308,-8.1064027,1.77001018
17.135,30.52272008,1.83047732,-0.15920341,-19.57858854,-3.59325851,-9.33787543,-8.72637918,-3.27482558,-9.49577555,-21.81862823,-9.54683767,1.378691
17.14,29.89513957,2.17727564,-0.21673525,-19.32653173,-3.40340618,-9.57549385,-8.16530669,-3.83368916,-9.57969426,-23.25934582,-11.01450847,0.90129883
17.145,29.25187543,2.50733438,-0.28343359,-19.05403928,-3.20421987,-9.79242624,-7.55750817,-4.38429272,-9.6502633,-24.75297605,-12.50329992,0.32761022
17.15,28.59610565,2.81363162,-0.35531612,-18.76840557,-2.97869711,-9.9967861,-6.90349322,-4.91820837,-9.69670545,-26.29817788,-14.00063115,-0.33606991
17.155,27.92758114,3.10310116,-0.43609278,-18.46270963,-2.74999688,-10.17777973,-6.20298264,-5.44186247,-9.72703682,-27.88870576,-15.49400617,-1.08879864
17.16,27.25434548,3.36744939,-0.52434632,-18.15711053,-2.49006075,-10.34843686,-5.45766,-5.94666955,-9.73658119,-29.52415713,-16.96983466,-1.91495557
17.165,26.57284959,3.61865778,-0.62249267,-17.83381564,-2.23178999,-10.49504678,-4.66761921,-6.44262093,-9.72151665,-31.19317106,-18.42116688,-2.8285259
17.17,25.89104089,3.84794644,-0.73921215,-17.51335763,-1.96741508,-10.62437057,-3.83467643,-6.92037107,-9.68101489,-32.89434159,-19.83804023,-3.83905768
17.175,25.21934528,4.04416134,-0.87115999,-17.22067009,-1.66937288,-10.74282195,-2.96307815,-7.36773561,-9.62873982,-34.62428198,-21.20801957,-4.90813278
17.18,24.53767873,4.25341583,-1.01399082,-16.88853416,-1.41490545,-10.82384501,-2.04774246,-7.82855645,-9.54475386,-36.37185916,-22.49407867,-6.01183628
17.185,23.86458254,4.43191303,-1.16640741,-16.57542417,-1.13167991,-10.89480864,-1.09789859,-8.25485434,-9.43651473,-38.1297775,-23.7225942,-7.17529884
17.19,23.19839903,4.57520283,-1.30643208,-16.26490734,-0.80509588,-10.94385469,-0.11588357,-8.63154208,-9.29660401,-39.88207806,-24.90069388,-8.39493626
17.195,22.53326701,4.75152162,-1.50116936,-15.94786197,-0.57627853,-10.96333338,0.90276485,-9.05207375,-9.14577949,-41.6565684,-25.89834031,-9.57238464
17.2,21.88117873,4.87319617,-1.67104751,-15.64492927,-0.24918979,-10.9741724,1.94548435,-9.39449647,-8.96120066,-43.39838687,-26.89157483,-10.82049096
17.205,21.23273661,5.00472385,-1.87066439,-15.34200384,0.02519342,-10.96089613,3.01385799,-9.74110051,-8.75563206,-45.13554101,-27.72651925,-12.03581647
17.21,20.58800461,5.14632335,-2.09416762,-15.04103892,0.24136066,-10.92771847,4.10271981,-10.09226131,-8.53808291,-46.8619568,-28.39295778,-13.19773765
17.215,19.95472717,5.25157993,-2.31041893,-14.75202836,0.5131284,-10.88340661,5.20996632,-10.38447716,-8.29206702,-48.54675287,-29.00739525,-14.38300073
17.22,19.32785206,5.34533153,-2.53222587,-14.4691093,0.77955955,-10.81842897,6.32768899,-10.64798412,-8.03575436,-50.19386404,-29.49943417,-15.52539174
17.225,18.7149247,5.38865053,-2.75142275,-14.20652994,1.10852834,-10.73488678,7.45439918,-10.83481051,-7.75692492,-51.78597827,-29.92814855,-16.66868914
17.23,18.10065982,5.44989575,-2.98617118,-13.94017795,1.37185819,-10.63630779,8.58534226,-11.02625678,-7.47604064,-53.34112606,-30.18708464,-17.72017409
17.235,17.49396898,5.49605258,-3.22233099,-13.68361159,1.63464624,-10.52103114,9.71732879,-11.18221454,-7.19244443,-54.84015642,-30.33730162,-18.71926681
17.24,16.88405997,5.5582857,-3.45037196,-13.43101558,1.86037574,-10.40567702,10.83966662,-11.33844642,-6.92151018,-56.28741893,-30.35098492,-19.60761669
17.245,16.29433611,5.54209157,-3.69784278,-13.1910219,2.14979776,-10.25401674,11.96937428,-11.38389525,-6.62318735,-57.65264505,-30.32152899,-20.51367072
17.25,15.69991272,5.5394929,-3.92960152,-12.95962323,2.41581167,-10.10014972,13.07804422,-11.42844976,-6.35258605,-58.95500843,-30.16368224,-21.30280412
17.255,15.10830757,5.52177104,-4.16330384,-12.7319311,2.66964607,-9.94153837,14.17546771,-11.43726504,-6.08710191,-60.18427327,-29.91478973,-22.00792516
17.26,14.50487428,5.51673764,-4.36701608,-12.50048556,2.91388476,-9.81057157,15.24213653,-11.44370576,-5.85677898,-61.3390707,-29.55655454,-22.61212552
17.265,13.92819858,5.45546566,-4.59786861,-12.30091429,3.17501268,-9.63780635,16.30854507,-11.37186322,-5.6181218,-62.41166885,-29.15057092,-23.16771188
17.27,13.34871584,5.38877314,-4.81013952,-12.09949758,3.43531176,-9.45040783,17.349466,-11.27713851,-5.40531496,-63.39985898,-28.68583271,-23.63354616
17.275,12.77709387,5.29626512,-5.02845373,-11.91142529,3.70234441,-9.24450566,18.36958428,-11.14084469,-5.20998505,-64.30096567,-28.1580138,-24.01200795
17.28,12.20909045,5.18567905,-5.2285568,-11.74116292,3.96735581,-9.04749464,19.35888989,-10.975628,-5.04749008,-65.11565732,-27.57258268,-24.3038578
17.285,11.63971853,5.05279547,-5.4403095,-11.55487845,4.24462707,-8.81385438,20.32468574,-10.77673825,-4.90855659,-65.83223387,-26.94405385,-24.48462034
17.29,11.07564403,4.91021115,-5.62583346,-11.39344768,4.51746632,-8.60283534,21.25519533,-10.55969411,-4.80506043,-66.46262846,-26.27488628,-24.59639191
17.295,10.50738113,4.7316497,-5.7510425,-11.23819825,4.70541946,-8.57816144,22.13210164,-10.299073,-4.76543911,-66.98175396,-25.69433318,-24.79885116
17.3,9.96608997,4.57116324,-5.97123902,-11.10106493,5.06789548,-8.17287292,23.02680613,-10.05309472,-4.68743108,-67.44410435,-24.86404139,-24.57258229
17.305,9.41634601,4.37538703,-6.12595784,-10.97214287,5.34213093,-7.95631516,23.85825867,-9.76937938,-4.68011396,-67.79270521,-24.14103137,-24.45294812
17.31,8.87509224,4.16881276,-6.27399581,-10.85091524,5.61766674,-7.74312747,24.66195867,-9.47327972,-4.69955283,-68.04843523,-23.41504894,-24.27291638
17.315,8.3403411,3.95095264,-6.41113979,-10.73991096,5.89498427,-7.52813228,25.43284914,-9.16659931,-4.7485686,-68.2111966,-22.69022168,-24.03460537
17.32,7.81538131,3.71864068,-6.53354813,-10.64193057,6.17230882,-7.32268072,26.17052601,-8.8476743,-4.82905599,-68.27838711,-21.97715422,-23.76018875
17.325,7.29637968,3.47949868,-6.65331854,-10.5517446,6.45259957,-7.10760048,26.87537278,-8.52516323,-4.93324542,-68.25356931,-21.2668896,-23.42914787
17.33,6.78557445,3.23320721,-6.75957977,-10.47297905,6.73079355,-6.89956154,27.54761045,-8.19954786,-5.06147529,-68.1370696,-20.57727602,-23.0732582
17.335,6.28342357,2.97658399,-6.85544288,-10.40484951,7.00910652,-6.69313861,28.18640633,-7.86867196,-5.21313102,-67.92875189,-19.90454734,-22.69146024
17.34,5.78973763,2.71483764,-6.94282125,-10.34461752,7.28702109,-6.4897222,28.79165833,-7.53805675,-5.3873327,-67.62692457,-19.25206374,-22.2918627
17.345,5.30683602,2.44826245,-7.01930764,-10.29345767,7.56028948,-6.29552055,29.36498716,-7.20847781,-5.57893889,-67.23174909,-18.62864136,-21.89162789
17.35,4.83054896,2.17664675,-7.0867214,-10.25079014,7.83321513,-6.09944164,29.90350816,-6.87961096,-5.78688968,-66.74721657,-18.02259412,-21.47927767
17.355,4.35950468,1.90518597,-7.15183846,-10.21227103,8.10444413,-5.90244589,30.40756284,-6.55607799,-6.00486202,-66.17308559,-17.43298976,-21.06401314
17.36,3.87856174,1.65518456,-7.22565662,-10.17565429,8.3772231,-5.67459558,30.87270885,-6.25118143,-6.20831881,-65.52298612,-16.83065283,-20.62415859
17.365,3.44305238,1.36632925,-7.2546577,-10.14944699,8.62397965,-5.53265563,31.32303651,-5.92703151,-6.46678199,-64.76195499,-16.34766744,-20.28171784
17.37,2.97173216,1.10907213,-7.30784076,-10.12112925,8.89057874,-5.3099946,31.71327123,-5.62530563,-6.68931264,-63.93008523,-15.78852128,-19.87227814
17.375,2.52731563,0.83989751,-7.34110011,-10.09551022,9.13546982,-5.13256161,32.08447795,-5.3209852,-6.93240888,-63.00261412,-15.30105067,-19.52501235
17.38,2.10726025,0.56407723,-7.35872353,-10.06863056,9.35781692,-4.99539345,32.4370515,-5.01955314,-7.19247571,-61.98171177,-14.8756831,-19.22752443
17.385,1.6698181,0.30559421,-7.38727118,-10.04130007,9.58391444,-4.82269617,32.73937319,-4.72994214,-7.43130898,-60.88253868,-14.42274299,-18.92403653
17.39,1.2430939,0.04954373,-7.40607364,-10.00942552,9.7955349,-4.66219989,33.01541243,-4.44373839,-7.66505841,-59.69601316,-14.0008899,-18.65060944
17.395,0.81468922,-0.19733243,-7.4303213,-9.9706881,9.99859066,-4.49863754,33.25452098,-4.16696562,-7.8897961,-58.42535145,-13.58758315,-18.39966709
17.4,0.36485004,-0.42864816,-7.46704771,-9.92364895,10.20346727,-4.29999346,33.44186964,-3.89937517,-8.08973487,-57.07548216,-13.15605283,-18.15891633
17.405,-0.01833541,-0.66872932,-7.47050054,-9.87734922,10.35440883,-4.19052447,33.65211028,-3.62005936,-8.28547025,-55.63269044,-12.81078179,-17.98766924
17.41,-0.45379537,-0.89327808,-7.50763969,-9.81076488,10.53226431,-4.02117596,33.77373425,-3.37624571,-8.50204238,-54.10521068,-12.43659241,-17.79397019
17.415,-0.87391903,-1.10655584,-7.53970754,-9.73888486,10.68371656,-3.86174599,33.8795857,-3.12663557,-8.67851627,-52.49751588,-12.07689936,-17.63268679
17.42,-1.32052436,-1.30281375,-7.5912429,-9.65523654,10.84096752,-3.66574581,33.92633126,-2.8880059,-8.8286092,-50.81018014,-11.69412824,-17.48369266
17.425,-1.73956019,-1.49483515,-7.6403944,-9.56014123,10.96546968,-3.49906963,33.96218996,-2.65581973,-8.97540176,-49.03580971,-11.35031019,-17.35226619
17.43,-2.12721938,-1.68160397,-7.68079644,-9.45660373,11.06503415,-3.37173068,33.98829141,-2.4319885,-9.11919763,-47.17577377,-11.04284822,-17.23099608
17.435,-2.54347708,-1.85132419,-7.73850316,-9.34126709,11.16355318,-3.20521049,33.95008079,-2.21945975,-9.2355326,-45.23542172,-10.70992774,-17.10745516
17.44,-2.96483048,-2.00874205,-7.80640841,-9.21188929,11.25650273,-3.02611803,33.87154811,-2.01959523,-9.34084352,-43.21691352,-10.38262969,-16.97580866
17.445,-3.38007073,-2.1462249,-7.88103116,-9.07440688,11.33494621,-2.84574198,33.76148388,-1.83579182,-9.42478885,-41.12340873,-10.06372456,-16.83657999
17.45,-3.79742205,-2.27060894,-7.96556894,-8.92526846,11.4030348,-2.65555965,33.60961312,-1.66715511,-9.49436272,-38.95180565,-9.7453374,-16.67925779
17.455,-4.21439453,-2.36996136,-8.05963897,-8.76742554,11.46183039,-2.45772225,33.42314638,-1.5221492,-9.54454888,-36.71664014,-9.42902679,-16.50019768
17.46,-4.62333966,-2.45641788,-8.14866764,-8.61379951,11.50366647,-2.25050079,33.20101911,-1.39028772,-9.57241396,-34.4148472,-9.12530536,-16.28494374
17.465,-5.05881188,-2.50057929,-8.25948208,-8.42852333,11.56262996,-2.02175581,32.92957254,-1.30838514,-9.59854103,-32.06552611,-8.81756489,-16.02755303
17.47,-5.45019163,-2.52981737,-8.35505281,-8.27283809,11.57585843,-1.80443168,32.65509971,-1.23524895,-9.57572286,-29.66688188,-8.53760521,-15.74475119
17.475,-5.88988264,-2.52351802,-8.471268,-8.08063685,11.62098263,-1.54763865,32.31496942,-1.21473318,-9.5749406,-27.23756143,-8.2479752,-15.38993345
17.48,-6.31754505,-2.48388347,-8.57942109,-7.89861027,11.65641598,-1.28143511,31.95593787,-1.22988486,-9.54286474,-24.78612772,-7.97758536,-14.9870258
17.485,-6.73788064,-2.41067581,-8.68745221,-7.71948821,11.68075335,-1.00760129,31.58254878,-1.28401575,-9.48717268,-22.330583,-7.72308676,-14.54237487
17.49,-7.16207801,-2.30268907,-8.79833508,-7.53532801,11.70708706,-0.71945366,31.19228023,-1.38085554,-9.41793672,-19.88615009,-7.48048688,-14.04682923
17.495,-7.57921248,-2.16565253,-8.90500667,-7.36467535,11.71630031,-0.41431652,30.79135923,-1.51597071,-9.32277694,-17.46547809,-7.2647509,-13.50785269
17.5,-7.99606616,-1.98851716,-9.00674315,-7.19470478,11.73327891,-0.09542679,30.38771822,-1.70205754,-9.21355983,-15.09410594,-7.08912902,-12.91568098
17.505,-8.40531137,-1.77873776,-9.09408406,-7.04101412,11.7463676,0.2355525,29.98837038,-1.93107187,-9.07744104,-12.79475863,-6.93176804,-12.29514923
17.51,-8.8001114,-1.53942762,-9.17517802,-6.91103951,11.73947572,0.58125576,29.60496436,-2.20084755,-8.8995104,-10.59189881,-6.78752885,-11.65753644
17.515,-9.18900443,-1.27612461,-9.24469549,-6.79443285,11.74824023,0.93888416,29.23991525,-2.50924989,-8.71199133,-8.50570461,-6.6622537,-10.98654643
17.52,-9.56361108,-0.99861082,-9.30602105,-6.69829849,11.75584865,1.30478176,28.90449088,-2.84643262,-8.50026208,-6.55445038,-6.54430616,-10.3121938
17.525,-9.91990918,-0.71515805,-9.35545962,-6.63172011,11.75492652,1.6778807,28.60326928,-3.2001206,-8.26467136,-4.74690836,-6.44506393,-9.65000995
17.53,-10.26767995,-0.43862569,-9.40668922,-6.58801994,11.75810503,2.07211201,28.32922652,-3.56555424,-8.0253338,-3.09290573,-6.34690904,-8.98184026
17.535,-10.58484989,-0.17470024,-9.43228718,-6.58519817,11.73799602,2.45106846,28.10001896,-3.92366785,-7.74459966,-1.59391823,-6.28471378,-8.38710162
17.54,-10.89200694,0.06586127,-9.46421471,-6.60951901,11.71678807,2.85069403,27.89959447,-4.27558067,-7.45875533,-0.26005768,-6.22121541,-7.80860638
17.545,-11.18000805,0.27379287,-9.48755446,-6.67097918,11.68225355,3.25549601,27.73466476,-4.60222958,-7.1637974,0.91035508,-6.17354761,-7.27860945
17.55,-11.45256808,0.44300349,-9.51265973,-6.76686043,11.63874975,3.67582297,27.60196077,-4.89724754,-6.86789664,1.91437327,-6.13338135,-6.79123129
17.555,-11.70901654,0.56655347,-9.53995765,-6.89508639,11.58822522,4.09774853,27.49985488,-5.15296947,-6.58225286,2.75601569,-6.11467527,-6.36370313
17.56,-11.93744762,0.64395985,-9.54809271,-7.07905248,11.48555944,4.49356823,27.43476349,-5.36515256,-6.25218528,3.42418924,-6.11946515,-6.02559662
17.565,-12.14749942,0.67622326,-9.55151699,-7.29906422,11.35616537,4.84115279,27.39588273,-5.53416966,-5.96372388,3.94092988,-6.17796321,-5.76449749
17.57,-12.35384254,0.63991029,-9.60273323,-7.54043293,11.25220237,5.33241014,27.39319418,-5.62270959,-5.63647452,4.27663219,-6.16033948,-5.51652215
17.575,-12.53285529,0.55973213,-9.57208772,-7.83285319,11.03388877,5.60279157,27.41067493,-5.67872322,-5.35980003,4.46408476,-6.26821683,-5.36864364
17.58,-12.70442085,0.42113584,-9.62934489,-8.14458086,10.81502793,6.05147684,27.45839026,-5.64564097,-5.05395574,4.5140778,-6.31679246,-5.26539519
17.585,-12.85714302,0.21034047,-9.71334762,-8.53720517,10.65725784,6.53755743,27.5285943,-5.54178453,-4.76113857,4.38542326,-6.40476925,-5.24566144
17.59,-12.99783111,-0.04392305,-9.72536848,-8.93193603,10.31233411,6.7948348,27.63124942,-5.38519163,-4.51689668,4.1110398,-6.50214836,-5.24275044
17.595,-13.12416616,-0.35195042,-9.82609566,-9.39195573,10.0465226,7.26484005,27.74587777,-5.15419796,-4.24121668,3.71841249,-6.67346189,-5.36432778
17.6,-13.23570388,-0.70212744,-9.86281698,-9.8674379,9.61028388,7.47267681,27.89553139,-4.8756416,-4.03542033,3.16938487,-6.76907396,-5.43047646
17.605,-13.33840744,-1.1113819,-9.99323032,-10.403415,9.23747241,7.9026657,28.04796674,-4.51689875,-3.80458756,2.52858661,-7.01619584,-5.67244206
17.61,-13.42336001,-1.54432511,-10.0544784,-10.95485528,8.70222209,8.08566305,28.23291728,-4.12459826,-3.63513055,1.75707172,-7.12828402,-5.79767361
17.615,-13.492397,-2.02859491,-10.16143948,-11.54868825,8.12823356,8.30522296,28.42784638,-3.67483904,-3.49098861,0.8957133,-7.30843069,-5.98309439
17.62,-13.56326836,-2.55572285,-10.33543505,-12.20531669,7.59421756,8.65882447,28.6047268,-3.16077339,-3.32930051,-0.02451158,-7.66027815,-6.36911451
17.625,-13.60375683,-3.08023787,-10.44816351,-12.87604456,6.8800513,8.77629944,28.82116698,-2.64742865,-3.22603326,-1.05504519,-7.75993314,-6.5501261
17.63,-13.64369907,-3.6728162,-10.63525697,-13.60048394,6.17707674,8.99292347,29.00145035,-2.05625408,-3.14928487,-2.08869734,-8.13817472,-6.94526309
17.635,-13.65989945,-4.26241785,-10.799464,-14.36173282,5.36306455,9.10770645,29.1891165,-1.46253927,-3.0759628,-3.17960824,-8.36454763,-7.27384152
17.64,-13.64253959,-4.85547888,-10.96096596,-15.15243802,4.45528281,9.14564319,29.39326326,-0.87325853,-3.07047529,-4.31903112,-8.47451711,-7.47245319
17.645,-13.62345656,-5.50478254,-11.15251553,-16.00542218,3.51935914,9.15275197,29.5303659,-0.22938631,-3.07532962,-5.40435338,-8.82409296,-7.86045543
17.65,-13.56110605,-6.13049752,-11.35559681,-16.88697421,2.47538775,9.11304215,29.6904379,0.38502195,-3.13229156,-6.52683825,-8.96978082,-8.10593098
17.655,-13.47899519,-6.79938498,-11.5385582,-17.81715401,1.36260923,8.98217843,29.79546273,1.03128346,-3.19522413,-7.58734979,-9.19647509,-8.41011551
17.66,-13.35925318,-7.46717879,-11.7276926,-18.79773754,0.17251392,8.8022355,29.88355843,1.66721118,-3.28282191,-8.62494786,-9.34313639,-8.68269444
17.665,-13.20158054,-8.15587528,-11.89761327,-19.83163428,-1.09400901,8.52763151,29.927709,2.30064076,-3.37790459,-9.60192885,-9.46629838,-8.95549656
17.67,-12.99853799,-8.84707304,-12.0928772,-20.9056727,-2.43570754,8.22164969,29.95651495,2.92215467,-3.5287766,-10.53731561,-9.53182258,-9.17589474
17.675,-12.7490089,-9.56034692,-12.22252355,-22.04366958,-3.8492816,7.77269119,29.92921309,3.54054107,-3.66667605,-11.38577343,-9.57754873,-9.39929113
17.68,-12.44224213,-10.28102971,-12.37748474,-23.23686962,-5.32878772,7.29737553,29.87955718,4.14324565,-3.84884686,-12.17303866,-9.56696656,-9.58127908
17.685,-12.08445135,-11.01505974,-12.4757324,-24.47390037,-6.86999255,6.71480858,29.79276682,4.73660703,-4.03228602,-12.89207992,-9.5068931,-9.74604694
17.69,-11.6581084,-11.74663399,-12.52187008,-25.78192219,-8.4636283,5.97566482,29.6687319,5.29511853,-4.24021239,-13.53734997,-9.34432009,-9.91220653
17.695,-11.16507796,-12.49831298,-12.56163533,-27.14053543,-10.10048241,5.23974697,29.51977383,5.85223103,-4.45944495,-14.10270567,-9.17180224,-10.01931371
17.7,-10.60559612,-13.26688331,-12.57147342,-28.55268391,-11.76711747,4.48974705,29.33467608,6.40821643,-4.67224739,-14.57503866,-8.97884002,-10.09247185
17.705,-9.97880123,-14.03646308,-12.53410757,-30.01513774,-13.4568337,3.65694659,29.12424383,6.93972311,-4.90639427,-14.98856859,-8.72203842,-10.15701771
17.71,-9.27055624,-14.77979251,-12.40734323,-31.53167813,-15.1460297,2.6967529,28.90118453,7.42394924,-5.16222754,-15.36115152,-8.34540795,-10.21425181
17.715,-8.49686806,-15.55259122,-12.2533649,-33.09361008,-16.82268573,1.79415311,28.63489845,7.92697361,-5.39362053,-15.62106829,-8.01043411,-10.23707523
17.72,-7.64399891,-16.29479557,-12.02300349,-34.70091618,-18.47384205,0.81216389,28.3655233,8.38347679,-5.65799457,-15.85932917,-7.59075391,-10.25544229
17.725,-6.72278638,-17.0321936,-11.73899367,-36.34529473,-20.08106449,-0.1403864,28.07077709,8.83269787,-5.90966528,-16.02565419,-7.15823935,-10.25725941
17.73,-5.73438407,-17.7565241,-11.38320459,-38.02388517,-21.61985919,-1.08978736,27.75121447,9.26706229,-6.16214484,-16.13133326,-6.71163692,-10.25742345
17.735,-4.6715368,-18.44380302,-10.95211592,-39.7266715,-23.09702576,-2.01584357,27.41900817,9.67668168,-6.3998037,-16.18002381,-6.23556239,-10.23994012
17.74,-3.54857598,-19.10157897,-10.45591401,-41.45203755,-24.47883889,-2.90729998,27.07097136,10.06699841,-6.64299569,-16.18989475,-5.75143809,-10.22447906
17.745,-2.36727514,-19.7163669,-9.8920692,-43.18912401,-25.76114541,-3.7496799,26.70790747,10.435599,-6.87622543,-16.15661944,-5.25827075,-10.20576472
17.75,-1.15632699,-20.3139923,-9.29735297,-44.93046234,-26.95087962,-4.50040765,26.31656536,10.80939384,-7.11046578,-16.08429623,-4.81995354,-10.19380159
17.755,0.14367138,-20.793757,-8.57819673,-46.67146415,-27.98468443,-5.25316402,25.93597982,11.1068919,-7.31620046,-15.97872358,-4.27297293,-10.17252878
17.76,1.43412667,-21.27928597,-7.86715098,-48.40029322,-28.93182899,-5.87507729,25.50731699,11.43887691,-7.52802173,-15.83441862,-3.84862582,-10.16550655
17.765,2.80169169,-21.63424775,-7.05957362,-50.11434823,-29.70926845,-6.46805548,25.10049519,11.69145123,-7.71368416,-15.67482958,-3.3259867,-10.15062209
17.77,4.14180423,-21.98376517,-6.26598639,-51.80386328,-30.39875119,-6.94307415,24.63842902,11.97484365,-7.89889244,-15.47836826,-2.92226043,-10.15163221
17.775,5.52863049,-22.22759449,-5.4144283,-53.46680498,-30.93716248,-7.36549848,24.18786913,12.20497378,-8.07222451,-15.26999856,-2.47991266,-10.15244489
17.78,6.91997176,-22.39750386,-4.55148041,-55.09141656,-31.34207187,-7.70481689,23.72306734,12.41036698,-8.22897898,-15.04057053,-2.05667895,-10.14594132
17.785,8.30813916,-22.50320558,-3.68446288,-56.67548491,-31.62309096,-7.97006108,23.2429677,12.59746057,-8.37801834,-14.80082388,-1.66191237,-10.13945402
17.79,9.68483048,-22.53436271,-2.82298642,-58.21203472,-31.78054243,-8.1636174,22.74870419,12.75996925,-8.51325414,-14.5458364,-1.28670628,-10.13235212
17.795,11.04862355,-22.50010349,-1.97089541,-59.69136131,-31.818313,-8.29555603,22.23690768,12.90216839,-8.64101617,-14.26408098,-0.9333456,-10.12022926
17.8,12.39600906,-22.39156274,-1.14430055,-61.12665339,-31.74786696,-8.35556341,21.73358986,13.01239284,-8.76104281,-14.01502967,-0.59069178,-10.09476062
17.805,13.70876912,-22.23484184,-0.34706676,-62.49253075,-31.56468649,-8.3813438,21.19823904,13.11388233,-8.87291062,-13.72366742,-0.28056844,-10.0672897
17.81,14.99802261,-22.01366944,0.41593581,-63.79999479,-31.2891963,-8.35084232,20.66742956,13.18639644,-8.98040457,-13.4487969,0.02013743,-10.02493046
17.815,16.25417998,-21.74271765,1.13664672,-65.04212231,-30.92734018,-8.28087103,20.12978976,13.23934725,-9.08428755,-13.17519827,0.30468118,-9.96451946
17.82,17.47029534,-21.41921414,1.80961386,-66.20449513,-30.49997242,-8.1722887,19.57536374,13.26818741,-9.18136135,-12.87886066,0.58521589,-9.88540257
17.825,18.64522508,-21.065301,2.4307382,-67.31027272,-29.98012391,-8.07132036,19.02605357,13.28603579,-9.27805477,-12.62349789,0.83775267,-9.79869831
17.83,19.79323108,-20.67167351,3.00901248,-68.3246902,-29.41611865,-7.91303687,18.46072564,13.28374236,-9.37991222,-12.31400253,1.09931669,-9.67297414
17.835,20.88597878,-20.24875679,3.52077871,-69.26817067,-28.80168668,-7.77910666,17.88968718,13.26387804,-9.47123569,-12.03037965,1.34678255,-9.53950694
17.84,21.93765726,-19.80093644,3.97687169,-70.13383232,-28.14948619,-7.64671132,17.31362732,13.22750346,-9.56226369,-11.74823265,1.58924751,-9.38752866
17.845,22.95115059,-19.33366323,4.38145647,-70.92029904,-27.46666919,-7.5096087,16.73602186,13.17646144,-9.65773305,-11.46895166,1.83282908,-9.2053137
17.85,23.91787377,-18.85169551,4.72400681,-71.62587596,-26.76790357,-7.3980687,16.15091984,13.10986935,-9.74880083,-11.19194623,2.07386724,-9.00793746
17.855,24.84196011,-18.35763071,5.01032285,-72.25005473,-26.0575503,-7.30754371,15.56158184,13.02983417,-9.8349243,-10.9173717,2.31489393,-8.79045733
17.86,25.72134525,-17.85604191,5.23730959,-72.79152825,-25.34568423,-7.2580503,14.96647292,12.93538623,-9.9127613,-10.6453273,2.55204459,-8.56847998
17.865,26.56417937,-17.3440631,5.43149533,-73.2550427,-24.65534432,-7.1826928,14.36796893,12.82549819,-10.02275306,-10.3800527,2.81487499,-8.28472418
17.87,27.35983089,-16.83721004,5.55208498,-73.63389528,-23.95494444,-7.19076607,13.76357042,12.70655932,-10.09596995,-10.11356485,3.06112101,-8.02175061
17.875,28.11754725,-16.341723,5.60236081,-73.93084254,-23.25233444,-7.27231036,13.16188632,12.58231069,-10.12806676,-9.84653267,3.28303427,-7.79778063
17.88,28.85493762,-15.8228934,5.64744674,-74.15444521,-22.62050786,-7.40159806,12.573161,12.4364918,-10.1810085,-9.6008417,3.46457768,-7.65526832
17.885,29.51509143,-15.34928809,5.59078133,-74.28565903,-21.91647479,-7.43945019,11.94237691,12.29111758,-10.22016533,-9.32802808,3.7734172,-7.25676877
17.89,30.19656413,-14.84475528,5.56813296,-74.35479125,-21.31466253,-7.6107699,11.35968769,12.13400691,-10.2711965,-9.08289951,3.94844621,-7.10963901
17.895,30.76711394,-14.3844432,5.41290348,-74.32589075,-20.66800412,-7.72379096,10.71440849,11.96152289,-10.28106696,-8.82132025,4.26680332,-6.70053302
17.9,31.34403413,-13.91506061,5.27433905,-74.23111092,-20.0683419,-7.90252945,10.0990356,11.78578985,-10.30457972,-8.56984998,4.51204369,-6.41553836
17.905,31.88873659,-13.45834253,5.09641583,-74.05906438,-19.4829779,-8.0925828,9.48577392,11.60361796,-10.30480118,-8.32077546,4.75096372,-6.1537968
17.91,32.40113754,-13.01157936,4.89079961,-73.8125188,-18.90719648,-8.29166417,8.87387466,11.41447325,-10.28690266,-8.07677387,4.98538062,-5.89960653
17.915,32.87505123,-12.58023459,4.64975764,-73.48962537,-18.34814825,-8.490868,8.25313985,11.21864798,-10.27173455,-7.82937877,5.22546159,-5.64034768
17.92,33.41325273,-12.15679362,4.46427461,-73.1173894,-17.77870052,-8.7049696,7.70245603,11.04994294,-10.28545995,-7.57760154,5.36440619,-5.54621268
17.925,33.73761029,-11.74876608,4.11852943,-72.63003081,-17.25353096,-8.87750123,7.01562798,10.8174728,-10.20105223,-7.33860587,5.67706174,-5.16479423
17.93,34.15647999,-11.35805799,3.82027084,-72.09678279,-16.68918013,-9.06237222,6.43236984,10.61641549,-10.11133961,-7.10167698,5.88495806,-4.97772486
17.935,34.62660529,-10.96518714,3.59873731,-71.5136863,-16.11186247,-9.25790664,5.90019559,10.44370256,-10.10408172,-6.85071788,6.00358335,-4.89711041
17.94,34.86963433,-10.60845299,3.18589984,-70.81492313,-15.59610679,-9.35869533,5.22508111,10.20222751,-9.93924466,-6.61811123,6.29274167,-4.5999478
17.945,35.19640955,-10.25646382,2.86277477,-70.0733694,-15.03864185,-9.48413394,4.63025211,10.00016958,-9.85580273,-6.3741876,6.48418177,-4.41198878
17.95,35.50331355,-9.91922054,2.5313135,-69.26404644,-14.48445646,-9.57761905,4.0441203,9.79899131,-9.7554137,-6.13077601,6.6675027,-4.24738202
17.955,35.89452477,-9.58233535,2.2827975,-68.41162127,-13.90363145,-9.71379668,3.54352301,9.63456646,-9.70893698,-5.87950699,6.76391797,-4.17987253
17.96,36.06217434,-9.29618095,1.85069718,-67.4467155,-13.37281808,-9.67950071,2.89955441,9.40683672,-9.52654649,-5.64459748,7.009103,-3.97107836
17.965,36.31546718,-8.99763776,1.53092641,-66.44415694,-12.80338989,-9.69785793,2.33479974,9.2190574,-9.41351523,-5.39507314,7.16231644,-3.824338
17.97,36.5532623,-8.7213182,1.20382081,-65.37610557,-12.24595766,-9.68232007,1.78283416,9.0375805,-9.29112995,-5.14747239,7.31466568,-3.6923752
17.975,36.77519809,-8.46128089,0.88012365,-64.24434524,-11.68481296,-9.6425582,1.24055557,8.86196952,-9.1698654,-4.89821969,7.45857592,-3.56543987
17.98,36.9870025,-8.21723335,0.56780336,-63.05161641,-11.13343166,-9.57978946,0.71171217,8.69706917,-9.04778464,-4.64710538,7.59553273,-3.4419488
17.985,37.18511124,-7.98888554,0.26450278,-61.79702563,-10.58470244,-9.49545613,0.19369424,8.54054127,-8.92825283,-4.39443483,7.72624945,-3.31724758
17.99,37.37480516,-7.7761988,-0.03446446,-60.48063732,-10.04391736,-9.39428321,-0.30551747,8.38991061,-8.81028837,-4.14430205,7.85349677,-3.19462366
17.995,37.55750802,-7.58772963,-0.33064937,-59.10369376,-9.51275625,-9.28418342,-0.78663747,8.25380229,-8.7101906,-3.89369143,7.97432877,-3.07568189
18,37.72086323,-7.40226475,-0.60986755,-57.66632204,-8.99284979,-9.14344464,-1.261212,8.11775511,-8.59296046,-3.64213701,8.09688105,-2.94039244
18.005,37.95167475,-7.21163564,-0.80149927,-56.18106161,-8.46720741,-9.11768273,-1.65692969,8.01982543,-8.54118217,-3.39239724,8.14102327,-2.85395977
18.01,38.01819093,-7.0818876,-1.14151166,-54.60940264,-7.99182336,-8.83045593,-2.15653577,7.87670987,-8.38062403,-3.14941456,8.33368135,-2.65928196
18.015,38.15392059,-6.94368213,-1.39604121,-52.99204972,-7.505947,-8.66303398,-2.57545944,7.76953679,-8.29869985,-2.90610747,8.44683597,-2.50725835
18.02,38.27239018,-6.81637288,-1.63840124,-51.31556179,-7.03781771,-8.47611212,-2.98095809,7.66878191,-8.2098776,-2.669144,8.56357672,-2.34245135
18.025,38.37999018,-6.7034012,-1.88229284,-49.57947812,-6.59214196,-8.27814528,-3.36447126,7.57257459,-8.12674001,-2.43824119,8.68528096,-2.17640278
18.03,38.47175622,-6.6021932,-2.11654072,-47.78681381,-6.15758336,-8.06861384,-3.73200921,7.48414744,-8.05123081,-2.21536367,8.80437024,-2.00034246
18.035,38.54697647,-6.5129091,-2.3460829,-45.93902489,-5.7432709,-7.84279441,-4.08266348,7.40162032,-7.97945491,-2.00055579,8.92843475,-1.81697729
18.04,38.603758,-6.43774617,-2.5741821,-44.03931959,-5.34626902,-7.6015517,-4.41840766,7.32636265,-7.91534733,-1.79458449,9.05548008,-1.62666272
18.045,38.63685187,-6.38120814,-2.80988389,-42.09379862,-4.96572119,-7.33460361,-4.75000045,7.26008071,-7.8593627,-1.58779153,9.19395535,-1.4229812
18.05,38.65307044,-6.33142946,-3.03351677,-40.10294223,-4.60641895,-7.05511275,-5.06279452,7.19965527,-7.80377916,-1.3964182,9.33160687,-1.21785017
18.055,38.64743864,-6.29460041,-3.25644831,-38.07484181,-4.27288276,-6.74920008,-5.36331112,7.14453679,-7.74327921,-1.21924129,9.47877557,-1.00737483
18.06,38.62648839,-6.26608086,-3.46965331,-36.01505134,-3.96157061,-6.43123529,-5.63782854,7.09429341,-7.68973611,-1.07463221,9.61940293,-0.80414097
18.065,38.58284724,-6.25855884,-3.68011831,-33.94226881,-3.66807501,-6.08540541,-5.92068294,7.06173098,-7.63495634,-0.92238638,9.77264572,-0.59179792
18.07,38.52005247,-6.26573604,-3.89152898,-31.86595003,-3.39544384,-5.71172263,-6.20139577,7.03865719,-7.57925446,-0.78189679,9.9353264,-0.37373438
18.075,38.4400685,-6.28741481,-4.09132717,-29.79568837,-3.14299549,-5.31629167,-6.48266383,7.02835992,-7.52128699,-0.64881775,10.10562524,-0.15307014
18.08,38.34734586,-6.32285237,-4.27996186,-27.74532049,-2.9135074,-4.90695219,-6.76095969,7.03133825,-7.46069426,-0.53284777,10.28002481,0.06431016
18.085,38.29226404,-6.33396346,-4.41750052,-25.72334856,-2.72853759,-4.58169126,-7.00195396,7.03868245,-7.44239004,-0.4082453,10.39338423,0.21097135
18.09,38.17130249,-6.40315937,-4.61827241,-23.74819544,-2.57204976,-4.11784267,-7.27735313,7.04732482,-7.34484658,-0.33546707,10.61025953,0.43319636
18.095,38.05149713,-6.4755262,-4.76482026,-21.84665983,-2.39645941,-3.67944895,-7.56484577,7.08426676,-7.28278547,-0.26639157,10.79742255,0.64241798
18.1,37.94119205,-6.56470109,-4.88703131,-20.03028763,-2.25295034,-3.26020497,-7.84676455,7.1377117,-7.21004552,-0.22029474,10.99865763,0.83519345
18.105,37.83874831,-6.64938108,-4.993779,-18.30378411,-2.12457331,-2.86099126,-8.12964961,7.18677686,-7.14504733,-0.17854356,11.19550848,1.01493683
18.11,37.71987242,-6.74355376,-5.08297029,-16.69131902,-1.93137842,-2.46002708,-8.43950072,7.24336794,-7.0845751,-0.15896163,11.39238762,1.21901542
18.115,37.66553705,-6.83012039,-5.12864418,-15.19220328,-1.89395264,-2.15726471,-8.70040046,7.30809483,-7.01469886,-0.15410054,11.59580588,1.33103741
18.12,37.58748772,-6.91641349,-5.18782385,-13.82783053,-1.74792796,-1.84692808,-8.99588135,7.35113953,-6.93762824,-0.16466198,11.80454556,1.48671132
18.125,37.53841085,-6.99296368,-5.20674835,-12.60976614,-1.62542445,-1.58139996,-9.28687667,7.39875221,-6.88456357,-0.18800107,12.00443462,1.61132145
18.13,37.50902767,-7.05636109,-5.20980714,-11.54081275,-1.4735647,-1.37455606,-9.57507829,7.43560597,-6.82996597,-0.23392285,12.19722021,1.724337
18.135,37.50249133,-7.10397364,-5.19458178,-10.62496243,-1.32538473,-1.21338994,-9.86050081,7.4596459,-6.78954294,-0.29448314,12.3813534,1.81946206
18.14,37.50190404,-7.12876047,-5.18365935,-9.85700976,-1.16650997,-1.07778134,-10.15096868,7.45550171,-6.77041233,-0.37462637,12.53918253,1.93255167
18.145,37.53565782,-7.13710824,-5.14588863,-9.25077646,-1.00329925,-1.02012731,-10.43375968,7.44194119,-6.74341042,-0.46320205,12.71397556,2.00486233
18.15,37.61427258,-7.12268745,-5.08813666,-8.80536059,-0.82846709,-1.02968814,-10.69866905,7.41803257,-6.71796888,-0.55976399,12.87509749,2.02038214
18.155,37.70194781,-7.0814663,-5.02310812,-8.50472717,-0.64638087,-1.06583225,-10.9596475,7.35999084,-6.69445886,-0.68014536,13.01327555,2.04112408
18.16,37.74185606,-7.01579159,-5.02599687,-8.33098291,-0.45941097,-1.15587248,-11.27606296,7.27038676,-6.72437994,-0.80750373,13.17845496,2.13773806
18.165,37.8401525,-6.91564739,-4.9829876,-8.32612976,-0.27233453,-1.28239252,-11.56145067,7.15510887,-6.73778457,-0.94679694,13.30890045,2.19283657
18.17,37.97319314,-6.79932447,-4.95013126,-8.44178371,-0.05772852,-1.41755466,-11.80984665,7.02381808,-6.76812037,-1.1122503,13.40662067,2.18464836
18.175,38.03568196,-6.63573534,-4.91591013,-8.66772693,0.09460832,-1.68653471,-12.13986756,6.84923353,-6.83035432,-1.27021129,13.52716463,2.29790718
18.18,38.1888305,-6.47185145,-4.90029373,-9.03792028,0.31431979,-1.87902395,-12.39065632,6.66510712,-6.87665023,-1.45315779,13.58969565,2.30134037
18.185,38.27542928,-6.26135326,-4.89178838,-9.49979318,0.43597819,-2.21780387,-12.71340794,6.44570179,-6.98028576,-1.63452208,13.66415516,2.41097204
18.19,38.43890696,-6.05767544,-4.9036782,-10.08327697,0.64517668,-2.44750716,-12.96445115,6.21654079,-7.04822454,-1.83958955,13.67803149,2.42336325
18.195,38.52478361,-5.80304646,-4.92167632,-10.73136344,0.71767216,-2.8330725,-13.2931426,5.94929335,-7.18064331,-2.03737514,13.70334074,2.55202558
18.2,38.68677541,-5.57018395,-4.9590962,-11.48344386,0.89477232,-3.08754967,-13.54168304,5.67941967,-7.27752949,-2.26844684,13.65577429,2.58552272
18.205,38.75277948,-5.27653754,-5.00883843,-12.26452798,0.89622911,-3.50809867,-13.87626704,5.3629886,-7.44863487,-2.49222295,13.62619409,2.75407347
18.21,38.90345498,-5.01848729,-5.07497326,-13.13095567,1.03765247,-3.77086494,-14.11871562,5.05718378,-7.56502999,-2.75064134,13.50416585,2.81072703
18.215,38.93834043,-4.69663513,-5.1626076,-13.98987691,0.95980092,-4.197152,-14.45000181,4.69090126,-7.77103319,-3.00726744,13.41139692,3.01485247
18.22,39.00961703,-4.38877753,-5.26334276,-14.89081186,0.95082788,-4.53828158,-14.72721817,4.32319068,-7.95244375,-3.29309686,13.24674251,3.17464154
18.225,39.05565775,-4.06973273,-5.38315868,-15.79591907,0.90646066,-4.87414956,-14.99950772,3.93162977,-8.1455357,-3.6012674,13.03819514,3.34187588
18.23,39.08037573,-3.73925034,-5.52160936,-16.6920962,0.83306139,-5.19495227,-15.2589191,3.5149595,-8.34939977,-3.93272614,12.78432874,3.51372885
18.235,39.0798149,-3.39594335,-5.67928356,-17.57009768,0.73421084,-5.50263155,-15.50353588,3.0724777,-8.56595771,-4.29324659,12.48179957,3.69171702
18.24,39.05418078,-3.04196016,-5.85446364,-18.4174067,0.61825783,-5.79092333,-15.72795757,2.60635183,-8.79120563,-4.68727031,12.12588264,3.87042447
18.245,38.99273205,-2.67668929,-6.04727341,-19.22394158,0.48558153,-6.07079337,-15.93646529,2.11025388,-9.02668259,-5.11775919,11.71835464,4.05954371
18.25,38.91105302,-2.30053764,-6.25609636,-19.98766031,0.34656336,-6.31581269,-16.112697,1.59466336,-9.26700148,-5.59153601,11.25263238,4.23073048
18.255,38.87243977,-1.95468148,-6.43844572,-20.73295978,0.3026422,-6.48836148,-16.20791312,1.10348663,-9.47508979,-6.09953785,10.64257182,4.36177263
18.26,38.66477833,-1.51662867,-6.72884383,-21.35403248,0.06720203,-6.72484506,-16.36748779,0.48226467,-9.75976029,-6.67585849,10.13614053,4.51397052
18.265,38.49850063,-1.11050028,-6.9747117,-21.95483161,-0.05077649,-6.89271667,-16.44527417,-0.10265732,-10.0190368,-7.29643788,9.47332605,4.6411035
18.27,38.30210041,-0.69384269,-7.23918121,-22.49243173,-0.16039634,-7.02848536,-16.48210894,-0.71567219,-10.27029763,-7.97589999,8.75265165,4.72821513
18.275,38.07939135,-0.27132875,-7.51079564,-22.96961878,-0.24410273,-7.13303999,-16.47590198,-1.34408114,-10.51213587,-8.71516172,7.95755081,4.7787755
18.28,37.82689095,0.16167329,-7.79437211,-23.38463805,-0.30838807,-7.20504206,-16.42592866,-1.9959022,-10.74907427,-9.51916227,7.09695182,4.77949544
18.285,37.5492684,0.59671616,-8.07553713,-23.73840296,-0.33736743,-7.24569466,-16.3257133,-2.65685249,-10.9674974,-10.39173907,6.15994688,4.7334889
18.29,37.20124539,1.03144583,-8.39111189,-24.02518494,-0.3297024,-7.26211099,-16.21218904,-3.34635178,-11.13671372,-11.32855905,5.14405495,4.61471022
18.295,36.91531218,1.47866957,-8.66173868,-24.27842169,-0.30936593,-7.23201155,-15.98226308,-4.01623681,-11.36563714,-12.33476311,4.06979551,4.45398636
18.3,36.55342117,1.93126647,-8.95633738,-24.45150734,-0.25541431,-7.1759609,-15.73115449,-4.71941934,-11.51617969,-13.41375995,2.91431175,4.19286326
18.305,36.17057314,2.37331793,-9.24363015,-24.58128093,-0.15715482,-7.09521606,-15.4282303,-5.41404303,-11.63565777,-14.55866155,1.67920819,3.86596678
18.31,35.76534883,2.81596068,-9.53625338,-24.66124109,-0.03491523,-6.98521895,-15.06756503,-6.11421826,-11.73434318,-15.77442406,0.37308998,3.45001866
18.315,35.35052073,3.2519,-9.8121588,-24.69354912,0.11146418,-6.86260441,-14.64116865,-6.80101429,-11.83285467,-17.0575797,-0.99497245,2.99011297
18.32,34.88780563,3.66680871,-10.10090905,-24.67201692,0.30168767,-6.70890879,-14.17088678,-7.48188994,-11.83603151,-18.40670086,-2.4445608,2.38835711
18.325,34.41753983,4.05250984,-10.38264435,-24.64259072,0.53915418,-6.5438211,-13.6439684,-8.13356584,-11.7904443,-19.815857,-3.97084097,1.70989823
18.33,33.94360238,4.49384331,-10.61183309,-24.53000688,0.72223369,-6.36833495,-13.04272424,-8.80712015,-11.80329724,-21.27842676,-5.4954913,1.04847999
18.335,33.42979867,4.848604,-10.87769318,-24.41914015,1.00148878,-6.18713395,-12.40136569,-9.42129906,-11.67793088,-22.79862267,-7.12558285,0.220389
18.34,32.91299853,5.2713746,-11.08936665,-24.22939325,1.2012689,-5.99677933,-11.69196789,-10.06825698,-11.61755663,-24.36427198,-8.71828116,-0.55876057
18.345,32.36631358,5.59491468,-11.32514383,-24.04868515,1.50419854,-5.81099792,-10.93700281,-10.63431233,-11.4198709,-25.97642355,-10.40375625,-1.48487891
18.35,31.8100364,5.94608441,-11.53234448,-23.81792021,1.76289103,-5.61903626,-10.1254796,-11.2053305,-11.23467593,-27.62572174,-12.05784951,-2.40370403
18.355,31.23555836,6.28331479,-11.72756533,-23.55242051,2.01793786,-5.4353144,-9.2635804,-11.75344065,-11.01412534,-29.30843048,-13.69789056,-3.33898335
18.36,30.64617928,6.60509835,-11.914491,-23.25783763,2.26628771,-5.2553215,-8.35290296,-12.27558063,-10.75673252,-31.01822845,-15.31292609,-4.29511791
18.365,30.04346978,6.90662521,-12.09098029,-22.9384462,2.5106905,-5.08257452,-7.39616093,-12.76419333,-10.46050214,-32.74973397,-16.88740633,-5.25635231
18.37,29.42737267,7.19007339,-12.25659044,-22.59179123,2.74536871,-4.92053734,-6.39582536,-13.22184668,-10.13132356,-34.49692043,-18.4034767,-6.20204483
18.375,28.79227305,7.50128548,-12.42007996,-22.19407464,2.90558822,-4.76834177,-5.35683576,-13.6948981,-9.79726215,-36.25744177,-19.7949654,-7.07929387
18.38,28.15950578,7.70077007,-12.56612896,-21.82439086,3.1704608,-4.62618724,-4.27607191,-14.033665,-9.36476397,-38.01160113,-21.2028378,-8.04346668
18.385,27.50461767,7.96986644,-12.72138665,-21.38955965,3.29900901,-4.49062544,-3.16750861,-14.43167833,-8.96421009,-39.77323929,-22.40957304,-8.86226339
18.39,26.85891013,8.14449361,-12.86881603,-20.99204204,3.50485702,-4.3721664,-2.02408973,-14.71485605,-8.49429774,-41.52239334,-23.59800245,-9.72420522
18.395,26.19867896,8.29984914,-12.99030292,-20.54144139,3.69465809,-4.24519509,-0.85311166,-14.94490826,-7.99354682,-43.23966673,-24.66544052,-10.54701417
18.4,25.52089177,8.48092742,-13.13407391,-20.07819345,3.79516365,-4.14077768,0.32625567,-15.1941993,-7.50577859,-44.9523598,-25.54694817,-11.2536119
18.405,24.84325399,8.60749449,-13.26719528,-19.60581195,3.92479039,-4.04099114,1.52811537,-15.35749069,-6.97627772,-46.62460757,-26.35281248,-11.94990763
18.41,24.16026534,8.7074615,-13.3954438,-19.12070197,4.03764865,-3.93956002,2.74252902,-15.4714201,-6.43893869,-48.25963316,-27.03228465,-12.59949059
18.415,23.47283509,8.77949192,-13.52094918,-18.63351919,4.14342975,-3.84296413,3.95951254,-15.53138378,-5.89555796,-49.85237319,-27.58846538,-13.18774518
18.42,22.77799048,8.82841997,-13.64844324,-18.13344418,4.2341014,-3.74581223,5.1771524,-15.54369307,-5.34918365,-51.39512198,-28.02094237,-13.72664059
18.425,22.08116137,8.8522472,-13.77405366,-17.63312363,4.31455502,-3.64810857,6.38916887,-15.50308928,-4.80791856,-52.88723889,-28.33128882,-14.20845012
18.43,21.3835209,8.84201224,-13.89716782,-17.14355152,4.38960398,-3.54556072,7.59242535,-15.40894599,-4.27826264,-54.3247004,-28.52585741,-14.63978432
18.435,20.68509042,8.80847355,-14.02040991,-16.64867898,4.45411051,-3.43041091,8.78433009,-15.26684403,-3.76310351,-55.6967232,-28.60967019,-15.02592074
18.44,19.97373182,8.75131257,-14.15382279,-16.13684327,4.517884,-3.31475144,9.95468562,-15.07806472,-3.26764861,-56.99598289,-28.58063535,-15.35863291
18.445,19.26467739,8.67352134,-14.28156469,-15.64672373,4.57406407,-3.19240521,11.10245092,-14.85073907,-2.79879945,-58.23435423,-28.45227058,-15.64231429
18.45,18.55848718,8.56950484,-14.4095708,-15.17057727,4.62714865,-3.05556724,12.22658654,-14.5806257,-2.35941866,-59.40188233,-28.22937366,-15.88215301
18.455,17.84506647,8.44347351,-14.53240918,-14.68162975,4.68112308,-2.90108886,13.31779412,-14.2710227,-1.96518397,-60.48292041,-27.92273491,-16.07349826
18.46,17.10448693,8.26459846,-14.57724527,-14.21439415,4.71042487,-2.83596215,14.31860147,-13.89212217,-1.68024515,-61.46121368,-27.54762353,-16.26291499
18.465,16.42057683,8.13595446,-14.80354669,-13.74182518,4.78655194,-2.55023097,15.41501326,-13.56831537,-1.27644064,-62.42238823,-27.07295594,-16.33752189
18.47,15.7120796,7.94903742,-14.9308984,-13.29191309,4.85631313,-2.33213852,16.40875,-13.17184016,-1.00850249,-63.26718895,-26.54447799,-16.39850219
18.475,14.99774323,7.7526021,-15.05270444,-12.84776607,4.91776388,-2.11646377,17.36151572,-12.76212118,-0.7869021,-64.02912643,-25.97321296,-16.43719954
18.48,14.29159559,7.53319103,-15.12267485,-12.40856506,4.92529281,-2.03164427,18.27267977,-12.32651054,-0.65065544,-64.69111732,-25.45070884,-16.59009064
18.485,13.57363445,7.31376837,-15.29646282,-11.99771657,5.05731494,-1.63145389,19.15465516,-11.8996517,-0.48765026,-65.29955982,-24.69760655,-16.42391903
18.49,12.89340561,7.07562963,-15.38181473,-11.61054247,5.07526493,-1.47680134,20.0165458,-11.44631009,-0.40461253,-65.81476057,-24.08075485,-16.51392939
18.495,12.1622373,6.83013863,-15.52003016,-11.1969952,5.21272898,-1.09098444,20.79710499,-11.01163919,-0.39193664,-66.22847544,-23.31673108,-16.33983879
18.5,11.50087328,6.58051675,-15.61694168,-10.82875172,5.22620654,-0.92694424,21.6065258,-10.55929744,-0.38200137,-66.57793436,-22.66830549,-16.42354042
18.505,10.76611354,6.31285092,-15.7308463,-10.44365926,5.38775175,-0.49518575,22.29427888,-10.12858955,-0.4829098,-66.81659493,-21.88158523,-16.20490359
18.51,10.07792828,6.04864541,-15.83405714,-10.08485534,5.4761888,-0.18080087,22.99387784,-9.6989192,-0.58930604,-66.98616309,-21.15516994,-16.13504712
18.515,9.395526,5.77630724,-15.92560477,-9.73840529,5.57437654,0.14083323,23.65777509,-9.27567136,-0.74086238,-67.06950743,-20.43516566,-16.06161637
18.52,8.72010641,5.50066255,-16.01508313,-9.40413459,5.67547839,0.46970886,24.28961891,-8.86394164,-0.92846478,-67.07028498,-19.7194435,-15.99189324
18.525,8.0602928,5.21994641,-16.08386212,-9.08557638,5.77230867,0.79151206,24.89758189,-8.45944499,-1.14821025,-66.99212778,-19.01636329,-15.94207303
18.53,7.40067927,4.94009111,-16.16209815,-8.77100811,5.88912727,1.13577465,25.463482,-8.07984904,-1.41637558,-66.8217645,-18.32157619,-15.8751104
18.535,6.75562556,4.65832277,-16.2259539,-8.47041327,6.00077809,1.47206407,26.00776475,-7.70895738,-1.70228185,-66.57477427,-17.64125244,-15.82963319
18.54,6.12289494,4.3769936,-16.28410664,-8.1816412,6.11439293,1.80398371,26.52569829,-7.35328528,-2.012097,-66.24694277,-16.97672057,-15.79740276
18.545,5.50802945,4.09158222,-16.31023082,-7.90439549,6.22640896,2.12990587,27.02219792,-7.00548539,-2.34218077,-65.83876411,-16.33020106,-15.78039236
18.55,4.89862771,3.81413191,-16.35697046,-7.63424591,6.3455482,2.44834684,27.48905459,-6.6850287,-2.69660295,-65.35131314,-15.70279725,-15.7724912
18.555,4.31062484,3.53623667,-16.38471683,-7.3761344,6.46081373,2.75243937,27.9369055,-6.37575175,-3.06431242,-64.78273819,-15.09454974,-15.78196328
18.56,3.73363843,3.26377298,-16.40972634,-7.12541934,6.57816549,3.04507331,28.36185646,-6.08123685,-3.43857172,-64.13876582,-14.50522625,-15.80405581
18.565,3.17103475,2.99340214,-16.42358022,-6.88658553,6.69903108,3.32897063,28.76049761,-5.80168639,-3.82422766,-63.41311057,-13.93743704,-15.83382596
18.57,2.62038948,2.72947768,-16.4251004,-6.6523403,6.82045824,3.59926994,29.13853654,-5.53181996,-4.20465983,-62.6131116,-13.39202596,-15.87516918
18.575,2.08580287,2.47296372,-16.42105544,-6.4284388,6.94032243,3.85231585,29.49571179,-5.27695497,-4.58299816,-61.73603725,-12.86725544,-15.92907935
18.58,1.55286835,2.22285903,-16.39821729,-6.20693926,7.06916135,4.10319169,29.82236989,-5.02579442,-4.94565276,-60.78411966,-12.3674312,-15.98592961
18.585,1.06239006,1.98322199,-16.39736305,-6.0032366,7.17631521,4.30123197,30.14876118,-4.80486484,-5.32820251,-59.75810736,-11.89650067,-16.06324987
18.59,0.57047142,1.74708089,-16.36402577,-5.79883758,7.29581478,4.50202897,30.4410562,-4.58145714,-5.68778879,-58.65702505,-11.45271253,-16.13815696
18.595,0.08552617,1.52082762,-16.32687351,-5.60354643,7.41767982,4.69145192,30.7050024,-4.3694333,-6.03532018,-57.48296143,-11.03875764,-16.21601339
18.6,-0.37724766,1.30893273,-16.2973102,-5.41674494,7.52927221,4.85113691,30.95611571,-4.17257819,-6.37005698,-56.23953727,-10.65190661,-16.30280486
18.605,-0.83058057,1.10620249,-16.25601074,-5.23423049,7.64148807,4.99839138,31.18304777,-3.98112209,-6.68364067,-54.92595524,-10.29446748,-16.39108601
18.61,-1.27095874,0.91600327,-16.21598346,-5.05915227,7.75007447,5.12860808,31.3879982,-3.80109234,-6.97996469,-53.54434118,-9.96701334,-16.48028169
18.615,-1.70477846,0.73825694,-16.17442772,-4.89029492,7.85974085,5.2479306,31.56532529,-3.6312198,-7.25729324,-52.09586116,-9.67132733,-16.56792929
18.62,-2.12411556,0.57193625,-16.13143688,-4.72808478,7.96365968,5.35279829,31.72301894,-3.46893631,-7.51308888,-50.58187718,-9.40589852,-16.65144625
18.625,-2.55096161,0.4235155,-16.10862239,-4.57170276,8.07358173,5.45411795,31.83990301,-3.32462722,-7.75517016,-49.00593555,-9.15992154,-16.74197232
18.63,-2.93637991,0.28670932,-16.06030827,-4.42404858,8.1637332,5.53262431,31.96627534,-3.17911528,-7.95623079,-47.36925624,-8.95663864,-16.80485257
18.635,-3.3235242,0.1639407,-16.02528556,-4.28292297,8.25611101,5.60853491,32.05584916,-3.04756705,-8.14075338,-45.67240322,-8.77043622,-16.86665631
18.64,-3.70784089,0.05682281,-16.00129994,-4.14762003,8.34934333,5.68234981,32.1154244,-2.93043272,-8.30983245,-43.91767792,-8.60880158,-16.91769794
18.645,-4.07780507,-0.03427115,-15.97870389,-4.02061938,8.43495649,5.75201013,32.15814337,-2.82184829,-8.44712495,-42.10899695,-8.46602112,-16.95176205
18.65,-4.43306906,-0.11042914,-15.96131255,-3.90354216,8.51254565,5.81833008,32.18173636,-2.72272215,-8.55387585,-40.24642276,-8.33669387,-16.96750912
18.655,-4.78536027,-0.17147563,-15.95084355,-3.7921838,8.59167086,5.88819565,32.1770359,-2.63905366,-8.64769283,-38.33388429,-8.22647287,-16.96112598
18.66,-5.12603336,-0.21559349,-15.94850722,-3.68910854,8.66422278,5.95934177,32.15345615,-2.56837069,-8.71493381,-36.37460403,-8.1244949,-16.93016612
18.665,-5.46818598,-0.24429989,-15.95207719,-3.5903245,8.74083851,6.0411693,32.09810752,-2.51478289,-8.77031656,-34.3691724,-8.03510502,-16.86918351
18.67,-5.8005593,-0.25488654,-15.96163406,-3.49922306,8.81261457,6.12897181,32.02476298,-2.47638301,-8.80136824,-32.32403853,-7.94843734,-16.77590213
18.675,-6.11546431,-0.24806212,-15.97448395,-3.41671831,8.87442996,6.21675835,31.94329327,-2.45036822,-8.80584171,-30.24410978,-7.86144472,-16.6511757
18.68,-6.38239729,-0.2074807,-16.02840385,-3.3327958,8.8957844,6.2683944,31.89393958,-2.44252288,-8.75238003,-28.14068155,-7.76148902,-16.52607558
18.685,-6.68742728,-0.18589707,-16.03549423,-3.26788216,8.95313107,6.3765028,31.76081368,-2.44538642,-8.74650142,-25.98781553,-7.71086446,-16.31291587
18.69,-7.00000667,-0.13423985,-16.06109065,-3.20685213,9.00887771,6.50253675,31.6034305,-2.47456985,-8.70520021,-23.82075708,-7.63359995,-16.05956086
18.695,-7.30213692,-0.05073936,-16.07522805,-3.15361699,9.06709522,6.63541846,31.44075044,-2.5371222,-8.6375217,-21.64784111,-7.55371445,-15.76642109
18.7,-7.59050982,0.04607243,-16.09748553,-3.10665432,9.11024286,6.76786854,31.27686797,-2.61442456,-8.55869371,-19.47061289,-7.48321668,-15.43293371
18.705,-7.93086927,0.14389352,-16.1112903,-3.05942569,9.20022987,6.95480062,31.0454,-2.70890094,-8.4969783,-17.29579409,-7.29776774,-15.00192712
18.71,-8.16480819,0.31109976,-16.11921116,-3.03212947,9.21281217,7.04924755,30.91949884,-2.85558674,-8.34653598,-15.15402044,-7.30193749,-14.66435907
18.715,-8.50762732,0.41953775,-16.13712985,-2.98594827,9.27140251,7.2568837,30.67121913,-2.9743898,-8.28820001,-13.02344853,-7.10482114,-14.09731134
18.72,-8.79503413,0.59138997,-16.13865828,-2.95776871,9.30118371,7.41608293,30.48801236,-3.14920176,-8.1650939,-10.9645505,-6.98868769,-13.5699294
18.725,-9.08400417,0.77742875,-16.12882564,-2.93171579,9.33816582,7.57234553,30.31356141,-3.34466078,-8.03601215,-8.98011361,-6.86090658,-13.0155742
18.73,-9.3695446,0.97605528,-16.1142883,-2.91001103,9.36320057,7.72797129,30.15844338,-3.55618416,-7.89328959,-7.08726574,-6.71740636,-12.43671245
18.735,-9.61677696,1.20114688,-16.06703681,-2.91087291,9.39832826,7.83083114,30.05248714,-3.80011391,-7.71513316,-5.29478294,-6.69160779,-12.02630937
18.74,-9.93887048,1.38880739,-16.0616434,-2.87790465,9.40990453,8.03039221,29.91486965,-4.00713386,-7.58705107,-3.62817762,-6.3743778,-11.23208648
18.745,-10.22289625,1.58092545,-16.01556253,-2.86929548,9.43515278,8.17009937,29.82578258,-4.2301339,-7.45033505,-2.07565622,-6.18919695,-10.61031504
18.75,-10.50741996,1.76628688,-15.97068255,-2.86456279,9.44673912,8.30466904,29.76566828,-4.44357179,-7.29361658,-0.65703884,-5.98808789,-10.01694655
18.755,-10.79434311,1.92780972,-15.92126327,-2.86401037,9.45992554,8.43411904,29.72908054,-4.63837273,-7.15889744,0.62504981,-5.76950228,-9.42029522
18.76,-11.06391491,2.07803267,-15.839809,-2.8907437,9.46607951,8.53162245,29.71887825,-4.82800218,-6.99392614,1.78322578,-5.68652626,-9.04440965
18.765,-11.37168143,2.17647563,-15.81831346,-2.8795357,9.4511419,8.67081727,29.73237477,-4.94652711,-6.86900212,2.76554128,-5.31294499,-8.34532687
18.77,-11.65414106,2.26252769,-15.73180628,-2.91317784,9.43737699,8.76571281,29.75945138,-5.07395255,-6.73898739,3.63774968,-5.20315395,-7.99188303
18.775,-11.96805488,2.27035541,-15.7123532,-2.91837971,9.42229102,8.87967377,29.80532062,-5.10489158,-6.66247505,4.34012386,-4.84912601,-7.38439785
18.78,-12.26943263,2.28515834,-15.64860244,-2.95302692,9.34682634,8.98222104,29.86795583,-5.14849479,-6.54450171,4.91649621,-4.67470171,-7.06260549
18.785,-12.58344359,2.21144945,-15.64441378,-2.97987615,9.29285539,9.06823169,29.94750391,-5.08922939,-6.46851994,5.3429036,-4.39002407,-6.68646124
18.79,-12.89935568,2.10413868,-15.61949778,-3.02734081,9.21324441,9.16269292,30.02874329,-5.00542421,-6.41951797,5.64291683,-4.17637304,-6.37606686
18.795,-13.23956928,1.95530492,-15.59699703,-3.08034472,9.15807062,9.27014268,30.10242832,-4.87675046,-6.40179923,5.80933838,-3.97624924,-6.04031211
18.8,-13.53250544,1.77721692,-15.58857622,-3.1500901,9.03971936,9.30842378,30.23686624,-4.70641493,-6.33064324,5.84485804,-3.81614241,-5.98535527
18.805,-13.91908102,1.51061407,-15.63528214,-3.2284493,8.92089145,9.47110381,30.27834488,-4.45930026,-6.39493283,5.76631003,-3.6079405,-5.64733781
18.81,-14.20267425,1.24881764,-15.66333439,-3.33723199,8.73627178,9.50240838,30.43317691,-4.20239118,-6.36182085,5.56055286,-3.47413242,-5.6468797
18.815,-14.50741541,0.9241685,-15.73297783,-3.46216491,8.51997471,9.55843989,30.56598863,-3.88544873,-6.38490528,5.25202073,-3.35956296,-5.62018654
18.82,-14.95751734,0.48395042,-15.84594593,-3.57713588,8.32599171,9.79217209,30.53353153,-3.47945741,-6.57494526,4.89646038,-3.31964554,-5.39836271
18.825,-15.26016069,0.09506728,-15.951304,-3.72444557,8.05222433,9.84970516,30.67630545,-3.09751237,-6.60942391,4.39307145,-3.21654592,-5.43245287
18.83,-15.65805418,-0.42226257,-16.11582375,-3.93040166,7.76867868,10.04418506,30.66439722,-2.62896489,-6.8205238,3.86993676,-3.27586435,-5.38344232
18.835,-16.00662924,-0.93699941,-16.29600801,-4.15356743,7.42853553,10.18477916,30.70916166,-2.15410529,-6.9741622,3.25518008,-3.30672607,-5.41611367
18.84,-16.28134685,-1.44457896,-16.48638471,-4.40484278,7.0259774,10.23891243,30.82910635,-1.67796597,-7.0666202,2.55552982,-3.31323235,-5.51133079
18.845,-16.67184311,-2.09481393,-16.72565971,-4.7254394,6.63068843,10.45268648,30.74659377,-1.12684211,-7.35270301,1.89087944,-3.5596516,-5.58653805
18.85,-16.98516663,-2.7260739,-16.98457372,-5.08004682,6.15021085,10.59184723,30.73932984,-0.58016047,-7.56013838,1.15834463,-3.73778617,-5.70392629
18.855,-17.27603057,-3.3930897,-17.25794018,-5.48759329,5.62925614,10.71135937,30.71280367,-0.01787761,-7.78100488,0.41241493,-3.97177349,-5.85269001
18.86,-17.53667388,-4.09652892,-17.54952987,-5.9561977,5.04999659,10.80915182,30.66950436,0.55803306,-8.0128846,-0.34112365,-4.25583106,-6.02678979
18.865,-17.76901513,-4.83049505,-17.85520318,-6.48776838,4.41840981,10.88204783,30.60394126,1.14361275,-8.24725104,-1.09302257,-4.57432694,-6.22616956
18.87,-17.95846129,-5.5923468,-18.17009397,-7.08663707,3.7241196,10.91415907,30.52697307,1.73457111,-8.4796918,-1.83572048,-4.92090552,-6.44411293
18.875,-18.10331438,-6.38330457,-18.48541693,-7.75931553,2.96834886,10.89962726,30.43120439,2.33163731,-8.71516561,-2.55581005,-5.30044331,-6.67914054
18.88,-18.20043936,-7.19983367,-18.79771353,-8.50799957,2.14935628,10.83046283,30.31906315,2.93122881,-8.94539722,-3.25251305,-5.6937592,-6.93097965
18.885,-18.24088299,-8.04307956,-19.10351049,-9.3390069,1.26056652,10.6943138,30.19375534,3.53289597,-9.17016858,-3.91997286,-6.09529469,-7.19477004
18.89,-18.25209248,-8.91450129,-19.39024809,-10.25283994,0.31731613,10.48607932,30.02332554,4.13739483,-9.37379286,-4.552616,-6.46398415,-7.51586588
18.895,-18.13449009,-9.78678044,-19.65957723,-11.25842717,-0.71465101,10.19501633,29.91082065,4.72570816,-9.58423809,-5.16138066,-6.87820578,-7.74056282
18.9,-17.97514513,-10.69091477,-19.89219588,-12.35306335,-1.81562741,9.80774966,29.75426689,5.31781123,-9.78081276,-5.72497689,-7.25092324,-8.01871719
18.905,-17.74561346,-11.6101184,-20.08700532,-13.53482677,-2.98497607,9.32445745,29.58788782,5.90605386,-9.96605145,-6.25002674,-7.59871691,-8.2991744
18.91,-17.44263223,-12.54348731,-20.21310049,-14.80490158,-4.22435972,8.72316325,29.40866713,6.48875086,-10.12531714,-6.73667201,-7.91619716,-8.58861014
18.915,-17.0564578,-13.47889995,-20.28232168,-16.16578167,-5.53593896,7.9962185,29.2235861,7.05513493,-10.28058006,-7.18751032,-8.1747857,-8.8937617
18.92,-16.58309385,-14.40895147,-20.28752216,-17.60442118,-6.92159746,7.14970647,29.05379361,7.60361388,-10.43245518,-7.63120391,-8.38771572,-9.19383605
18.925,-16.02112472,-15.35215692,-20.26347884,-19.12531566,-8.36506926,6.26933968,28.87859374,8.16313738,-10.55468935,-8.01072119,-8.5904725,-9.42530547
18.93,-15.37664715,-16.28129928,-20.15501305,-20.71762805,-9.87458672,5.26549268,28.70420217,8.69915481,-10.67637485,-8.37641804,-8.72212333,-9.67285103
18.935,-14.6448265,-17.20076222,-19.9726465,-22.37992259,-11.43299788,4.1797643,28.53176918,9.22032583,-10.78526725,-8.71882552,-8.79753586,-9.9105294
18.94,-13.80636495,-18.06882386,-19.66538188,-24.11361671,-13.03095651,2.96469287,28.38137819,9.68929117,-10.88941754,-9.06991333,-8.75381789,-10.17826735
18.945,-12.89190068,-18.93676998,-19.31666804,-25.89932226,-14.65301999,1.76286467,28.22194142,10.16981773,-10.97777353,-9.37179166,-8.7074912,-10.39132316
18.95,-11.89834329,-19.77967639,-18.88840368,-27.73586353,-16.27919353,0.53478558,28.05787295,10.63433828,-11.06280993,-9.65081153,-8.61067743,-10.59084577
18.955,-10.82292737,-20.58557797,-18.38015242,-29.61503924,-17.90122079,-0.69087166,27.89580973,11.07986189,-11.13981443,-9.9105987,-8.45885931,-10.77533323
18.96,-9.67411882,-21.35404172,-17.79335041,-31.52958377,-19.49316949,-1.89900495,27.72720111,11.5061919,-11.21500086,-10.14868453,-8.26165777,-10.94602353
18.965,-8.453887,-22.07664522,-17.13111353,-33.46962303,-21.04374388,-3.06420184,27.55619848,11.91190204,-11.28780023,-10.37119601,-8.02054933,-11.10075656
18.97,-7.16794143,-22.74638465,-16.39462547,-35.42862464,-22.53244982,-4.16916609,27.37849473,12.29552323,-11.35897502,-10.57204546,-7.74005385,-11.23979148
18.975,-5.82969459,-23.3654134,-15.59043583,-37.39286527,-23.93989136,-5.18582528,27.17903808,12.66427403,-11.42004182,-10.73485763,-7.42902965,-11.36180448
18.98,-4.42781588,-23.91037462,-14.7229039,-39.36632385,-25.26129606,-6.12261729,26.99193676,12.99260157,-11.49874618,-10.91552816,-7.07678082,-11.47119994
18.985,-3.03781471,-24.44906188,-13.85126186,-41.31720196,-26.50003527,-6.88380803,26.7357119,13.35486823,-11.57968217,-11.02634805,-6.78877409,-11.55226
18.99,-1.55619777,-24.85784625,-12.8601559,-43.26340714,-27.60554462,-7.61996121,26.50245871,13.63260209,-11.65253075,-11.14137291,-6.39301529,-11.64138646
18.995,-0.0449571,-25.19104904,-11.83833799,-45.18701362,-28.57443698,-8.24031675,26.25985546,13.8840558,-11.725692,-11.24360022,-5.98084189,-11.70518277
19,1.48554195,-25.44165618,-10.79175978,-47.08454147,-29.39551485,-8.73834261,26.00779141,14.09982812,-11.80425917,-11.3501894,-5.53452237,-11.75661385
19.005,2.99932522,-25.63499753,-9.73019762,-48.93109397,-30.10330544,-9.10050951,25.69374251,14.30998121,-11.87586356,-11.39160441,-5.1141908,-11.79806689
19.01,4.53526884,-25.75464538,-8.64695059,-50.73819669,-30.6740991,-9.37407758,25.3686612,14.49068109,-11.95122278,-11.40799938,-4.70801986,-11.81811414
19.015,6.06240036,-25.79198323,-7.5595025,-52.49446735,-31.09827658,-9.53860459,25.01646985,14.639959,-12.02474059,-11.404556,-4.2858998,-11.83254039
19.02,7.57655695,-25.75302906,-6.48109163,-54.20071261,-31.37867261,-9.60767131,24.64666319,14.7600598,-12.10438328,-11.39751369,-3.86181254,-11.83696434
19.025,9.07632678,-25.65382432,-5.40815653,-55.8411802,-31.53264592,-9.59587155,24.23853036,14.86380101,-12.18108722,-11.33320204,-3.46628033,-11.83026581
19.03,10.55199991,-25.47958697,-4.35931517,-57.42207452,-31.54738214,-9.50633847,23.8134463,14.93621671,-12.2580863,-11.26447423,-3.06993008,-11.81829592
19.035,12.00562404,-25.24214845,-3.33633041,-58.94126397,-31.43476931,-9.34637885,23.37586346,14.9837617,-12.34299051,-11.19027048,-2.68603373,-11.79135246
19.04,13.42096845,-24.94553972,-2.34845023,-60.38395432,-31.20297769,-9.13963428,22.90288272,15.01191551,-12.41901027,-11.07374829,-2.32034127,-11.76321536
19.045,14.80568637,-24.5948359,-1.39793865,-61.75778751,-30.85280818,-8.88892415,22.41742017,15.01960542,-12.4972219,-10.9483351,-1.97041907,-11.72973875
19.05,16.14424772,-24.18567162,-0.49730134,-63.05096761,-30.41056501,-8.60768634,21.90687537,15.00136622,-12.568349,-10.80029655,-1.63274319,-11.69006537
19.055,17.45144906,-23.73895795,0.35572091,-64.26937349,-29.8678191,-8.30013135,21.38632389,14.96993302,-12.63715705,-10.63680628,-1.31484206,-11.63917173
19.06,18.71323989,-23.24334517,1.15526185,-65.40032709,-29.24823972,-7.98139309,20.84402396,14.91799704,-12.7009456,-10.43986855,-1.00658711,-11.58376696
19.065,19.93691619,-22.71671291,1.89969041,-66.45492725,-28.55753465,-7.6532601,20.29831183,14.85084152,-12.76593095,-10.24577136,-0.71440885,-11.51881774
19.07,21.11110591,-22.15870865,2.57656493,-67.42455865,-27.80302566,-7.35195728,19.73963463,14.76834442,-12.81823298,-10.04061236,-0.43545456,-11.45580559
19.075,22.24384727,-21.57405786,3.19437957,-68.30951706,-27.00557326,-7.06137658,19.17495345,14.67027686,-12.86894761,-9.827449,-0.16745493,-11.3865911
19.08,23.33511941,-20.97121006,3.74644424,-69.11041989,-26.16707044,-6.79611276,18.60700743,14.56178455,-12.90751313,-9.60792343,0.08963012,-11.3098879
19.085,24.39223211,-20.34664805,4.25140903,-69.82691207,-25.33765152,-6.51691703,18.03922734,14.43480265,-12.96680224,-9.38950307,0.34237433,-11.21253103
19.09,25.38574674,-19.72027055,4.65062226,-70.45021965,-24.44701735,-6.38014669,17.45773803,14.30640505,-12.96027606,-9.15205804,0.58004748,-11.14260325
19.095,26.36246261,-19.07570131,5.03092153,-70.99401138,-23.59689327,-6.16326582,16.88878543,14.15798047,-13.00457835,-8.92713254,0.82259785,-11.03242975
19.1,27.2591035,-18.41552567,5.30611648,-71.44077249,-22.79526504,-6.22564375,16.30007576,13.98794455,-12.98183826,-8.71214437,1.0149291,-11.01438287
19.105,28.16318066,-17.79884795,5.51759054,-71.80881002,-21.87985742,-6.08062954,15.73566579,13.84122159,-12.95560816,-8.4564657,1.26709521,-10.87569018
19.11,28.9989213,-17.14148288,5.70431032,-72.07879267,-21.20798617,-6.19318401,15.13359206,13.65870795,-12.97325766,-8.19634179,1.43554555,-10.87810755
19.115,29.82677072,-16.52764203,5.78465689,-72.28635667,-20.28438498,-6.12069143,14.59786389,13.48343207,-12.89279437,-7.99769595,1.7070069,-10.68905254
19.12,30.60729928,-15.90097359,5.84253041,-72.39847269,-19.53971643,-6.20611897,14.03230977,13.29254109,-12.86004672,-7.77106134,1.92297505,-10.58616325
19.125,31.35414497,-15.28589557,5.84080946,-72.42558971,-18.82987152,-6.32910005,13.47258798,13.09292741,-12.80219178,-7.54798947,2.14103311,-10.48606248
19.13,32.08120135,-14.66981583,5.82512669,-72.38122596,-18.17660294,-6.50837108,12.92253458,12.88740375,-12.75751217,-7.33584917,2.32095707,-10.43539939
19.135,32.73787075,-14.08624022,5.68317736,-72.23326626,-17.54484163,-6.66044068,12.35464031,12.66316586,-12.64873808,-7.11649641,2.59022294,-10.27279684
19.14,33.39572446,-13.51507116,5.53965258,-72.01856672,-16.93667253,-6.88724128,11.81030999,12.44691517,-12.54548922,-6.89997941,2.79473235,-10.20086976
19.145,34.01632526,-12.95116874,5.35663754,-71.72195892,-16.37999941,-7.11779261,11.26535504,12.21755943,-12.43210291,-6.69027544,3.00623055,-10.12838118
19.15,34.60304911,-12.40061661,5.13912255,-71.34612279,-15.8671034,-7.35620428,10.71954339,11.9809031,-12.30720174,-6.48352364,3.22124277,-10.05847775
19.155,35.16376911,-11.85961605,4.90041823,-70.89357778,-15.38041195,-7.59719153,10.18040117,11.73858049,-12.16830366,-6.28274007,3.42965061,-10.00248556
19.16,35.70335839,-11.32855457,4.65250494,-70.36814845,-14.92039397,-7.82914628,9.64807542,11.49470388,-12.02704947,-6.08491035,3.62811072,-9.96449932
19.165,36.20222669,-10.82566106,4.35371136,-69.76084053,-14.498325,-8.05194214,9.10701081,11.24625312,-11.87307849,-5.8802554,3.83860432,-9.93488986
19.17,36.67523217,-10.33182608,4.04780843,-69.08263954,-14.09833096,-8.25951847,8.56803302,10.99500323,-11.7131304,-5.67866403,4.04308847,-9.92077002
19.175,37.12022038,-9.84966363,3.73290137,-68.32841822,-13.71450154,-8.44478964,8.03128654,10.74220786,-11.54724806,-5.47864939,4.24285859,-9.9247734
19.18,37.53919485,-9.38056889,3.4122556,-67.50179876,-13.34556305,-8.60276884,7.49659003,10.49000847,-11.37495755,-5.27912707,4.43736877,-9.94666392
19.185,37.93236879,-8.9238041,3.09139296,-66.6041622,-12.98856565,-8.73116048,6.96270763,10.24001086,-11.20210517,-5.07836756,4.62638482,-9.98807293
19.19,38.29976117,-8.48048076,2.76900011,-65.63481058,-12.63918648,-8.82720635,6.43125895,9.99270643,-11.02045131,-4.87761471,4.81053625,-10.0460496
19.195,38.64050604,-8.04862917,2.45107286,-64.59554436,-12.29651893,-8.89036368,5.89898698,9.74964507,-10.83777551,-4.67417324,4.98919412,-10.12258709
19.2,38.9565397,-7.62970383,2.13630739,-63.48640302,-11.95675667,-8.91897216,5.37027324,9.50993747,-10.65171775,-4.47084735,5.16184495,-10.2156983
19.205,39.24617527,-7.22148882,1.82780931,-62.30788711,-11.61666251,-8.91339732,4.84155532,9.27350362,-10.46296237,-4.26486491,5.32902927,-10.32547821
19.21,39.51113843,-6.82995321,1.53584226,-61.05848284,-11.27453324,-8.87576504,4.31623238,9.05166376,-10.27897521,-4.05966916,5.48899478,-10.45037887
19.215,39.75394152,-6.45032929,1.25284824,-59.74202096,-10.93137017,-8.80518833,3.79498301,8.83584761,-10.09213004,-3.8508207,5.64326126,-10.58616418
19.22,39.96905752,-6.08427694,0.98301285,-58.35479792,-10.57923579,-8.70533709,3.27612172,8.62972476,-9.91544486,-3.64318312,5.79151891,-10.73660052
19.225,40.16492875,-5.72985027,0.72653263,-56.89914792,-10.22214964,-8.57819426,2.76695105,8.43094156,-9.73828414,-3.43563941,5.93388659,-10.89110281
19.23,40.32345531,-5.39883751,0.47049915,-55.37279506,-9.85994717,-8.41546492,2.25062165,8.24475875,-9.56434556,-3.22268993,6.07219194,-11.05880609
19.235,40.45840465,-5.08122974,0.23298067,-53.77814833,-9.48617395,-8.22843566,1.73923009,8.07154425,-9.39822383,-3.00879262,6.20392317,-11.2311087
19.24,40.57985937,-4.77752205,0.01313645,-52.11345005,-9.10676607,-8.0269593,1.24997785,7.90975714,-9.23970495,-2.80243369,6.33212257,-11.39241599
19.245,40.67331594,-4.486117,-0.19009293,-50.37665603,-8.71845875,-7.80306173,0.77190802,7.7569929,-9.08172645,-2.60619806,6.45542886,-11.54545721
19.25,40.73070042,-4.21717308,-0.39387201,-48.56839403,-8.31883712,-7.54951861,0.29044031,7.61619174,-8.93444384,-2.40125949,6.57860007,-11.69721039
19.255,40.75557559,-3.97624509,-0.59691097,-46.69271124,-7.91263433,-7.26882373,-0.19077716,7.49363168,-8.79857237,-2.19288282,6.70158112,-11.84156324
19.26,40.75007355,-3.75122586,-0.78192253,-44.74720283,-7.49543055,-6.96853506,-0.66072255,7.38517802,-8.67293543,-1.9941588,6.82157073,-11.97079625
19.265,40.71043992,-3.54912414,-0.96814581,-42.73329978,-7.07423357,-6.63959726,-1.12290559,7.28658858,-8.55015576,-1.80308028,6.9427192,-12.07964342
19.27,40.65114647,-3.36190133,-1.13530236,-40.64895066,-6.6549003,-6.30900529,-1.54906829,7.1986716,-8.43655594,-1.64430393,7.05866186,-12.16072095
19.275,40.5259217,-3.21819516,-1.33117445,-38.51018122,-6.22555973,-5.90772278,-2.02104189,7.13393114,-8.32796614,-1.45029973,7.18840037,-12.22445625
19.28,40.38341393,-3.09253454,-1.51117445,-36.31227101,-5.80148844,-5.50239697,-2.45410284,7.08056075,-8.23235401,-1.2938678,7.31301522,-12.25964718
19.285,40.17456452,-3.0053244,-1.68995145,-34.07798575,-5.35163154,-5.02348894,-2.93546651,7.06202617,-8.15691312,-1.11186107,7.45108439,-12.26217843
19.29,39.96642147,-2.94791634,-1.89587466,-31.79447072,-4.96328192,-4.55421716,-3.35724077,7.04643429,-8.05789918,-0.9732469,7.59065693,-12.23769434
19.295,39.70360877,-2.92153593,-2.09871032,-29.48679664,-4.5550226,-4.0280371,-3.80676701,7.05445574,-7.9826608,-0.82977341,7.73310999,-12.17783801
19.3,39.40932463,-2.92794221,-2.31040027,-27.16548608,-4.16429188,-3.46737036,-4.25738977,7.08535687,-7.91551633,-0.69915848,7.88371509,-12.08556549
19.305,39.07441967,-2.96994793,-2.53447034,-24.84583956,-3.78691374,-2.85346318,-4.72835576,7.14159014,-7.84727378,-0.57030217,8.04824647,-11.95036216
19.31,38.72026482,-3.04076659,-2.7657126,-22.54096831,-3.43562039,-2.21990293,-5.19311585,7.21612666,-7.79053035,-0.46017515,8.21734753,-11.78589888
19.315,38.34147476,-3.13831906,-3.00971201,-20.26703508,-3.10557858,-1.55364562,-5.66554359,7.30827651,-7.73832039,-0.36323039,8.39345999,-11.5869911
19.32,37.97814054,-3.24043065,-3.27253298,-18.0309883,-2.86133748,-0.90523196,-6.12114869,7.39971736,-7.69004728,-0.24643113,8.5224151,-11.37235862
19.325,37.52988141,-3.40582933,-3.53775352,-15.87642972,-2.54541439,-0.15758271,-6.63389261,7.5360748,-7.63707745,-0.20599662,8.75374982,-11.0966642
19.33,37.11218675,-3.56173872,-3.80231197,-13.80409734,-2.2755941,0.56049612,-7.13264028,7.67032316,-7.59795179,-0.13742359,8.96136513,-10.78588115
19.335,36.69272867,-3.73346064,-4.08289821,-11.83317914,-2.06023801,1.27900644,-7.62559835,7.80762642,-7.55778385,-0.1012775,9.15863071,-10.46759932
19.34,36.28114119,-3.91452716,-4.35554987,-9.98769813,-1.84822511,1.98987271,-8.11275171,7.95266889,-7.53210109,-0.09707444,9.35832059,-10.12831282
19.345,35.88608743,-4.09331205,-4.62606291,-8.28631998,-1.64032437,2.68537858,-8.60055768,8.09540389,-7.5086566,-0.10502578,9.56313829,-9.76567289
19.35,35.51793613,-4.27219317,-4.88118939,-6.73446477,-1.45423216,3.33475032,-9.06646032,8.23643708,-7.49655622,-0.15122076,9.75793816,-9.40322548
19.355,35.16541837,-4.42667552,-5.13464847,-5.33392473,-1.25326085,3.95718188,-9.53696347,8.35519163,-7.49051134,-0.19954846,9.96048824,-9.0134689
19.36,34.84182708,-4.56823102,-5.36991157,-4.08993674,-1.07637826,4.51137741,-9.98154099,8.45880439,-7.49739672,-0.29064684,10.14779213,-8.63145859
19.365,34.53860086,-4.6826801,-5.59671424,-2.99975693,-0.90365005,5.00756638,-10.41517152,8.53463403,-7.51366826,-0.40303376,10.32743545,-8.24224875
19.37,34.25957703,-4.75946145,-5.8117272,-2.06207008,-0.73992071,5.43176081,-10.83411593,8.57873043,-7.53670912,-0.53673573,10.49459651,-7.85217017
19.375,33.99867831,-4.81165557,-6.01211964,-1.27434958,-0.58996671,5.7831404,-11.23399201,8.58959699,-7.58029014,-0.70480099,10.64487131,-7.46572325
19.38,33.78099738,-4.84940115,-6.200435,-0.63667854,-0.46251269,6.01497408,-11.60419032,8.58255873,-7.59277431,-0.88259249,10.73633058,-7.11111355
19.385,33.5436878,-4.79217692,-6.37428829,-0.13063847,-0.32760204,6.22313316,-11.98023911,8.49364507,-7.69069777,-1.10253422,10.86454557,-6.73319009
19.39,33.3542509,-4.73775334,-6.52676049,0.23121372,-0.23470175,6.32284281,-12.31383836,8.40064933,-7.76343835,-1.35053663,10.92946989,-6.38025456
19.395,33.21826151,-4.62911969,-6.63359003,0.43844827,-0.14916554,6.32487903,-12.59630345,8.26433604,-7.85189213,-1.63967752,10.93340066,-6.11785346
19.4,32.9990734,-4.49730152,-6.74730924,0.57012365,-0.15735681,6.30742387,-12.94554169,8.0963022,-7.96788517,-1.9416132,11.02979804,-5.70096548
19.405,32.86095005,-4.32567133,-6.83178981,0.55459456,-0.15555019,6.16413806,-13.21920538,7.88911606,-8.08056354,-2.27667128,11.00726615,-5.38511538
19.41,32.73886265,-4.12339282,-6.89536445,0.42932048,-0.19325289,5.93740355,-13.47289912,7.65079013,-8.1988189,-2.63889487,10.93723031,-5.09754787
19.415,32.69063697,-3.896968,-6.92920765,0.17668029,-0.19878672,5.70523741,-13.66751187,7.39280608,-8.30040445,-3.0091752,10.74942143,-4.90670332
19.42,32.5399563,-3.63033613,-6.9449669,-0.11943345,-0.40851485,5.23601238,-13.91848425,7.08483328,-8.45769663,-3.44568946,10.66391353,-4.57126039
19.425,32.471835,-3.34200925,-6.9194572,-0.52641879,-0.57949783,4.77333003,-14.09957023,6.76345271,-8.60847541,-3.89255883,10.45474816,-4.31998483
19.43,32.41467486,-3.03303687,-6.86570772,-1.0014893,-0.8103885,4.22792258,-14.25691373,6.42155163,-8.75999777,-4.37140829,10.19294296,-4.09589463
19.435,32.37634429,-2.70333101,-6.77989344,-1.54332775,-1.08573178,3.62417566,-14.38207659,6.05562642,-8.91773371,-4.88253522,9.86947474,-3.89672259
19.44,32.35034019,-2.35820464,-6.65778605,-2.13739782,-1.41686606,2.94102327,-14.47979192,5.67780764,-9.07931628,-5.42745649,9.48907055,-3.71264608
19.445,32.3367414,-1.99586753,-6.51075642,-2.76663296,-1.79678471,2.22218623,-14.53975918,5.28103551,-9.24579859,-6.01336545,9.04766708,-3.55966351
19.45,32.33384471,-1.62274459,-6.33196893,-3.42770351,-2.21158109,1.46259736,-14.56733576,4.87404701,-9.41465485,-6.63392191,8.5377554,-3.4268029
19.455,32.3375279,-1.2414905,-6.12747906,-4.10756886,-2.66410948,0.66668411,-14.55909119,4.45827901,-9.58632109,-7.29713237,7.96217549,-3.31698155
19.46,32.34860268,-0.85349681,-5.90542018,-4.80306662,-3.13388375,-0.13955734,-14.51611044,4.03163858,-9.75701709,-7.99578106,7.31277407,-3.22789511
19.465,32.35984256,-0.46375195,-5.66743385,-5.49767536,-3.6306482,-0.97353733,-14.43583544,3.60195274,-9.92731854,-8.74004376,6.59401242,-3.16405039
19.47,32.371543,-0.07895265,-5.42297745,-6.19336327,-4.13380568,-1.82254976,-14.320437,3.17419497,-10.09356165,-9.52627316,5.80021833,-3.12408793
19.475,32.36702734,0.3251044,-5.1694934,-6.84303575,-4.62571564,-2.56571125,-14.15519333,2.71476295,-10.26654618,-10.37334755,4.93399696,-3.11401554
19.48,32.36103746,0.71326826,-4.92265312,-7.49653108,-5.11556862,-3.36313572,-13.95980892,2.26685737,-10.43001384,-11.25815671,3.98355806,-3.13192018
19.485,32.33519472,1.10248954,-4.68045577,-8.1048816,-5.57187908,-4.0675813,-13.72024243,1.80744921,-10.59581919,-12.20100758,2.9626145,-3.1747595
19.49,32.30087774,1.46215471,-4.45698763,-8.70917837,-5.97918409,-4.79553516,-13.44722845,1.36268376,-10.73122434,-13.18751578,1.84476988,-3.24083923
19.495,32.23477892,1.85488472,-4.24913652,-9.23326524,-6.37642116,-5.34559085,-13.12641153,0.87729483,-10.91062648,-14.23518005,0.67735594,-3.34060051
19.5,32.15143864,2.21999503,-4.06147475,-9.73883272,-6.71496462,-5.90730921,-12.77130712,0.40330606,-11.06330184,-15.32786642,-0.59122913,-3.4743125
19.505,32.04496526,2.56851108,-3.90224183,-10.20472763,-7.00041671,-6.4110689,-12.37428486,-0.07150621,-11.20625925,-16.4754898,-1.93713423,-3.64159716
19.51,31.90918062,2.91133994,-3.76824093,-10.62654588,-7.2220556,-6.80448191,-11.94256999,-0.55475721,-11.35516758,-17.66919505,-3.34389617,-3.8089828
19.515,31.75425898,3.22929428,-3.66213245,-11.02084718,-7.40285604,-7.20249771,-11.46787264,-1.03115041,-11.46298699,-18.91378898,-4.84552502,-4.07669283
19.52,31.56716399,3.53448859,-3.59243196,-11.36272684,-7.51356875,-7.49893324,-10.95315146,-1.51358822,-11.58332926,-20.20757705,-6.40829595,-4.34897555
19.525,31.35189657,3.82162587,-3.55472542,-11.66708182,-7.56366114,-7.73070553,-10.40064958,-1.99602199,-11.68731403,-21.5459836,-8.03488419,-4.66345068
19.53,31.10948399,4.08846166,-3.54861676,-11.9342361,-7.55664973,-7.897458,-9.8088928,-2.47561743,-11.77703545,-22.92704754,-9.71675508,-5.02747403
19.535,30.83769429,4.30744276,-3.57231745,-12.17086418,-7.44100643,-8.02591406,-9.1767559,-2.92909767,-11.80602417,-24.35009269,-11.45955617,-5.46070136
19.54,30.54254531,4.56956929,-3.63688485,-12.36376562,-7.3750357,-8.039058,-8.51367846,-3.43566896,-11.9173738,-25.80609704,-13.18364503,-5.83238855
19.545,30.21912214,4.77365676,-3.72713257,-12.52933064,-7.19924415,-8.03330291,-7.80958307,-3.90438916,-11.94765048,-27.2975324,-14.97009821,-6.31725198
19.55,29.87387382,4.96189459,-3.84548762,-12.66738068,-6.98386342,-7.97574547,-7.06818991,-4.37136464,-11.96275925,-28.82004825,-16.74478623,-6.81300039
19.555,29.50472046,5.12853715,-3.98965355,-12.77761532,-6.71917158,-7.88024908,-6.29147086,-4.82931696,-11.95022774,-30.36682973,-18.50943278,-7.33885761
19.56,29.12031763,5.26624598,-4.15729947,-12.87338567,-6.40759635,-7.74485,-5.47778575,-5.26888032,-11.90561814,-31.93883173,-20.25139356,-7.92338717
19.565,28.70976663,5.40995382,-4.34140651,-12.92035513,-6.11513667,-7.58267672,-4.62837222,-5.7220332,-11.84846659,-33.527156,-21.92615772,-8.47012304
19.57,28.28943992,5.49725521,-4.52861012,-12.97844151,-5.7082423,-7.39774182,-3.75132725,-6.11807977,-11.74493436,-35.12245827,-23.57241609,-9.09725851
19.575,27.84376989,5.621648,-4.75109825,-12.96503606,-5.42777448,-7.20838409,-2.82903609,-6.5659122,-11.62587287,-36.73866863,-25.08397674,-9.65563734
19.58,27.40200443,5.68598856,-4.98164109,-12.98896137,-5.03936319,-7.00591936,-1.88322757,-6.94652657,-11.46733011,-38.35045098,-26.55795398,-10.30524234
19.585,26.93724028,5.7537597,-5.20739119,-12.955746,-4.68512977,-6.80013789,-0.90110438,-7.32547034,-11.26458258,-39.96100382,-27.90031418,-10.93470441
19.59,26.46772172,5.79506554,-5.43293467,-12.92152649,-4.31384295,-6.60426918,0.10755307,-7.67189026,-11.03895657,-41.56630933,-29.13882366,-11.56827027
19.595,25.98943597,5.82451217,-5.65720501,-12.87636716,-3.95090724,-6.42330005,1.13796761,-7.99426145,-10.78435468,-43.15676812,-30.24865356,-12.19340071
19.6,25.49988398,5.84192922,-5.87232085,-12.8036042,-3.60406752,-6.26117509,2.1948421,-8.29162289,-10.49364075,-44.72879528,-31.22581249,-12.81461285
19.605,25.00772155,5.8435866,-6.08023113,-12.71791516,-3.27006494,-6.11135261,3.27555371,-8.55362497,-10.16940864,-46.27534278,-32.07556344,-13.45364541
19.61,24.50667511,5.83197818,-6.27385031,-12.61769074,-2.95121925,-5.99271228,4.37096202,-8.78512045,-9.82410265,-47.79203254,-32.78340963,-14.07121869
19.615,24.00109055,5.80482311,-6.45264888,-12.50572723,-2.64511016,-5.8994512,5.48141384,-8.97875351,-9.45462346,-49.27240321,-33.35952287,-14.68643794
19.62,23.49103932,5.7658316,-6.61478654,-12.38034346,-2.35979208,-5.83427955,6.60307954,-9.13641527,-9.06638004,-50.71182799,-33.79737981,-15.29253287
19.625,22.97672822,5.70990742,-6.76086312,-12.24682715,-2.08876769,-5.80055569,7.73154597,-9.25384296,-8.66302391,-52.10534171,-34.10205497,-15.88649535
19.63,22.45550126,5.64646428,-6.88806422,-12.10153342,-1.83770041,-5.79987879,8.86121535,-9.33778803,-8.25127164,-53.4489896,-34.26780613,-16.46009971
19.635,21.93157307,5.5653662,-7.00094481,-11.94961104,-1.6008092,-5.82846096,9.99153207,-9.37935937,-7.83029188,-54.73646511,-34.30586932,-17.02388121
19.64,21.39677031,5.47645879,-7.09031715,-11.77628587,-1.37806115,-5.88401458,11.11470612,-9.38595984,-7.41202663,-55.96085449,-34.2157545,-17.56558935
19.645,20.87351965,5.36855744,-7.16933308,-11.62266508,-1.1858444,-5.95544956,12.23585716,-9.34987322,-6.99435345,-57.12717989,-34.02420416,-18.0907282
19.65,20.3229566,5.26009699,-7.22116062,-11.43436375,-0.98153467,-6.05792971,13.32930271,-9.28965412,-6.59740109,-58.21718135,-33.69867783,-18.58323796
19.655,19.79399427,5.13093574,-7.27567139,-11.26510812,-0.81423148,-6.16983624,14.4302029,-9.18617142,-6.1937574,-59.24589925,-33.29483537,-19.05683795
19.66,19.24842843,4.99578902,-7.30806928,-11.088299,-0.63739068,-6.29939988,15.49733093,-9.05709944,-5.81936491,-60.19639655,-32.77891642,-19.4972778
19.665,18.69999784,4.84744427,-7.3302002,-10.91318596,-0.47246218,-6.43497722,16.54254251,-8.8968595,-5.46448092,-61.06993815,-32.18319896,-19.90032048
19.67,18.15434695,4.69104193,-7.3581833,-10.7205932,-0.3169283,-6.57921554,17.57975688,-8.71026215,-5.11935546,-61.86333196,-31.51077612,-20.25969271
19.675,17.61786776,4.5228772,-7.38532764,-10.55109173,-0.17169772,-6.72609189,18.5970765,-8.49672875,-4.79141847,-62.58371969,-30.76233053,-20.55733376
19.68,17.05432283,4.36042808,-7.37628723,-10.38285204,0.01274138,-6.86408854,19.55260969,-8.27985266,-4.523167,-63.2170164,-29.94975986,-20.86929518
19.685,16.50276799,4.18649012,-7.39067827,-10.20475885,0.18108812,-6.99919449,20.50488931,-8.0426132,-4.26363333,-63.76725825,-29.07809275,-21.08915834
19.69,15.92233282,3.96652314,-7.40100553,-10.0439591,0.33976534,-7.10825631,21.37928813,-7.74880842,-4.05547813,-64.20826194,-28.282415,-21.41296855
19.695,15.39819315,3.82011797,-7.41492699,-9.88534771,0.54307844,-7.22482354,22.30716814,-7.52804781,-3.83582668,-64.61726018,-27.20652917,-21.39014977
19.7,14.84267473,3.628312,-7.4232364,-9.74247371,0.73963527,-7.31295204,23.15019659,-7.25761183,-3.67807772,-64.91185708,-26.23011632,-21.49466882
19.705,14.29152999,3.43537974,-7.44085559,-9.60817369,0.9484744,-7.37968029,23.96548763,-6.98498734,-3.54401743,-65.12196849,-25.22743972,-21.54373662
19.71,13.74312081,3.24020898,-7.46284604,-9.48489723,1.16865413,-7.42490817,24.74668294,-6.71038841,-3.44164773,-65.24643705,-24.22144113,-21.5644659
19.715,13.19856516,3.0453613,-7.4898748,-9.37254832,1.4023868,-7.44905553,25.49462085,-6.43868976,-3.36983871,-65.28345691,-23.21315119,-21.55799052
19.72,12.6586366,2.84578582,-7.54653282,-9.27187865,1.63436339,-7.44009475,26.21324294,-6.16128029,-3.30770119,-65.23621981,-22.20194191,-21.47089333
19.725,12.12540337,2.65859314,-7.56208078,-9.18411435,1.90754981,-7.43161005,26.89183741,-5.90853864,-3.30657177,-65.10041495,-21.21615797,-21.4592292
19.73,11.59804917,2.4702334,-7.60510822,-9.11067249,2.17849431,-7.39083145,27.53996833,-5.65541512,-3.31254597,-64.88066385,-20.23727402,-21.38877102
19.735,11.07732203,2.28563147,-7.65581888,-9.04889871,2.46055751,-7.32964647,28.15529603,-5.41109954,-3.34017002,-64.57522603,-19.28321874,-21.29839119
19.74,10.56485697,2.10702414,-7.70669067,-9.00024095,2.75452771,-7.25274475,28.73843915,-5.17856746,-3.38902418,-64.18560288,-18.35832489,-21.20941137
19.745,10.06200366,1.93624428,-7.75950966,-8.96617189,3.05751509,-7.16473662,29.2894357,-4.95935924,-3.45668303,-63.71214204,-17.46985858,-21.13207163
19.75,9.56681939,1.77233637,-7.81412542,-8.94499057,3.3699104,-7.06297188,29.80546788,-4.75257581,-3.54099006,-63.15234639,-16.6182285,-21.05980874
19.755,9.08026277,1.61681329,-7.87190309,-8.93628655,3.68912455,-6.94938135,30.28943511,-4.55895338,-3.63755465,-62.51113762,-15.80666987,-20.99963443
19.76,8.60641377,1.4729072,-7.92279639,-8.9379958,4.01113851,-6.84246921,30.74539149,-4.37936236,-3.74410278,-61.78850586,-15.05052889,-20.98113902
19.765,8.14167637,1.33626787,-7.95346295,-8.9566916,4.34541169,-6.72764725,31.16528133,-4.21119499,-3.86185575,-60.98380686,-14.33701018,-20.9821427
19.77,7.68098217,1.21176327,-8.0086481,-8.98222386,4.68026315,-6.60131968,31.54846625,-4.06244517,-3.99222088,-60.09716547,-13.67328578,-20.99802601
19.775,7.23188599,1.09592264,-8.04873795,-9.01848067,5.02050462,-6.48087988,31.9008168,-3.92362611,-4.12702066,-59.13201031,-13.06359766,-21.05447896
19.78,6.79530262,0.99474164,-8.09042878,-9.06818348,5.35897854,-6.37351153,32.22288629,-3.80325564,-4.26870524,-58.08942172,-12.51067535,-21.15402866
19.785,6.36403314,0.90337338,-8.12131221,-9.12169626,5.69860629,-6.26288695,32.51134642,-3.69099736,-4.40637122,-56.9698917,-12.01055992,-21.28673248
19.79,5.99569547,0.86042355,-8.17896805,-9.18204728,5.96312041,-6.2680983,32.8445816,-3.5932546,-4.46853518,-55.80040638,-11.54413758,-21.49377733
19.795,5.53736416,0.75216657,-8.16889211,-9.26062169,6.37257089,-6.08788365,32.99515868,-3.50561629,-4.69768113,-54.50650986,-11.17334247,-21.66567105
19.8,5.11582556,0.69088878,-8.18523911,-9.33043326,6.71941209,-5.96461268,33.17324765,-3.42181366,-4.83410671,-53.16458007,-10.83655237,-21.91064722
19.805,4.72269458,0.64461287,-8.20698682,-9.41470744,7.05396352,-5.88840977,33.3372178,-3.35669541,-4.97546186,-51.75655095,-10.54185575,-22.18654955
19.81,4.32650293,0.60183172,-8.21107768,-9.49641075,7.38937901,-5.80373239,33.46029982,-3.29212494,-5.11405278,-50.27660956,-10.30200332,-22.49541548
19.815,3.94688119,0.57136184,-8.22400805,-9.59256158,7.72364403,-5.74240147,33.55756826,-3.24447442,-5.26199614,-48.7336497,-10.09486402,-22.8224178
19.82,3.57258036,0.54938207,-8.22881435,-9.68562942,8.05156166,-5.68293367,33.62577091,-3.19985517,-5.40030408,-47.12659412,-9.92415272,-23.164582
19.825,3.20624205,0.53420875,-8.23518452,-9.78437359,8.37796357,-5.62741666,33.66264753,-3.16340986,-5.54245596,-45.45769235,-9.78616737,-23.51474051
19.83,2.85142655,0.52668348,-8.24321476,-9.88670913,8.70006247,-5.58146916,33.6754874,-3.13302714,-5.68495181,-43.73118482,-9.66475872,-23.85742836
19.835,2.50226938,0.52435804,-8.25074845,-9.98915159,9.01766443,-5.5320611,33.65853605,-3.10595362,-5.82556435,-41.94712346,-9.56356418,-24.19030676
19.84,2.16753612,0.53011628,-8.26551518,-10.0957763,9.33107805,-5.49045211,33.62090251,-3.08679506,-5.96695528,-40.11135024,-9.46359283,-24.49308341
19.845,1.84082615,0.53824543,-8.28117646,-10.20597946,9.64255789,-5.44655021,33.55534274,-3.07040334,-6.11360376,-38.22401933,-9.36919703,-24.76002576
19.85,1.51359809,0.55538523,-8.32713984,-10.31447825,9.94359621,-5.38052316,33.45950829,-3.06244069,-6.26104176,-36.29143604,-9.27048754,-25.0003482
19.855,1.2209052,0.57052192,-8.33323162,-10.43011945,10.25532368,-5.35033596,33.36176711,-3.05040596,-6.40527849,-34.31437057,-9.15700423,-25.14147391
19.86,0.92317102,0.59012952,-8.36844048,-10.5465869,10.55845676,-5.29621017,33.22811531,-3.04564437,-6.55702509,-32.29723368,-9.02843888,-25.23382772
19.865,0.62508251,0.61520256,-8.42658028,-10.65949076,10.85973731,-5.21799621,33.06731533,-3.05050407,-6.72054787,-30.24606688,-8.88252386,-25.2494914
19.87,0.40449568,0.65630092,-8.50900327,-10.789254,11.14135586,-5.23009627,32.96329113,-3.04302475,-6.80911426,-28.1803803,-8.68255775,-25.21838865
19.875,0.09095443,0.66283887,-8.51130217,-10.90552741,11.45107974,-5.07683999,32.71620804,-3.04602073,-6.99745853,-26.05446945,-8.52610275,-25.00404722
19.88,-0.19556941,0.70260999,-8.59489152,-11.01290163,11.75275035,-4.94664407,32.49358138,-3.06970033,-7.16047553,-23.93345543,-8.28974897,-24.69986413
19.885,-0.45415587,0.74341543,-8.66919379,-11.12856701,12.04455008,-4.82972266,32.27587975,-3.08689278,-7.28323534,-21.80341525,-8.02979409,-24.29693935
19.89,-0.70641884,0.79075458,-8.7467337,-11.24588945,12.33208888,-4.70060647,32.04652175,-3.11377743,-7.39026526,-19.67454861,-7.74569183,-23.78121482
19.895,-0.9531994,0.84431832,-8.82822266,-11.36134166,12.61541647,-4.55834389,31.80839313,-3.14788741,-7.47390146,-17.55484751,-7.43988509,-23.15300885
19.9,-1.18308355,0.89997584,-8.90257981,-11.48991743,12.88764266,-4.41286045,31.56941777,-3.18410177,-7.50613241,-15.45539526,-7.14164199,-22.43768885
19.905,-1.42889143,0.98683249,-8.99891353,-11.59040627,13.15771468,-4.2436599,31.32615685,-3.25440767,-7.52438954,-13.40356182,-6.79335019,-21.59936592
19.91,-1.66050575,1.08799352,-9.09167451,-11.69612101,13.41513645,-4.07888126,31.09405827,-3.34162657,-7.48900976,-11.4074933,-6.45445109,-20.69975875
19.915,-1.89125154,1.20873507,-9.18315289,-11.79382721,13.66251154,-3.90670417,30.87096688,-3.45343075,-7.40720316,-9.48468626,-6.10499357,-19.7354945
19.92,-2.11639958,1.34154571,-9.26608285,-11.89160101,13.89548643,-3.73015436,30.66226003,-3.58378591,-7.27069676,-7.64944337,-5.75089572,-18.72398494
19.925,-2.33948255,1.48693887,-9.34794171,-11.98437521,14.1137367,-3.55171338,30.47081171,-3.73457971,-7.08310874,-5.91226688,-5.40119055,-17.68814097
19.93,-2.56241806,1.63760927,-9.41904402,-12.07205354,14.31863243,-3.373898,30.29468081,-3.90150447,-6.85371823,-4.28075324,-5.05691155,-16.6396242
19.935,-2.78672428,1.79142761,-9.48431456,-12.15394579,14.50473415,-3.19514407,30.1369479,-4.08206424,-6.57795769,-2.76301284,-4.72636708,-15.60262649
19.94,-3.01397375,1.9429979,-9.54092814,-12.23140048,14.67126059,-3.01742922,29.99648685,-4.27097467,-6.26256174,-1.3644384,-4.41447903,-14.59077233
19.945,-3.24274087,2.0878892,-9.58317839,-12.31283672,14.80968581,-2.83902861,29.87444593,-4.46219462,-5.89291357,-0.09385911,-4.12844229,-13.6236829
19.95,-3.4873281,2.21717009,-9.62360178,-12.36734389,14.94396698,-2.66582782,29.76130031,-4.65679428,-5.55151074,1.05748538,-3.85460599,-12.68661967
19.955,-3.73753991,2.33159985,-9.64932531,-12.42423993,15.04614792,-2.49295654,29.66476552,-4.84350663,-5.16946309,2.0748092,-3.61260823,-11.81833654
19.96,-3.99635153,2.4300982,-9.67054049,-12.47641232,15.11370129,-2.32125904,29.58583255,-5.02028845,-4.75756948,2.9556914,-3.40086805,-11.03389564
19.965,-4.26740626,2.49910911,-9.68153653,-12.52182224,15.16043967,-2.14985402,29.5174217,-5.17729637,-4.35744634,3.70467368,-3.21536597,-10.30831239
19.97,-4.5515039,2.54504678,-9.686933,-12.56086294,15.1707589,-1.97617923,29.46298357,-5.31271324,-3.94831892,4.31507002,-3.0537081,-9.66082577
19.975,-4.84749406,2.56076617,-9.68637659,-12.59482557,15.15009444,-1.8043741,29.42149329,-5.41969095,-3.5500983,4.79230418,-2.92822216,-9.09651395
19.98,-5.14352885,2.55478032,-9.68707217,-12.62383875,15.08966653,-1.66217927,29.39496579,-5.50781898,-3.16445792,5.15739231,-2.90550885,-8.67632018
19.985,-5.47163596,2.50189864,-9.70848027,-12.63570724,14.97847508,-1.47364176,29.37917646,-5.54077027,-2.79145148,5.36720111,-2.79647007,-8.2406144
19.99,-5.80148863,2.40813892,-9.70303636,-12.63096249,14.84247761,-1.31380664,29.38686484,-5.53346981,-2.45898475,5.45199091,-2.76486884,-7.93454543
19.995,-6.16712207,2.28445875,-9.71722262,-12.63583812,14.69425733,-1.10622111,29.39050623,-5.48882797,-2.15634341,5.38817805,-2.70700352,-7.6110994
20,-6.51089784,2.12062329,-9.72993136,-12.65091188,14.48605818,-0.93478991,29.41801196,-5.40482705,-1.88077357,5.23078442,-2.71665472,-7.41270368
20.005,-6.9059141,1.92478231,-9.77716224,-12.66438772,14.25664262,-0.69825095,29.41633089,-5.27389131,-1.61841477,4.96768388,-2.73773018,-7.20262776
20.01,-7.28459727,1.68914816,-9.83162558,-12.68080639,13.96177302,-0.48636109,29.45870275,-5.0973396,-1.40879943,4.5738322,-2.80477117,-7.0937422
20.015,-7.62578693,1.42810006,-9.88065641,-12.6996278,13.5993344,-0.32885152,29.55961688,-4.88896811,-1.23765405,4.06806814,-2.87869444,-7.05500113
20.02,-8.00009646,1.12972643,-9.96780289,-12.71852214,13.18629784,-0.13048007,29.64287989,-4.63057933,-1.10000024,3.47820412,-2.99746186,-7.02852434
20.025,-8.37337541,0.80289936,-10.0777483,-12.75666819,12.73228225,0.07584742,29.73561801,-4.33694526,-1.00095321,2.80097271,-3.13406348,-7.02871792
20.03,-8.75048915,0.44265575,-10.21627262,-12.80579521,12.22582711,0.29587419,29.83284408,-4.00364128,-0.94556069,2.04856393,-3.29875851,-7.05021625
20.035,-9.21653678,0.03469092,-10.42818085,-12.87505492,11.73371284,0.62090075,29.8357328,-3.61578537,-0.93439901,1.25278893,-3.5441523,-7.10793374
20.04,-9.57344341,-0.3770826,-10.62036228,-12.9715112,11.1246051,0.8473698,29.94937516,-3.2292909,-0.98675469,0.37947123,-3.75983167,-7.15691586
20.045,-9.86954505,-0.79561608,-10.804352,-13.09453353,10.44256441,1.02629769,30.1168721,-2.83448564,-1.03622164,-0.54749909,-3.91571585,-7.2037749
20.05,-10.27063548,-1.28403566,-11.07554007,-13.24593362,9.75868543,1.2920582,30.14830561,-2.37530426,-1.17661263,-1.46367906,-4.21512833,-7.25882063
20.055,-10.58232157,-1.76382997,-11.34006406,-13.43279077,8.9862424,1.5065538,30.25416577,-1.93072788,-1.34235691,-2.41886864,-4.4483331,-7.29485213
20.06,-10.80732331,-2.23308971,-11.6054135,-13.66250686,8.13834941,1.66962677,30.42419343,-1.50087086,-1.51351859,-3.40457286,-4.61810493,-7.32792267
20.065,-11.03525302,-2.74477597,-11.90407939,-13.93813237,7.24356519,1.83141283,30.54289103,-1.04370677,-1.74858273,-4.36216243,-4.84584489,-7.33426573
20.07,-11.24155817,-3.27516293,-12.22385699,-14.2650353,6.30773495,1.98133191,30.63510493,-0.58322508,-2.01441367,-5.30075252,-5.05748778,-7.32433396
20.075,-11.50404867,-3.87213668,-12.56838062,-14.65454028,5.36394801,2.11501956,30.59342484,-0.09264568,-2.37353516,-6.17607405,-5.30104476,-7.23099875
20.08,-11.58152643,-4.40014604,-12.91414376,-15.09753012,4.31192028,2.22845233,30.71356837,0.34220311,-2.64622042,-7.07985536,-5.40551472,-7.21339471
20.085,-11.68716138,-5.00965753,-13.25946063,-15.61056246,3.24502749,2.24149422,30.70561652,0.80216562,-3.07675027,-7.89110974,-5.60240752,-7.05540861
20.09,-11.72283382,-5.62150583,-13.57962061,-16.20101733,2.11235765,2.23497672,30.69556353,1.253137,-3.45222799,-8.66478265,-5.6779928,-6.88208286
20.095,-11.67698647,-6.22572905,-13.92954041,-16.85719886,0.9439879,2.19341545,30.7005797,1.6775655,-3.85907399,-9.39866437,-5.74185981,-6.72074548
20.1,-11.5886666,-6.86961051,-14.21171192,-17.5987397,-0.26335521,2.0549645,30.64839544,2.10825872,-4.27843859,-10.06182625,-5.72842201,-6.46850743
20.105,-11.41018774,-7.50928705,-14.53296778,-18.42121819,-1.50708994,1.9117185,30.60581864,2.51932748,-4.70810957,-10.66671137,-5.72807733,-6.24733195
20.11,-11.19114216,-8.16650994,-14.76878256,-19.32212725,-2.77257942,1.63003135,30.51063193,2.9061657,-5.16912874,-11.22711494,-5.58190642,-5.92231584
20.115,-10.87399138,-8.83454291,-15.02547747,-20.31136196,-4.0589858,1.37799456,30.41658518,3.30000597,-5.59229736,-11.69988505,-5.51100907,-5.65041424
20.12,-10.49389809,-9.51716895,-15.22763146,-21.38650226,-5.3631159,1.031196,30.29166365,3.67604106,-6.03930631,-12.1230452,-5.36543912,-5.33297456
20.125,-10.04521032,-10.19646403,-15.37228991,-22.54180323,-6.67784912,0.59538846,30.1447485,4.02321257,-6.50198138,-12.50450718,-5.09900099,-4.9751176
20.13,-9.51480926,-10.88739965,-15.48746364,-23.78503351,-7.98899409,0.14285618,29.97936841,4.37124463,-6.94118521,-12.81196656,-4.86594514,-4.62662526
20.135,-8.91040304,-11.59760747,-15.56948735,-25.11209632,-9.2882071,-0.31605441,29.78829321,4.72781899,-7.3573722,-13.04311594,-4.67596815,-4.30109706
20.14,-8.22954644,-12.29751527,-15.57101561,-26.51832899,-10.58143182,-0.86491667,29.58169204,5.05593479,-7.78611295,-13.23620768,-4.38563807,-3.94798216
20.145,-7.46965847,-12.97179973,-15.4949808,-28.00233189,-11.84487172,-1.47824073,29.37045907,5.34976013,-8.21464824,-13.4066703,-3.99893683,-3.57618384
20.15,-6.63970823,-13.6575671,-15.37478534,-29.5573143,-13.07491686,-2.0783352,29.13475793,5.65694067,-8.61391756,-13.5037662,-3.67104549,-3.23864655
20.155,-5.73692999,-14.33087401,-15.18512342,-31.17999154,-14.26592028,-2.69832773,28.88745515,5.9530263,-8.99931644,-13.55880322,-3.3281454,-2.9143151
20.16,-4.76483529,-14.98766937,-14.92791632,-32.86420973,-15.40884827,-3.32709243,28.62962014,6.24087699,-9.36625172,-13.57397298,-2.97866807,-2.60617302
20.165,-3.72663094,-15.62205193,-14.60043606,-34.60171635,-16.4980319,-3.9534785,28.36315159,6.51867245,-9.71592072,-13.55317345,-2.62745744,-2.31890741
20.17,-2.65490143,-16.26793461,-14.24467513,-36.38204189,-17.5258889,-4.5215449,28.06211005,6.82916399,-10.03911151,-13.47354145,-2.3663982,-2.08832835
20.175,-1.4945408,-16.84566391,-13.76916741,-38.20767911,-18.48912624,-5.13046996,27.77724907,7.09023479,-10.35000586,-13.3815883,-2.01774072,-1.85624471
20.18,-0.25662536,-17.34256765,-13.20745874,-40.06997374,-19.36949871,-5.73932796,27.52269085,7.29928847,-10.64539164,-13.30620017,-1.59744428,-1.61594365
20.185,0.97600633,-17.8639411,-12.64610171,-41.9499524,-20.17853943,-6.26250569,27.2163324,7.56444447,-10.91970291,-13.17266576,-1.32309323,-1.45152668
20.19,2.2613933,-18.317422,-12.00469892,-43.8390242,-20.91928065,-6.75700925,26.91218272,7.8015871,-11.16331376,-13.0135634,-1.00627228,-1.31023624
20.195,3.57911695,-18.71209825,-11.31910652,-45.735377,-21.56957599,-7.21909524,26.61075425,8.01991225,-11.38344429,-12.85304762,-0.71745641,-1.1827841
20.2,4.91834038,-19.04962172,-10.59249989,-47.62492068,-22.14377807,-7.63251212,26.30248982,8.22503959,-11.57853815,-12.67361506,-0.43054466,-1.08260766
20.205,6.28045725,-19.33143162,-9.82815871,-49.50486168,-22.64015157,-8.00944628,25.99569409,8.41684942,-11.76290249,-12.48761872,-0.16663845,-1.00161898
20.21,7.64403163,-19.55623825,-9.04772474,-51.36433132,-23.05807382,-8.3362423,25.67895746,8.59567988,-11.92161703,-12.29212741,0.0807756,-0.9444793
20.215,8.99550663,-19.72155851,-8.25832304,-53.1933944,-23.40071914,-8.61786443,25.34873412,8.7615763,-12.06021765,-12.09227594,0.31316309,-0.91069567
20.22,10.3525997,-19.8345089,-7.45785023,-54.99492199,-23.66912502,-8.86936983,25.01984869,8.91259229,-12.18197651,-11.89001653,0.5189425,-0.88308678
20.225,11.69840237,-19.88090157,-6.65486653,-56.75579279,-23.8673198,-9.08410101,24.68843273,9.03973026,-12.29204397,-11.6922627,0.72240229,-0.86729251
20.23,13.02846655,-19.86995187,-5.85999029,-58.47278177,-23.99881018,-9.27056381,24.35268141,9.14943565,-12.38500333,-11.49381206,0.90775532,-0.85354061
20.235,14.33442278,-19.80902344,-5.08126327,-60.14090901,-24.07009623,-9.43634309,24.00850975,9.24321401,-12.46789366,-11.29783128,1.08221506,-0.84507468
20.24,15.61300533,-19.70368937,-4.32110452,-61.75238775,-24.08440254,-9.59191306,23.64999888,9.32544201,-12.53717425,-11.08859101,1.25165107,-0.83938671
20.245,16.87037651,-19.54441061,-3.58662366,-63.30977617,-24.04729222,-9.73332486,23.29823204,9.38183422,-12.60257714,-10.89785033,1.41027945,-0.82556517
20.25,18.11383968,-19.35115946,-2.87286351,-64.81398821,-23.96473454,-9.87270073,22.95512644,9.42449453,-12.6726164,-10.72239062,1.55838244,-0.79963986
20.255,19.31259834,-19.11161387,-2.19959183,-66.24895998,-23.84144693,-10.01390599,22.59768035,9.44575805,-12.73155866,-10.54642544,1.70998638,-0.76783556
20.26,20.48414184,-18.83751976,-1.5602028,-67.62021621,-23.68672343,-10.16054959,22.2434625,9.44782511,-12.79274602,-10.38661471,1.85571519,-0.72161544
20.265,21.62309951,-18.53372631,-0.9594402,-68.92237985,-23.5041945,-10.31942956,21.88623875,9.43348427,-12.85342307,-10.23381863,2.00233143,-0.66123362
20.27,22.73363724,-18.20469029,-0.39648125,-70.15456561,-23.29964409,-10.49431581,21.52976666,9.40373622,-12.91612088,-10.08957806,2.1512993,-0.5837353
20.275,23.8108573,-17.85073452,0.12444182,-71.31245721,-23.08134815,-10.68525274,21.17063121,9.35622635,-12.97951127,-9.95007523,2.30379606,-0.48828358
20.28,24.85697814,-17.46739365,0.60716573,-72.39045694,-22.86022818,-10.88966192,20.80521635,9.28665307,-13.04813917,-9.80579206,2.46221034,-0.37075664
20.285,25.86448984,-17.08351811,1.03992522,-73.3991152,-22.61332505,-11.12877623,20.43872157,9.21361473,-13.11174506,-9.68489415,2.62780281,-0.25074922
20.29,26.84810439,-16.67707643,1.43636877,-74.32744793,-22.37642246,-11.38030059,20.07260886,9.11943466,-13.18423524,-9.56101813,2.80011265,-0.1060954
20.295,27.80617521,-16.26194466,1.79291972,-75.1802294,-22.13990681,-11.65466482,19.71143767,9.01311552,-13.26264999,-9.45121528,2.9809995,0.06091347
20.3,28.71732889,-15.84778959,2.09967098,-75.95831124,-21.8865897,-11.942121,19.33945118,8.90090493,-13.32315687,-9.36059302,3.15941243,0.21137993
20.305,29.61993023,-15.41572146,2.37481946,-76.65066383,-21.65403621,-12.2498495,18.97262585,8.7686968,-13.40802442,-9.24589644,3.35909871,0.40078713
20.31,30.41805455,-14.97575022,2.60208027,-77.25697598,-21.40966426,-12.47266573,18.53234463,8.61993431,-13.46611343,-9.13106414,3.49970155,0.45384048
20.315,31.33725449,-14.55282225,2.80520387,-77.8082066,-21.19237911,-12.88234422,18.24297247,8.47829081,-13.55740906,-9.06208347,3.76276364,0.78205495
20.32,32.09556672,-14.11605528,2.97659223,-78.26361676,-20.96098606,-13.09324007,17.80313575,8.32058934,-13.62680972,-8.94797324,3.90124971,0.83470766
20.325,32.94623097,-13.67276843,3.10787482,-78.65296053,-20.79648986,-13.50444245,17.50095703,8.14095857,-13.7290677,-8.89575602,4.18705379,1.21309016
20.33,33.67214137,-13.25234756,3.22099869,-78.96103449,-20.53713982,-13.71416652,17.07020523,7.98373961,-13.79253176,-8.78070247,4.3315261,1.25426485
20.335,34.4578134,-12.81863074,3.2635196,-79.19364932,-20.32963199,-14.07633319,16.75810471,7.7896879,-13.83897894,-8.73071351,4.61418121,1.56916261
20.34,35.17770558,-12.38982219,3.31235106,-79.35095019,-20.12234997,-14.33509086,16.37905784,7.60331269,-13.9089732,-8.64804843,4.82693067,1.75812536
20.345,35.87801191,-11.96607264,3.33391221,-79.43373518,-19.90918954,-14.55749343,16.00361955,7.41383735,-13.96341521,-8.56646063,5.03363369,1.92218789
20.35,36.54390237,-11.56085501,3.36694104,-79.4492444,-19.68532153,-14.70067253,15.58918179,7.24822133,-14.03901389,-8.44976257,5.17250428,1.95424727
20.355,37.2166045,-11.13045353,3.30315141,-79.38218822,-19.45798474,-14.90174949,15.25123988,7.02477766,-14.0388607,-8.39373282,5.43797315,2.19154975
20.36,37.85337914,-10.72158315,3.26455497,-79.24793708,-19.22612019,-15.02841403,14.87084821,6.83225127,-14.07234904,-8.30065784,5.6342882,2.31582005
20.365,38.4705145,-10.32621762,3.24825321,-79.05346383,-18.99440823,-15.10899632,14.46595119,6.66394438,-14.13550926,-8.18083487,5.76934177,2.32645006
20.37,39.06731901,-9.90435086,3.16406631,-78.77621577,-18.72162273,-15.15720584,14.10433813,6.44793246,-14.10575997,-8.10865799,5.96989242,2.4191535
20.375,39.6359643,-9.52040217,3.04537641,-78.42585679,-18.45330164,-15.14434443,13.72068722,6.25057897,-14.08155506,-7.99547007,6.17322692,2.50609192
20.38,40.18471207,-9.13009518,2.94767978,-78.01381333,-18.16695622,-15.09933008,13.32984278,6.06045032,-14.06208024,-7.88037453,6.33980115,2.52781619
20.385,40.71181699,-8.74052488,2.84457764,-77.53436901,-17.86552481,-15.01703549,12.93824479,5.87184015,-14.02346944,-7.76267702,6.49266123,2.51240287
20.39,41.21228847,-8.36202299,2.72207326,-76.98534673,-17.54403387,-14.88521824,12.53890838,5.68668262,-13.96769707,-7.63088005,6.64116981,2.46559685
20.395,41.69127271,-7.98933001,2.59537301,-76.37328881,-17.20966466,-14.71988302,12.13476721,5.50764976,-13.89920554,-7.48921025,6.77611628,2.38423721
20.4,42.13852978,-7.63559997,2.44807427,-75.6903748,-16.85409971,-14.50348276,11.71982447,5.33672531,-13.81519431,-7.33300728,6.90456458,2.26264352
20.405,42.56359219,-7.28005378,2.30470845,-74.94462659,-16.48432421,-14.26476926,11.30220756,5.16920887,-13.70960163,-7.17199458,7.01886956,2.10631294
20.41,42.96324052,-6.93284165,2.15813822,-74.13322882,-16.10366165,-14.00624939,10.87833224,5.00891209,-13.59247347,-7.00105617,7.12290024,1.91410926
20.415,43.33788586,-6.58908371,2.01249644,-73.25843663,-15.7132821,-13.73356071,10.44945908,4.85348168,-13.45593642,-6.82322582,7.21711953,1.69012303
20.42,43.68314579,-6.26296987,1.85168421,-72.31938996,-15.31222682,-13.4351739,10.01053147,4.7082706,-13.30035204,-6.62963888,7.30309,1.42548671
20.425,44.00164705,-5.94725244,1.6894702,-71.31596277,-14.90322095,-13.1331145,9.56514213,4.5711223,-13.14014654,-6.42746411,7.38071035,1.12445494
20.43,44.30048852,-5.63012637,1.53798697,-70.25074889,-14.49675718,-12.84839968,9.12063281,4.43955241,-12.96381468,-6.22097713,7.45364981,0.80981348
20.435,44.56136341,-5.3414302,1.35589678,-69.12192899,-14.07751077,-12.53298066,8.65989497,4.31623987,-12.76252648,-5.99713476,7.5187064,0.43992699
20.44,44.79974314,-5.06061949,1.18449807,-67.93252672,-13.65715367,-12.23311908,8.19595561,4.20451439,-12.55902591,-5.76765802,7.57615506,0.04048028
20.445,45.01904032,-4.77938209,1.0208254,-66.68081291,-13.24169446,-11.96614801,7.73814035,4.09609005,-12.3534668,-5.54037854,7.63716083,-0.35990966
20.45,45.20259217,-4.52506188,0.83494086,-65.36848204,-12.82210405,-11.68379386,7.26529426,3.9970213,-12.1188402,-5.29854202,7.68998436,-0.80798676
20.455,45.36734702,-4.27247911,0.65935666,-63.99475991,-12.40208832,-11.43146635,6.79840492,3.90364241,-11.88761548,-5.05786205,7.74513853,-1.2629813
20.46,45.49775539,-4.05794255,0.46574971,-62.56495543,-11.98573522,-11.16943672,6.31636822,3.83212844,-11.64959506,-4.80531409,7.78917619,-1.77551624
20.465,45.60557763,-3.84604209,0.29453104,-61.07850434,-11.5639861,-10.91776414,5.83469639,3.77298343,-11.39576508,-4.55440273,7.81718843,-2.33263728
20.47,45.70761683,-3.63107934,0.09367569,-59.52017658,-11.15345169,-10.72864497,5.38913896,3.68982229,-11.1507946,-4.32162778,7.9046173,-2.75868434
20.475,45.76051532,-3.44704945,-0.10787992,-57.90885856,-10.72897103,-10.50783653,4.91041133,3.63248312,-10.90223369,-4.07373401,7.96191671,-3.28379257
20.48,45.80119423,-3.26882658,-0.29755935,-56.23793635,-10.3065695,-10.30508158,4.45152457,3.58310117,-10.65266399,-3.8401547,8.02835539,-3.79118007
20.485,45.81955634,-3.08532088,-0.47991098,-54.50290829,-9.87192252,-10.11390561,4.00931438,3.52633001,-10.39877188,-3.62844449,8.10906057,-4.26735843
20.49,45.80166279,-2.93520695,-0.68243396,-52.71039724,-9.4363629,-9.90292911,3.55640403,3.48802409,-10.15238058,-3.40937698,8.18897343,-4.76785452
20.495,45.75235661,-2.81091905,-0.90233153,-50.86189963,-8.99511725,-9.66878313,3.09876646,3.46233081,-9.90822471,-3.18786534,8.2685029,-5.28878446
20.5,45.68356332,-2.6883172,-1.10621559,-48.95282838,-8.54608964,-9.43253259,2.66298677,3.44247025,-9.67361088,-2.99234966,8.36199783,-5.77070615
20.505,45.57059049,-2.59428992,-1.3052678,-46.99503293,-8.08962681,-9.14013973,2.2065072,3.4515951,-9.44825279,-2.79288735,8.43942788,-6.30835119
20.51,45.45395129,-2.50130562,-1.53129361,-44.97067276,-7.63400522,-8.87087769,1.79372246,3.44389313,-9.23633011,-2.61557715,8.5707142,-6.70971065
20.515,45.29206832,-2.41125311,-1.73990757,-42.88645891,-7.1611303,-8.5611675,1.3894004,3.4423125,-9.03310039,-2.48278826,8.70038239,-7.09685437
20.52,45.07394682,-2.36507679,-1.97149438,-40.76783322,-6.68336411,-8.15098498,0.93189405,3.47936703,-8.83233054,-2.30742919,8.82136269,-7.53148881
20.525,44.84937696,-2.31205315,-2.19323434,-38.5883968,-6.21199781,-7.75398121,0.53789779,3.50509056,-8.65020279,-2.19941618,8.96823957,-7.86786687
20.53,44.57493974,-2.28287696,-2.41913167,-36.37896555,-5.72969703,-7.27579737,0.11198559,3.55775504,-8.48710871,-2.08051065,9.12169765,-8.19971425
20.535,44.26805984,-2.27461191,-2.64579072,-34.14201958,-5.25391623,-6.73421173,-0.31589667,3.63176972,-8.33342078,-1.97458956,9.28185937,-8.50101834
20.54,43.92893251,-2.2822827,-2.86854164,-31.88447806,-4.78404335,-6.13354129,-0.74735416,3.7256428,-8.19536583,-1.88303477,9.45152417,-8.76729089
20.545,43.55776673,-2.30715965,-3.09660242,-29.6165686,-4.32697011,-5.47266566,-1.18228518,3.83618953,-8.07003546,-1.80921452,9.62826661,-8.9930685
20.55,43.16028324,-2.34769225,-3.31355072,-27.35211581,-3.88679208,-4.75857958,-1.62524709,3.97178744,-7.96591786,-1.74583988,9.81489341,-9.18312875
20.555,42.73570878,-2.40182552,-3.53270727,-25.10239457,-3.4691984,-3.98651002,-2.07670018,4.12381092,-7.87430396,-1.69775488,10.00690976,-9.33401591
20.56,42.29813059,-2.47120594,-3.73763436,-22.88265705,-3.08595469,-3.19072309,-2.52912585,4.30135598,-7.79777925,-1.66570708,10.20134961,-9.44403943
20.565,41.83676894,-2.55466365,-3.94092402,-20.70831928,-2.72012862,-2.33448467,-3.00097583,4.49561541,-7.73620077,-1.63868105,10.39968277,-9.51837285
20.57,41.36960765,-2.6435849,-4.13228146,-18.59239371,-2.39145799,-1.465165,-3.47521287,4.70472045,-7.68993597,-1.6272105,10.59865294,-9.55635505
20.575,40.89426667,-2.73675288,-4.31149265,-16.54577216,-2.10578552,-0.58942654,-3.95499603,4.92462452,-7.66131439,-1.63208746,10.79466016,-9.56135169
20.58,40.41981801,-2.82765837,-4.47396477,-14.58698962,-1.85497137,0.28459786,-4.44070439,5.15325719,-7.64667201,-1.64655742,10.99176476,-9.5369412
20.585,39.95206156,-2.916698,-4.61924994,-12.73693782,-1.63153796,1.15221181,-4.93121363,5.3879988,-7.64756833,-1.67268699,11.18261078,-9.48326662
20.59,39.49986315,-2.99973855,-4.74628128,-11.01061782,-1.43911352,2.00152902,-5.42369286,5.62602244,-7.66264042,-1.70774729,11.37152266,-9.40611352
20.595,39.06949175,-3.07258495,-4.85315666,-9.42072427,-1.27118323,2.81917776,-5.91376849,5.86212598,-7.69157026,-1.75382271,11.55137334,-9.30752371
20.6,38.66726415,-3.1299795,-4.93993549,-7.97713971,-1.12551942,3.59618265,-6.3979471,6.09062006,-7.73260391,-1.81010086,11.72062246,-9.19091369
20.605,38.29119209,-3.1710091,-5.00412194,-6.68299573,-1.002478,4.32094471,-6.86275554,6.30689946,-7.80277263,-1.90939316,11.85789144,-9.06393444
20.61,37.94613099,-3.18234183,-5.06611274,-5.54011455,-0.89091424,4.99892313,-7.3322919,6.49773941,-7.86755769,-1.98691073,12.00000475,-8.91454355
20.615,37.63045007,-3.16990862,-5.10355316,-4.55071184,-0.80615339,5.60452923,-7.77771184,6.66781846,-7.96254911,-2.1091278,12.10007228,-8.76319997
20.62,37.34503903,-3.1222085,-5.14214133,-3.70997996,-0.7395512,6.14923952,-8.21787665,6.80339342,-8.05773646,-2.22545547,12.19642781,-8.5963674
20.625,37.08873399,-3.04287034,-5.16890198,-3.01963249,-0.69145723,6.61935188,-8.6389814,6.90541658,-8.17324941,-2.36955524,12.25326548,-8.424226
20.63,36.86051299,-2.9278466,-5.1899726,-2.47265126,-0.66783482,7.01827623,-9.04150643,6.96940616,-8.30095473,-2.53459624,12.28193267,-8.24470214
20.635,36.66171639,-2.77828743,-5.20385751,-2.06876569,-0.67128337,7.3407176,-9.42728725,6.99518719,-8.44067112,-2.71552023,12.27384112,-8.06230932
20.64,36.55686858,-2.58720045,-5.16820353,-1.8109014,-0.73110407,7.52634546,-9.73536426,6.98749527,-8.58764533,-2.91060695,12.20253929,-7.96737404
20.645,36.4012515,-2.36057526,-5.20369416,-1.67038669,-0.77076933,7.71003939,-10.09913201,6.92390058,-8.77470411,-3.11226891,12.08223092,-7.77464736
20.65,36.24598913,-2.109135,-5.21697079,-1.65882009,-0.83168863,7.83484155,-10.46834474,6.81620759,-8.92398651,-3.33619925,12.00422268,-7.51805061
20.655,36.12237797,-1.84070939,-5.23338003,-1.75308219,-0.93697052,7.85366418,-10.78740701,6.67726051,-9.1123798,-3.61817546,11.8801838,-7.2610348
20.66,36.05368168,-1.53528625,-5.22474617,-1.97027975,-1.08051111,7.78294446,-11.07033331,6.49800214,-9.30530104,-3.89826912,11.67662515,-7.03845452
20.665,36.00282608,-1.2074956,-5.20329724,-2.2838988,-1.26147183,7.63067693,-11.33133478,6.28207849,-9.50536231,-4.20392849,11.4251526,-6.81344379
20.67,35.96926645,-0.85887428,-5.16459937,-2.6871874,-1.47744575,7.39400878,-11.56939257,6.02935401,-9.71607838,-4.5362016,11.12601371,-6.5764721
20.675,36.00338111,-0.51013878,-5.12689591,-3.18604328,-1.64971359,7.20634524,-11.74052154,5.75529077,-9.90574631,-4.88907245,10.70954765,-6.40530273
20.68,35.95390104,-0.12205799,-5.04743877,-3.71322155,-2.03447573,6.69937718,-11.95642079,5.42780564,-10.14662017,-5.29622093,10.36255968,-6.11300626
20.685,35.96552427,0.26120603,-4.95771471,-4.31127834,-2.36824101,6.24113346,-12.10258116,5.08349156,-10.37573489,-5.72974741,9.90211875,-5.85574505
20.69,35.98281677,0.65062867,-4.85195861,-4.94851596,-2.73411936,5.72625662,-12.21685643,4.71016685,-10.60327673,-6.20096541,9.38007902,-5.60943247
20.695,36.00212739,1.04069571,-4.72950974,-5.61389839,-3.12893666,5.14854264,-12.29883938,4.31400878,-10.83249148,-6.71334613,8.79892895,-5.36214144
20.7,36.01977597,1.43116154,-4.59294434,-6.28979147,-3.54416092,4.54344033,-12.34211649,3.89151439,-11.05947043,-7.27233459,8.15232338,-5.12309196
20.705,36.02731979,1.81771553,-4.44494788,-6.96563646,-3.98653591,3.87883598,-12.35032049,3.44873959,-11.28808471,-7.8815136,7.44891472,-4.88921782
20.71,36.02519857,2.19636229,-4.29131067,-7.63624377,-4.43296314,3.18880815,-12.32250769,2.98725438,-11.51047144,-8.53553891,6.67555616,-4.66243368
20.715,36.00319063,2.57385274,-4.13262665,-8.27437746,-4.88257395,2.50301972,-12.24890395,2.49758633,-11.72882332,-9.25127441,5.83438721,-4.45663481
20.72,35.96008353,2.93810159,-3.97759192,-8.88625389,-5.32731016,1.7952274,-12.13694637,1.99324914,-11.94228497,-10.02398605,4.92624505,-4.26973759
20.725,35.88923643,3.2933059,-3.8283574,-9.45238125,-5.75880324,1.09535935,-11.9800869,1.46848769,-12.1470592,-10.85898459,3.94804599,-4.10820465
20.73,35.78668075,3.63668577,-3.68908124,-9.96521224,-6.17096599,0.4060598,-11.77718522,0.92623313,-12.34880816,-11.75926675,2.90060284,-3.98179367
20.735,35.65248317,3.96797671,-3.5624249,-10.42859657,-6.54711738,-0.26167432,-11.52947074,0.36544357,-12.53663985,-12.7235009,1.77626615,-3.88819354
20.74,35.47889563,4.26832339,-3.44471391,-10.83723855,-6.87731359,-0.96006261,-11.2371121,-0.19487769,-12.68731815,-13.75725377,0.57006256,-3.8376939
20.745,35.27188926,4.59126495,-3.3622091,-11.16288214,-7.19596734,-1.50721881,-10.88558473,-0.79938226,-12.89038751,-14.86101946,-0.67959421,-3.83687513
20.75,35.01536055,4.87766369,-3.28690668,-11.42250595,-7.45381306,-2.10593425,-10.48860479,-1.40017679,-13.03863853,-16.03886257,-2.02019929,-3.89912133
20.755,34.73375677,5.160379,-3.24037497,-11.64235298,-7.67300405,-2.63463468,-10.04403163,-2.01583451,-13.19281041,-17.2739704,-3.42105015,-4.01142486
20.76,34.40421548,5.42175918,-3.22004085,-11.7813349,-7.84138853,-3.14025332,-9.54368193,-2.63639039,-13.33126654,-18.58553738,-4.88965437,-4.19974858
20.765,34.0414729,5.67294637,-3.2204622,-11.86885491,-7.94965929,-3.58761603,-8.99263631,-3.26491289,-13.46765372,-19.96068306,-6.41537983,-4.44020231
20.77,33.63525758,5.9038692,-3.24367195,-11.88506641,-8.01920752,-4.01354351,-8.38723856,-3.89284629,-13.56927519,-21.39939302,-8.00303287,-4.78369832
20.775,33.19610505,6.09453228,-3.27482298,-11.86029563,-7.99200834,-4.42080548,-7.73029663,-4.48997209,-13.6298997,-22.89696084,-9.66016246,-5.23427061
20.78,32.73124593,6.32738418,-3.36096164,-11.77237606,-7.99449131,-4.69551725,-7.01825221,-5.14453276,-13.75736611,-24.45544368,-11.28438674,-5.65170529
20.785,32.2296449,6.51924313,-3.45424727,-11.64372915,-7.91094835,-4.972162,-6.25973854,-5.76506795,-13.82623575,-26.06224498,-12.97038619,-6.19970722
20.79,31.70361309,6.69746372,-3.56594599,-11.47368003,-7.78280283,-5.19694099,-5.44761923,-6.37470658,-13.87691324,-27.72018319,-14.65979532,-6.81279523
20.795,31.15533327,6.86271068,-3.69801132,-11.26920768,-7.61332018,-5.37323572,-4.58714674,-6.97283519,-13.91249902,-29.41741699,-16.33937614,-7.48261363
20.8,30.58881731,7.01664989,-3.84750892,-11.037363,-7.40970254,-5.50107597,-3.67952497,-7.55664777,-13.929356,-31.15297819,-17.98870751,-8.1972937
20.805,30.00760745,7.15771289,-4.01184852,-10.77858596,-7.176094,-5.57943459,-2.7232978,-8.12203313,-13.92176286,-32.91925511,-19.60035545,-8.97632512
20.81,29.41366801,7.28816265,-4.18615918,-10.50256833,-6.90566819,-5.61505212,-1.72767649,-8.66799561,-13.90552338,-34.70608899,-21.14593031,-9.75038684
20.815,28.81349919,7.40204901,-4.36885524,-10.21635915,-6.61558798,-5.60348707,-0.68910058,-9.18452385,-13.85882813,-36.51249275,-22.61555806,-10.56521968
20.82,28.21083848,7.50206566,-4.55736261,-9.92372334,-6.2996388,-5.54821678,0.38774333,-9.67119204,-13.79596895,-38.32659616,-23.99711148,-11.38649174
20.825,27.60311797,7.59213314,-4.74767566,-9.62351921,-5.96879387,-5.45815611,1.49763539,-10.13037619,-13.71319519,-40.14292173,-25.2612761,-12.17582807
20.83,27.00113796,7.66491373,-4.94000812,-9.330784,-5.62863527,-5.32483259,2.64093495,-10.55057258,-13.60617392,-41.95434706,-26.41575986,-12.973299
20.835,26.41740643,7.71004915,-5.13132952,-9.07786555,-5.25821232,-5.14702895,3.80988395,-10.92024918,-13.49278484,-43.75155311,-27.48484488,-13.76125952
20.84,25.82103143,7.74759865,-5.30906604,-8.79598701,-4.89392672,-4.95701971,5.00034924,-11.26076414,-13.35648407,-45.52352942,-28.37784411,-14.45926021
20.845,25.22679615,7.78431551,-5.48629484,-8.49841825,-4.56386767,-4.74561196,6.21965083,-11.57349832,-13.18974876,-47.27050968,-29.09088431,-15.12320133
20.85,24.66221326,7.77545434,-5.65616574,-8.26236258,-4.18901459,-4.49697784,7.45777567,-11.81850136,-13.01623331,-48.98085594,-29.73688909,-15.76013538
20.855,24.08645373,7.7667342,-5.80048095,-8.00848814,-3.84475095,-4.25837656,8.69733876,-12.03426202,-12.83961499,-50.64509425,-30.18753744,-16.29325172
20.86,23.5349064,7.72957923,-5.9419278,-7.78590469,-3.48963388,-3.99567963,9.95842329,-12.19927404,-12.64526946,-52.26249154,-30.52847005,-16.78832243
20.865,22.98835151,7.66493413,-6.0648972,-7.58473362,-3.13649869,-3.73990158,11.21754557,-12.31324954,-12.44704607,-53.82221001,-30.72744017,-17.19987461
20.87,22.45022281,7.57850906,-6.17558752,-7.3999982,-2.79273454,-3.49048505,12.47800317,-12.38054639,-12.24000913,-55.31952978,-30.78763532,-17.54198266
20.875,21.92815134,7.46563192,-6.28083517,-7.23235839,-2.45775578,-3.23325337,13.74438947,-12.39777007,-12.02380045,-56.74833593,-30.71906404,-17.82152175
20.88,21.41040807,7.3374393,-6.36456938,-7.08499001,-2.13630529,-2.99842281,14.99837855,-12.3778663,-11.81161057,-58.10584935,-30.52646259,-18.02526275
20.885,20.91536717,7.17993892,-6.45162968,-6.94651816,-1.82016549,-2.74123048,16.26455106,-12.30787935,-11.58861442,-59.38366901,-30.21620557,-18.14959502
20.89,20.41869548,7.0084816,-6.52007085,-6.82986899,-1.51558057,-2.52167992,17.50518924,-12.20435644,-11.37350913,-60.57954838,-29.79854933,-18.20073182
20.895,19.93183347,6.81728512,-6.58035985,-6.72781076,-1.22138132,-2.31734015,18.73556883,-12.06305027,-11.15830108,-61.69142536,-29.28168588,-18.17498012
20.9,19.45164571,6.60938199,-6.64101953,-6.62111379,-0.93411727,-2.11549311,19.95721864,-11.88657462,-10.94171933,-62.7102812,-28.67098039,-18.05087003
20.905,18.97856624,6.38582403,-6.69952579,-6.54539788,-0.65325096,-1.94369726,21.15597606,-11.67904851,-10.72620558,-63.64153996,-27.9736779,-17.86263228
20.91,18.50721441,6.14844746,-6.75624217,-6.47861422,-0.3874404,-1.79221686,22.33024066,-11.44141888,-10.51262635,-64.4767115,-27.2155157,-17.60234134
20.915,18.03314028,5.90039603,-6.80646088,-6.42050734,-0.12221099,-1.67470059,23.47427717,-11.18013124,-10.30716904,-65.21366985,-26.40921097,-17.31638388
20.92,17.56747084,5.64300787,-6.87011685,-6.37287245,0.13242295,-1.56282086,24.59953994,-10.89316179,-10.09607454,-65.85571267,-25.54866804,-16.93924457
20.925,17.10141269,5.37399325,-6.94846714,-6.33842151,0.37368502,-1.47302003,25.69390848,-10.58262323,-9.88483842,-66.39579481,-24.66111775,-16.52408381
20.93,16.63234312,5.10354985,-7.00365897,-6.30467355,0.65150882,-1.4169805,26.75123811,-10.26071314,-9.69812787,-66.83313067,-23.74151634,-16.13216874
20.935,16.16664494,4.82669981,-7.08873478,-6.28076786,0.90100456,-1.36268193,27.78247274,-9.91905339,-9.49951526,-67.17063179,-22.81506987,-15.67462646
20.94,15.69860124,4.54627876,-7.18408978,-6.26266572,1.15130743,-1.32408167,28.77762913,-9.56276264,-9.30544396,-67.40539862,-21.88914671,-15.20747946
20.945,15.23009574,4.26445044,-7.28803744,-6.25067002,1.40491663,-1.30146148,29.73623935,-9.1957145,-9.12081281,-67.53598652,-20.97583361,-14.75444876
20.95,14.75872085,3.98437604,-7.4089166,-6.24067132,1.6532817,-1.28528379,30.65896684,-8.82031743,-8.93776303,-67.56629136,-20.08307066,-14.3009357
20.955,14.28745164,3.70478531,-7.53526115,-6.23842208,1.91090204,-1.28202305,31.54154662,-8.43758539,-8.76726104,-67.49203127,-19.21334282,-13.87976575
20.96,13.81438534,3.4300022,-7.6778824,-6.23913932,2.16719944,-1.28050324,32.38573654,-8.05167474,-8.60024816,-67.31799739,-18.37256938,-13.47360106
20.965,13.33956655,3.16664542,-7.85359492,-6.24431765,2.40921986,-1.26718453,33.19403338,-7.66697088,-8.4275787,-67.046961,-17.56867276,-13.07023531
20.97,12.86603363,2.89049264,-7.98668754,-6.25213571,2.68678914,-1.30926891,33.951057,-7.27293683,-8.30749121,-66.66566797,-16.83421224,-12.84127342
20.975,12.38947733,2.63262097,-8.15758806,-6.26460645,2.95396199,-1.32182649,34.66752145,-6.88569364,-8.17215568,-66.1855359,-16.1181094,-12.57642508
20.98,11.90907015,2.38200234,-8.33909628,-6.27248958,3.2238961,-1.33379561,35.34359543,-6.50399851,-8.05429964,-65.61277102,-15.45322527,-12.36757666
20.985,11.43431631,2.13977901,-8.51520697,-6.2940518,3.49293043,-1.35644426,35.978116,-6.12451342,-7.94384316,-64.94398624,-14.84418873,-12.2406873
20.99,10.95348159,1.90430358,-8.70553335,-6.30583569,3.77086572,-1.37460632,36.5632351,-5.75558961,-7.8609058,-64.17369152,-14.28226948,-12.15934347
20.995,10.47186033,1.67902521,-8.8954321,-6.32406254,4.05041232,-1.38661371,37.10372303,-5.39245092,-7.7847884,-63.31219596,-13.76985057,-12.13832988
21,10.00123749,1.46546033,-9.07237532,-6.35434636,4.32447943,-1.4144744,37.60758696,-5.03716217,-7.7167629,-62.36115923,-13.30940711,-12.19226923
21.005,9.51846349,1.25949952,-9.25828838,-6.37221207,4.6102592,-1.43019987,38.05672341,-4.69571154,-7.67671527,-61.31516713,-12.89912268,-12.29349736
21.01,9.02221172,1.05952763,-9.45804732,-6.38454291,4.90737378,-1.42372435,38.44634555,-4.36889647,-7.66752191,-60.17652741,-12.5475385,-12.45540819
21.015,8.59533945,0.9120465,-9.65508742,-6.41803851,5.14872737,-1.51446267,38.86798125,-4.079572,-7.62604615,-58.97816377,-12.18999228,-12.64236285
21.02,8.06314451,0.69331386,-9.79260112,-6.43558294,5.48223681,-1.4607101,39.11592157,-3.74430313,-7.67003988,-57.64625478,-11.97963786,-12.93712624
21.025,7.56220493,0.52413933,-9.97026612,-6.45419252,5.78351083,-1.43795562,39.36274927,-3.45281783,-7.70232491,-56.25250509,-11.77981427,-13.27721139
21.03,7.07528343,0.36795128,-10.13384816,-6.47665865,6.07656621,-1.43610207,39.57674743,-3.18051572,-7.74929976,-54.7795586,-11.6182408,-13.63878428
21.035,6.59098166,0.22187468,-10.28222726,-6.49924967,6.36764952,-1.44008626,39.74774273,-2.92214063,-7.81142765,-53.22865016,-11.49378384,-14.02620879
21.04,6.10431944,0.08565711,-10.42310043,-6.52311061,6.65809477,-1.4394203,39.86975137,-2.68142646,-7.89337911,-51.60072463,-11.41411253,-14.44146054
21.045,5.62070486,-0.03956594,-10.55211631,-6.54680131,6.94680472,-1.44006651,39.95078342,-2.45653871,-7.98733214,-49.89994024,-11.3635851,-14.86653964
21.05,5.14079105,-0.15285084,-10.6721964,-6.57404639,7.23220006,-1.44074779,39.98990803,-2.25004313,-8.0942938,-48.12885679,-11.34142377,-15.29283494
21.055,4.66243075,-0.25631386,-10.78034166,-6.6004641,7.51607199,-1.44028946,39.98744646,-2.05905728,-8.21295582,-46.28969405,-11.34259589,-15.71288458
21.06,4.16145338,-0.33700991,-10.91634427,-6.61972702,7.79379781,-1.39285874,39.92637516,-1.8918896,-8.33276937,-44.38862784,-11.39022057,-16.17737099
21.065,3.72252457,-0.42145661,-10.97406544,-6.65814781,8.07487695,-1.43099897,39.87304007,-1.7353272,-8.47642217,-42.42577654,-11.39076334,-16.48655826
21.07,3.24503535,-0.49407758,-11.05600903,-6.68509749,8.35001874,-1.42533863,39.74362141,-1.59675758,-8.62934225,-40.399787,-11.43717084,-16.83849989
21.075,2.77290959,-0.54172824,-11.13578828,-6.7161598,8.62108975,-1.40921089,39.58290112,-1.48563183,-8.78360363,-38.32697735,-11.48551561,-17.14232774
21.08,2.31757562,-0.58274469,-11.20305214,-6.75179747,8.88908984,-1.39636371,39.39712008,-1.38593898,-8.92871589,-36.20437944,-11.52243066,-17.38252147
21.085,1.85825002,-0.60459093,-11.26664352,-6.78759757,9.15337324,-1.37410428,39.17354528,-1.3105097,-9.07711678,-34.04094594,-11.55523349,-17.56688162
21.09,1.39778555,-0.60722069,-11.32688371,-6.82207964,9.41418064,-1.3404341,38.91725568,-1.25943538,-9.2227477,-31.84228624,-11.57672162,-17.68559591
21.095,0.94090631,-0.59440306,-11.37965167,-6.85934281,9.67194018,-1.29907466,38.63243701,-1.2282001,-9.35778022,-29.6130529,-11.58001709,-17.72726882
21.1,0.48619572,-0.56172462,-11.4274709,-6.89914564,9.92414201,-1.24648253,38.32167096,-1.22168038,-9.47620266,-27.3625225,-11.56014451,-17.6872198
21.105,0.03728402,-0.50953298,-11.47118069,-6.94171605,10.17218722,-1.18895589,37.99084365,-1.23771466,-9.57268514,-25.09686749,-11.51551372,-17.56002947
21.11,-0.41560026,-0.43564811,-11.50937935,-6.98513914,10.41439127,-1.11464917,37.63454439,-1.28286181,-9.64866455,-22.82749252,-11.4410966,-17.34393285
21.115,-0.80851166,-0.31991386,-11.58651923,-7.03852883,10.66720996,-1.10143927,37.33082023,-1.3484163,-9.63672207,-20.5756101,-11.40087077,-17.05967897
21.12,-1.32125008,-0.21881926,-11.57995152,-7.07598982,10.8799232,-0.93401388,36.87467338,-1.45884051,-9.70391037,-18.31915933,-11.19622644,-16.64312431
21.125,-1.7722352,-0.07210432,-11.60825822,-7.12540438,11.10548215,-0.81833495,36.47924117,-1.59751722,-9.6783505,-16.10382799,-11.03047934,-16.14736139
21.13,-2.22591184,0.10063498,-11.63008659,-7.17600635,11.3190502,-0.69390675,36.07593763,-1.77151676,-9.61126237,-13.93453019,-10.83124178,-15.57964676
21.135,-2.67605335,0.30119545,-11.64541536,-7.22914547,11.52259923,-0.55871264,35.67645309,-1.98475988,-9.49927534,-11.83065977,-10.59972567,-14.94276223
21.14,-3.12674279,0.52345354,-11.64966186,-7.28469545,11.7153051,-0.40815664,35.28084737,-2.23503718,-9.35110912,-9.80741352,-10.32963374,-14.23655037
21.145,-3.57645453,0.76775899,-11.65241859,-7.34462652,11.89341511,-0.25001331,34.89772142,-2.51880165,-9.1522349,-7.88397569,-10.0237472,-13.48870305
21.15,-4.02628048,1.02145837,-11.64313041,-7.40412461,12.06156261,-0.07632488,34.52755153,-2.83361855,-8.92850499,-6.068072,-9.68403624,-12.68795775
21.155,-4.47702846,1.28348253,-11.62641536,-7.46962049,12.21430641,0.11054267,34.17333346,-3.17115394,-8.67444889,-4.37130163,-9.3140161,-11.85819312
21.16,-4.92999694,1.51727071,-11.57976192,-7.53533247,12.36399525,0.32513586,33.82362478,-3.52110287,-8.47433002,-2.78754051,-8.92255442,-10.94132869
21.165,-5.38489099,1.76449721,-11.54803783,-7.60730547,12.48737501,0.54206322,33.50016174,-3.88469773,-8.19720926,-1.34316479,-8.51377522,-10.07502599
21.17,-5.84551618,2.01560945,-11.53293993,-7.66617337,12.58629151,0.76224893,33.20578866,-4.25429052,-7.87604613,-0.03988764,-8.08810702,-9.28034348
21.175,-6.30213856,2.20262074,-11.47379664,-7.7683824,12.67931066,1.02742381,32.90279616,-4.60483008,-7.61659086,1.13908559,-7.66189755,-8.37483643
21.18,-6.76455454,2.38186918,-11.43268334,-7.85764484,12.74347599,1.29449621,32.62856424,-4.94687388,-7.32786931,2.17350191,-7.23885188,-7.57032487
21.185,-7.22923561,2.52390058,-11.38995996,-7.95514593,12.78547437,1.58097675,32.36911549,-5.26453664,-7.0459504,3.06827179,-6.82430148,-6.80348729
21.19,-7.69739353,2.62681212,-11.35223846,-8.06078627,12.80186778,1.88684037,32.12356911,-5.55060228,-6.77378992,3.82354459,-6.42157785,-6.08455096
21.195,-8.16415728,2.7005933,-11.33749791,-8.166673,12.77934182,2.18865068,31.90725162,-5.80120086,-6.46372933,4.43148284,-6.03697087,-5.48092115
21.2,-8.63494238,2.71788819,-11.30618872,-8.29773042,12.73429975,2.53564572,31.68981877,-6.01100233,-6.20779297,4.9077122,-5.68480247,-4.87804808
21.205,-9.1132323,2.6721624,-11.29243716,-8.42735847,12.67065698,2.90409917,31.47827236,-6.16133443,-6.00524281,5.25870135,-5.36485432,-4.32575774
21.21,-9.57830256,2.58332677,-11.27838565,-8.58431696,12.55194701,3.27711272,31.29317327,-6.26576042,-5.78319081,5.46449139,-5.09330635,-3.88072423
21.215,-10.05565808,2.43062557,-11.29112892,-8.74342721,12.41282571,3.6868041,31.10535965,-6.30405724,-5.61257758,5.55633609,-4.85646323,-3.47689013
21.22,-10.52434957,2.23269739,-11.31033994,-8.90284406,12.21683952,4.09427463,30.94269964,-6.28747582,-5.44619725,5.52788435,-4.67385613,-3.17884876
21.225,-10.98474876,1.96420546,-11.36475366,-9.12213236,12.00017528,4.53204052,30.77840037,-6.20115941,-5.31694836,5.37750874,-4.5430826,-2.93248178
21.23,-11.43845206,1.65157391,-11.43142296,-9.34153421,11.73031702,4.96811127,30.6400534,-6.05634857,-5.1994325,5.11136472,-4.47308847,-2.77791469
21.235,-11.80910133,1.31770763,-11.46253939,-9.56958724,11.34578794,5.26457556,30.60496303,-5.87743495,-5.08045033,4.71834488,-4.43070739,-2.7588238
21.24,-12.30437208,0.87877514,-11.63162649,-9.85391532,11.04294998,5.83921559,30.41455077,-5.58736418,-5.01567433,4.27667232,-4.52341423,-2.71061001
21.245,-12.63854963,0.4581165,-11.71098521,-10.14039936,10.55008039,6.12449583,30.42063428,-5.29910429,-4.93945753,3.68863096,-4.56318109,-2.77725944
21.25,-13.11058451,-0.08133706,-11.93512759,-10.48647993,10.15987862,6.71523777,30.24697648,-4.89073453,-4.91981055,3.08431439,-4.81920914,-2.93217797
21.255,-13.40164768,-0.58088186,-12.06168524,-10.83893796,9.54335307,6.98520091,30.28653292,-4.50120613,-4.87746127,2.3455587,-4.95647369,-3.07678277
21.26,-13.81069395,-1.20238635,-12.32269549,-11.26427287,9.03509706,7.52281295,30.15148501,-3.99615568,-4.88805353,1.61692155,-5.37911757,-3.4264033
21.265,-14.04773664,-1.76971,-12.50069089,-11.70253788,8.29631816,7.76715756,30.21641756,-3.52262209,-4.87216096,0.76410039,-5.59007454,-3.6515188
21.27,-14.38681296,-2.45806657,-12.79103645,-12.2228304,7.67917175,8.23609644,30.10830814,-2.93986102,-4.90082686,-0.04709109,-6.16640996,-4.19116835
21.275,-14.61296778,-3.1220045,-13.04874679,-12.77558617,6.89079089,8.53737532,30.11215749,-2.3676776,-4.91139775,-0.92959034,-6.62361456,-4.6598996
21.28,-14.79262502,-3.81360944,-13.30996608,-13.38966643,6.05044006,8.78134906,30.12395734,-1.76948754,-4.92546014,-1.82919759,-7.11655337,-5.18547006
21.285,-14.92235019,-4.52500216,-13.56807516,-14.06349892,5.14908495,8.96525185,30.14473301,-1.14888966,-4.94856556,-2.73330565,-7.64863811,-5.75708062
21.29,-15.01404781,-5.24856733,-13.84076905,-14.80219258,4.19071137,9.10548912,30.1597077,-0.51485853,-4.92174505,-3.64371223,-8.16263637,-6.47168026
21.295,-15.00583197,-5.99220111,-14.07191944,-15.61590402,3.14759685,9.11669574,30.21161086,0.12131564,-4.9805384,-4.54070739,-8.71821611,-7.00794053
21.3,-14.95674866,-6.74918592,-14.29148975,-16.49715864,2.04610299,9.06859642,30.24177023,0.76709844,-4.97522689,-5.41633615,-9.24729949,-7.68973677
21.305,-14.84619366,-7.50212785,-14.50485303,-17.44618013,0.88727978,8.92636909,30.28327636,1.40587404,-4.9772778,-6.29225913,-9.74324667,-8.44966113
21.31,-14.64517595,-8.27950282,-14.66827156,-18.47910879,-0.34325745,8.69240606,30.32471571,2.04657933,-5.00751236,-7.11635673,-10.21672008,-9.00678228
21.315,-14.38485756,-9.05785903,-14.82452603,-19.5815238,-1.63633918,8.35990453,30.36214118,2.6733024,-5.06538961,-7.9274819,-10.65124075,-9.61610447
21.32,-14.04410145,-9.83682789,-14.87792611,-20.76848231,-2.97164014,7.88979887,30.38073554,3.2969608,-5.04076094,-8.68048949,-11.03577761,-10.33425865
21.325,-13.62966594,-10.62343594,-14.94543124,-22.03104523,-4.36560856,7.37400041,30.39638829,3.9027017,-5.08647288,-9.40625369,-11.35366669,-10.89055722
21.33,-13.1425497,-11.4103058,-14.92837336,-23.35781434,-5.80743326,6.73938667,30.40423324,4.4960758,-5.12818061,-10.10458163,-11.60789155,-11.46318621
21.335,-12.54268349,-12.16795085,-14.80610524,-24.79089786,-7.27373267,5.91884859,30.4008609,5.04265605,-5.14211936,-10.74070356,-11.76734682,-12.13456548
21.34,-11.87780222,-12.94317494,-14.65669074,-26.28262913,-8.77948435,5.08548,30.37866204,5.59012625,-5.19539867,-11.33180655,-11.87659426,-12.64149867
21.345,-11.14116398,-13.72500734,-14.45021793,-27.84122903,-10.30339653,4.20560171,30.32388997,6.13387728,-5.26338338,-11.85151251,-11.94685546,-13.04776452
21.35,-10.31268606,-14.4909749,-14.15015181,-29.47180529,-11.84891204,3.21326842,30.26158734,6.63871487,-5.35000668,-12.34265629,-11.91214177,-13.46438696
21.355,-9.39002608,-15.21134801,-13.76161662,-31.16919467,-13.38174641,2.13879385,30.20166516,7.09372679,-5.4618687,-12.81272907,-11.7715926,-13.86506242
21.36,-8.40026324,-15.93701078,-13.31294202,-32.91934324,-14.90445885,1.0677809,30.10319253,7.54810204,-5.58859021,-13.20774339,-11.59200812,-14.17179241
21.365,-7.33432203,-16.63560128,-12.77968117,-34.71938336,-16.39519643,-0.03079622,29.9819218,7.9782405,-5.73662977,-13.55005115,-11.35008422,-14.42431796
21.37,-6.19880645,-17.31050899,-12.17728749,-36.56394289,-17.8464116,-1.12686421,29.83840983,8.38659149,-5.91206594,-13.84607993,-11.04840106,-14.62637824
21.375,-4.99488358,-17.94726516,-11.509456,-38.44577788,-19.24988802,-2.20735121,29.68201651,8.76738687,-6.11714464,-14.11139273,-10.6936056,-14.77584072
21.38,-3.73714852,-18.56289254,-10.78512417,-40.35318521,-20.59803656,-3.2461647,29.49319803,9.14132215,-6.34976741,-14.31605345,-10.32724155,-14.86738816
21.385,-2.40122932,-19.08844855,-9.95438875,-42.27978218,-21.85305815,-4.27037124,29.28931269,9.45755887,-6.56312453,-14.46791494,-9.84314557,-14.91430097
21.39,-1.03581941,-19.5846942,-9.09491078,-44.21521836,-23.02708625,-5.21789424,29.05448107,9.76864039,-6.81537253,-14.58342593,-9.36142691,-14.91111585
21.395,0.34316114,-20.06260565,-8.21846187,-46.14971245,-24.12448737,-6.07106291,28.77557027,10.08978097,-7.09878422,-14.64836038,-8.92114604,-14.87909894
21.4,1.77389656,-20.43913683,-7.27072736,-48.07727141,-25.10790647,-6.87836872,28.48552011,10.35618893,-7.37297274,-14.67636527,-8.39891143,-14.80553419
21.405,3.22804631,-20.74982862,-6.2953688,-49.98873301,-25.98213207,-7.6078014,28.17122964,10.60057801,-7.65362909,-14.66404967,-7.86205172,-14.68242366
21.41,4.6874537,-20.99022324,-5.30837051,-51.87580896,-26.7441277,-8.24214933,27.82715086,10.82315398,-7.93495385,-14.61540801,-7.3139031,-14.52953731
21.415,6.14793921,-21.16486495,-4.31487697,-53.72992566,-27.39515013,-8.78950359,27.45500946,11.02816868,-8.21538113,-14.52986326,-6.77371414,-14.34789267
21.42,7.61177994,-21.26641941,-3.32061727,-55.54904278,-27.93357591,-9.25544911,27.06217128,11.20824454,-8.49450848,-14.41061242,-6.23039765,-14.13179399
21.425,9.05821744,-21.3006036,-2.34447525,-57.324333,-28.35818998,-9.62922051,26.64143739,11.36994778,-8.76229115,-14.26084608,-5.69920717,-13.89776923
21.43,10.47930372,-21.26512184,-1.39689593,-59.0508693,-28.67109502,-9.91548237,26.19302587,11.51232816,-9.01050768,-14.08168168,-5.18383508,-13.65623888
21.435,11.89252445,-21.16914532,-0.46929517,-60.72654793,-28.87967994,-10.13071588,25.73278618,11.63635694,-9.25607728,-13.87532981,-4.68520701,-13.38375033
21.44,13.26772497,-21.01205358,0.41104827,-62.34327253,-28.98430126,-10.26686219,25.24686643,11.74368087,-9.47433826,-13.64406339,-4.21151528,-13.11308183
21.445,14.61423316,-20.80607273,1.25216868,-63.89456467,-28.99249097,-10.34139153,24.73239651,11.84164201,-9.6708075,-13.36159231,-3.76189123,-12.85247621
21.45,15.93298246,-20.53859143,2.03900815,-65.39249822,-28.90462776,-10.34413801,24.22537807,11.91091835,-9.85157403,-13.1008021,-3.33104251,-12.56668159
21.455,17.21052825,-20.22812107,2.76844044,-66.82362096,-28.73407203,-10.29395842,23.70062675,11.96729651,-10.00647239,-12.82310488,-2.92807541,-12.28635978
21.46,18.45200005,-19.86279262,3.44430919,-68.17708944,-28.49028943,-10.1828688,23.16026831,11.99798322,-10.13799392,-12.51331593,-2.53801243,-11.99070756
21.465,19.65358044,-19.48239049,4.05340383,-69.46740022,-28.17347773,-10.05353647,22.61245197,12.03086277,-10.23750296,-12.20105418,-2.19008087,-11.72737271
21.47,20.82268378,-19.05954987,4.60772907,-70.68095632,-27.79971655,-9.86967047,22.06001608,12.03936841,-10.31880053,-11.87397883,-1.85276991,-11.44862614
21.475,21.94856597,-18.60292237,5.10154143,-71.81896162,-27.39679853,-9.64784436,21.49943217,12.02591889,-10.38096857,-11.54564667,-1.5329517,-11.16011197
21.48,23.03905114,-18.15214494,5.52279745,-72.88493306,-26.90771713,-9.45840427,20.93367336,12.0237966,-10.39924661,-11.19916819,-1.24918189,-10.92267544
21.485,24.09603351,-17.66973401,5.89321243,-73.87366524,-26.40661883,-9.22210741,20.36852321,11.9945764,-10.40805272,-10.85522159,-0.97178826,-10.6675313
21.49,25.11665815,-17.17539491,6.20759545,-74.78545977,-25.8843483,-8.97796257,19.79933129,11.95292085,-10.40050462,-10.50776907,-0.70780672,-10.40815645
21.495,26.0991955,-16.67762029,6.45980553,-75.61918332,-25.34083323,-8.75617495,19.2245514,11.90315151,-10.36563425,-10.15371161,-0.46115639,-10.16433048
21.5,27.05047505,-16.17213958,6.66337982,-76.37642183,-24.78902422,-8.53281615,18.6494661,11.83978098,-10.32112754,-9.79939412,-0.2230345,-9.91842737
21.505,27.97091362,-15.6677173,6.82096578,-77.05761761,-24.23743525,-8.30889156,18.07240154,11.76739435,-10.26705184,-9.44379721,0.01005807,-9.66237212
21.51,28.85868475,-15.16482139,6.92993807,-77.66242496,-23.68267125,-8.11472779,17.49324669,11.68524645,-10.1996144,-9.08808448,0.23352244,-9.41231641
21.515,29.71745682,-14.66361927,7.00391472,-78.19170296,-23.14006247,-7.91894673,16.91135299,11.59280438,-10.13486852,-8.73124683,0.45805817,-9.14607855
21.52,30.54583366,-14.17169849,7.03023581,-78.64678566,-22.59989874,-7.77511468,16.32730183,11.49442576,-10.05474128,-8.37337361,0.66869572,-8.89561916
21.525,31.34698096,-13.68612752,7.0271544,-79.02801616,-22.07336805,-7.63029983,15.74069803,11.38739558,-9.98035595,-8.01520795,0.88369127,-8.62501264
21.53,32.12001385,-13.20907363,6.99496587,-79.33653717,-21.56198138,-7.50100592,15.15035693,11.27374832,-9.91293054,-7.65643282,1.10112598,-8.33868793
21.535,32.86729713,-12.7418767,6.9335894,-79.57353666,-21.06239039,-7.40550554,14.55808135,11.15438519,-9.84514484,-7.29679766,1.311288,-8.05426325
21.54,33.6016687,-12.25723336,6.88796375,-79.74350531,-20.61654099,-7.39446126,13.97038006,11.0227293,-9.80566986,-6.94060515,1.45983849,-7.86044402
21.545,34.28229384,-11.84075395,6.74087072,-79.83590832,-20.11021212,-7.24285512,13.36364912,10.90013313,-9.73252932,-6.57774348,1.74099967,-7.44375081
21.55,34.95703251,-11.39699332,6.63306653,-79.86423002,-19.65168364,-7.201296,12.76454694,10.76631507,-9.70445284,-6.21687627,1.94355545,-7.12437534
21.555,35.60062381,-10.98273915,6.48851124,-79.82444311,-19.20907017,-7.14421547,12.15704786,10.63395671,-9.68138534,-5.85282382,2.16875763,-6.77124718
21.56,36.22601066,-10.5712392,6.34224888,-79.71777856,-18.77358713,-7.10874853,11.55320701,10.49775035,-9.67091558,-5.49067785,2.37726623,-6.42894872
21.565,36.82725925,-10.17179784,6.1854382,-79.5444834,-18.3489853,-7.07066891,10.94669958,10.3605382,-9.68056071,-5.12742896,2.58863857,-6.07251875
21.57,37.41064979,-9.78230471,6.02253664,-79.30683371,-17.92540465,-7.03963715,10.34610803,10.22355969,-9.68251112,-4.7683214,2.78898955,-5.72011148
21.575,37.96513861,-9.40250314,5.85497533,-79.00415048,-17.51071672,-6.9909158,9.7391197,10.08549652,-9.71063125,-4.40976155,3.00145478,-5.33584084
21.58,38.49974885,-9.03951276,5.67925235,-78.63612992,-17.10135827,-6.93839119,9.13529416,9.95135757,-9.75624243,-4.05127402,3.2100358,-4.95170189
21.585,39.07704093,-8.67461901,5.54652876,-78.21372818,-16.7335962,-6.96357176,8.58364907,9.83644131,-9.80555335,-3.68522372,3.29609226,-4.78169808
21.59,39.50816145,-8.35484515,5.30982643,-77.70610144,-16.29167235,-6.80405944,7.94502219,9.69158739,-9.83996615,-3.34651402,3.60144652,-4.23154799
21.595,39.98725953,-8.02887572,5.13156129,-77.14609841,-15.88367488,-6.73226596,7.36180007,9.56970232,-9.915725,-2.998696,3.78829985,-3.84685128
21.6,40.43626774,-7.7135113,4.95984394,-76.52229325,-15.4921228,-6.62987811,6.77482932,9.45456373,-10.0109982,-2.65666952,3.98372007,-3.45808334
21.605,40.86997097,-7.41750645,4.76955636,-75.83236757,-15.09259883,-6.52743629,6.20714305,9.34037204,-10.07116998,-2.32440979,4.15915441,-3.11703195
21.61,41.28959138,-7.14336404,4.56048248,-75.076395,-14.69397202,-6.42522749,5.66025921,9.22876322,-10.09255271,-2.00346292,4.32116068,-2.82443444
21.615,41.67706936,-6.87941347,4.36208507,-74.25637447,-14.29785683,-6.29835848,5.1102452,9.12465436,-10.14139291,-1.68891791,4.4857058,-2.51289032
21.62,42.04768329,-6.63046112,4.16140144,-73.3723678,-13.91073827,-6.17050485,4.57690013,9.02591324,-10.17910636,-1.38569583,4.64336556,-2.22904288
21.625,42.39245241,-6.39826859,3.95798384,-72.42270615,-13.52831229,-6.03337453,4.05231214,8.93336008,-10.21317863,-1.09328735,4.79990217,-1.95965683
21.63,42.71703212,-6.18594404,3.75496197,-71.40787509,-13.15842057,-5.8994918,3.54381564,8.85142088,-10.23322327,-0.81591458,4.94873683,-1.72216099
21.635,43.016437,-5.99159501,3.54382517,-70.3260707,-12.79427847,-5.76423828,3.04857707,8.77255126,-10.23660023,-0.55259979,5.09530273,-1.51037779
21.64,43.29288925,-5.81167559,3.33158878,-69.17747424,-12.4357117,-5.63554484,2.56799379,8.69899392,-10.22432953,-0.30179109,5.23559807,-1.3281213
21.645,43.54443077,-5.65175143,3.11630108,-67.96267908,-12.08803857,-5.51298857,2.10312696,8.63362154,-10.19686652,-0.06909159,5.37305697,-1.1760202
21.65,43.76992206,-5.50911691,2.89625885,-66.68066215,-11.74659436,-5.39952908,1.6533082,8.57224464,-10.15250011,0.14589918,5.5071634,-1.05407106
21.655,43.98495984,-5.38809211,2.66815484,-65.33175497,-11.40750925,-5.31871672,1.2336528,8.52068625,-10.11079419,0.34356783,5.62676086,-0.98080118
21.66,44.14233322,-5.27886484,2.43799978,-63.91158547,-11.08773607,-5.2064191,0.80011604,8.46638336,-10.00741046,0.52634516,5.77029354,-0.90770891
21.665,44.33677701,-5.16863332,2.24721741,-62.42941098,-10.74325453,-5.18730902,0.44032041,8.43465852,-9.95365306,0.68788806,5.86319553,-0.8957076
21.67,44.4645646,-5.08900968,1.99985843,-60.86963855,-10.41423645,-5.12903687,0.0674699,8.38494641,-9.83970778,0.82894705,5.99823552,-0.89362908
21.675,44.49884061,-5.0590691,1.70617906,-59.23777449,-10.12702,-5.02082121,-0.3541164,8.34062285,-9.67217124,0.95712624,6.15510965,-0.91830856
21.68,44.55680697,-5.00985029,1.45386743,-57.53660717,-9.80257648,-4.98204238,-0.70970408,8.3022284,-9.52466331,1.06532177,6.28003858,-0.97744724
21.685,44.62706038,-4.96307604,1.22783166,-55.77054868,-9.44264919,-4.99160188,-1.01185352,8.28251685,-9.43109678,1.15353801,6.39096836,-1.04816977
21.69,44.57814062,-4.95048285,0.9219492,-53.91016785,-9.14943904,-4.93347076,-1.36714624,8.23041639,-9.20579889,1.21655984,6.53495097,-1.16988587
21.695,44.53671947,-4.9410444,0.63809897,-51.98606931,-8.80638067,-4.91838895,-1.68177696,8.19848686,-9.03410749,1.27634493,6.65864974,-1.30773159
21.7,44.46212346,-4.93980181,0.34512178,-49.9844262,-8.45965838,-4.9013424,-1.97879282,8.1666703,-8.85768675,1.31680279,6.78791813,-1.45652051
21.705,44.34434753,-4.94282123,0.04393188,-47.90466484,-8.1048978,-4.87603238,-2.2714819,8.13190832,-8.66853133,1.34810496,6.91833303,-1.62112975
21.71,44.1880672,-4.9512613,-0.26384971,-45.7476327,-7.73540957,-4.84285341,-2.5533833,8.09905429,-8.48344256,1.36585834,7.04962286,-1.79470992
21.715,43.96368164,-4.97036764,-0.58936195,-43.51251336,-7.35111597,-4.78671722,-2.84735732,8.06761757,-8.30448172,1.36140079,7.16599039,-2.00400684
21.72,43.73477453,-4.98801541,-0.92096293,-41.20459977,-6.98068505,-4.71098044,-3.1062783,8.03172278,-8.10589351,1.36033309,7.31846991,-2.16677206
21.725,43.42504989,-5.02041952,-1.27773938,-38.82378927,-6.59183153,-4.60122318,-3.38740803,7.99984763,-7.92957824,1.33278348,7.45348583,-2.35554623
21.73,43.08575198,-5.0497726,-1.62683965,-36.38133076,-6.20631592,-4.45817442,-3.66583739,7.9711568,-7.73801514,1.31909244,7.60113069,-2.52503533
21.735,42.69407387,-5.08940024,-1.98971676,-33.88527717,-5.81868648,-4.2727971,-3.95409796,7.94904477,-7.56041838,1.2944731,7.74893891,-2.69125952
21.74,42.2499886,-5.13998124,-2.36594284,-31.34521967,-5.44101936,-4.03513397,-4.2589145,7.93596525,-7.38606141,1.2633232,7.89987856,-2.84844224
21.745,41.75646338,-5.20216055,-2.75175415,-28.77553514,-5.06944622,-3.74460667,-4.5817723,7.93484133,-7.22752485,1.2244377,8.05150023,-2.99539604
21.75,41.24552262,-5.2671654,-3.12241587,-26.19090301,-4.72820572,-3.42011124,-4.90875633,7.946187,-7.06180815,1.2005613,8.21543971,-3.11166279
21.755,40.67468913,-5.34127805,-3.48516138,-23.61078332,-4.36828882,-3.02996752,-5.28215294,7.97697207,-6.92767882,1.17573631,8.36704313,-3.21971984
21.76,40.10814126,-5.43279954,-3.85467679,-21.04634786,-4.105998,-2.62304577,-5.63749158,8.01821049,-6.76868503,1.14238198,8.54586005,-3.28839124
21.765,39.51153758,-5.52292582,-4.19629681,-18.52403308,-3.83249849,-2.17730737,-6.03258907,8.07414655,-6.62818687,1.12695152,8.71744369,-3.33707749
21.77,38.97194992,-5.58812944,-4.51290618,-16.04969724,-3.65667985,-1.78014313,-6.37161475,8.12127291,-6.51207036,1.11059755,8.92258609,-3.38536476
21.775,38.30276168,-5.71329359,-4.82367086,-13.67098166,-3.41599484,-1.2611692,-6.85342115,8.21468621,-6.39066816,1.08469483,9.07732099,-3.37029771
21.78,37.71686164,-5.82160415,-5.08607463,-11.40184694,-3.25810799,-0.78712408,-7.28075664,8.31173643,-6.27990163,1.07045617,9.26044692,-3.349326
21.785,37.15510442,-5.93735045,-5.30443305,-9.27415044,-3.13108428,-0.32323215,-7.71625299,8.42433458,-6.17576828,1.0508464,9.44565419,-3.30851777
21.79,36.62625388,-6.04995901,-5.47592271,-7.30965927,-2.98815304,0.13073429,-8.16928569,8.54560664,-6.07510457,1.05192679,9.62569214,-3.23853417
21.795,36.14933712,-6.15885472,-5.60349771,-5.51408621,-2.86783868,0.54341763,-8.6001044,8.66950697,-5.99699513,1.02841988,9.80108918,-3.15934372
21.8,35.71652878,-6.25405112,-5.69279833,-3.89309146,-2.75618473,0.91491495,-9.0246123,8.7846298,-5.93379283,0.99764397,9.96928973,-3.06505636
21.805,35.41407902,-6.37226887,-5.68966738,-2.46800976,-2.72031529,1.16482592,-9.36789778,8.93696075,-5.84496211,0.94998097,10.13635331,-3.00868272
21.81,34.99008008,-6.38791092,-5.75876205,-1.17836506,-2.58134678,1.49263238,-9.82863539,8.96710477,-5.84508579,0.88808305,10.27066172,-2.85206895
21.815,34.69379767,-6.40703738,-5.75920938,-0.08321754,-2.48840623,1.71918962,-10.21364952,9.01256869,-5.8283642,0.8275102,10.40433095,-2.70362818
21.82,34.46430989,-6.41467723,-5.73031987,0.83722646,-2.44930112,1.86828253,-10.56505812,9.05017607,-5.79923587,0.75692423,10.52465022,-2.58757501
21.825,34.22199219,-6.34106383,-5.7113156,1.60396123,-2.37381619,1.98069867,-10.94035428,9.00624071,-5.83460533,0.67321057,10.60665626,-2.41096445
21.83,34.03584225,-6.25034616,-5.67394638,2.20299771,-2.33238112,2.04785431,-11.275926,8.94104936,-5.87012416,0.5563112,10.67567767,-2.2211734
21.835,33.89872299,-6.11713383,-5.63394521,2.64303458,-2.2977797,2.06151275,-11.58103465,8.83523158,-5.92733806,0.42346677,10.70343201,-2.04156243
21.84,33.75687754,-5.95802957,-5.57978237,2.93586579,-2.3081696,2.04528381,-11.90201637,8.6996318,-5.99281173,0.26482834,10.74600841,-1.77093619
21.845,33.72808146,-5.75399217,-5.53795991,3.07265869,-2.28935893,2.00427852,-12.12983849,8.52073089,-6.05948081,0.09536632,10.67128377,-1.65529827
21.85,33.59525835,-5.49885753,-5.50429888,3.10484025,-2.39516316,1.88234966,-12.44802316,8.28742958,-6.19843285,-0.1159668,10.67826134,-1.28241009
21.855,33.5851607,-5.21459787,-5.46365926,2.98727328,-2.45080498,1.77822932,-12.67244963,8.0247018,-6.30158336,-0.32223234,10.55776472,-1.05498696
21.86,33.53917134,-4.89480019,-5.45219114,2.75840383,-2.60270856,1.5875202,-12.91455031,7.7224254,-6.49162079,-0.59648391,10.46692906,-0.68991096
21.865,33.57945925,-4.55616235,-5.41663619,2.41404228,-2.68156758,1.46093249,-13.08576,7.39951602,-6.63383302,-0.87069103,10.22811695,-0.48567897
21.87,33.54865552,-4.17103642,-5.41258381,1.99692966,-2.96005494,1.16618937,-13.30308163,7.02384986,-6.87544397,-1.20208216,10.09806404,-0.00759164
21.875,33.57172624,-3.77424713,-5.382951,1.49149931,-3.18318344,0.90640036,-13.4588866,6.63450369,-7.11100891,-1.56935264,9.8439836,0.38951452
21.88,33.64700245,-3.3754081,-5.36977199,0.89486538,-3.35718024,0.7397373,-13.57134689,6.23735493,-7.30544491,-1.9445951,9.44588598,0.62504642
21.885,33.64360651,-2.92775076,-5.35877253,0.28223675,-3.78497447,0.31362378,-13.70692989,5.77840955,-7.61280482,-2.39968768,9.19439599,1.18062687
21.89,33.68498178,-2.48824294,-5.33562372,-0.38665558,-4.13180945,-0.01603656,-13.78907666,5.3249217,-7.89455431,-2.88144624,8.78465003,1.60699043
21.895,33.71666367,-2.04379247,-5.30434502,-1.0842088,-4.49403727,-0.38647182,-13.84868663,4.85816174,-8.19424327,-3.41287508,8.32188092,2.0454373
21.9,33.7771777,-1.60719163,-5.29342726,-1.81260576,-4.7896102,-0.59493066,-13.85558777,4.38183179,-8.45208107,-3.97176472,7.69882101,2.32175402
21.905,33.75008649,-1.13300014,-5.26424407,-2.47823366,-5.36963005,-1.14362141,-13.85529097,3.85242276,-8.79915035,-4.64232062,7.24244534,2.87286405
21.91,33.74415994,-0.67966408,-5.2203072,-3.16662904,-5.81209202,-1.5569513,-13.81399418,3.3406628,-9.12656608,-5.33645905,6.60172292,3.29389618
21.915,33.71809524,-0.23054143,-5.18615865,-3.83049658,-6.25918866,-1.96998347,-13.73355076,2.81388588,-9.4453164,-6.09381972,5.90290327,3.67715053
21.92,33.66975115,0.21237682,-5.15291793,-4.47501105,-6.70991444,-2.41747707,-13.62350961,2.27913682,-9.76408202,-6.90634775,5.15091487,4.04586329
21.925,33.58740384,0.65133477,-5.1068915,-5.04647153,-7.15118809,-2.82019347,-13.45579116,1.72999762,-10.07049922,-7.80374637,4.32507973,4.3527023
21.93,33.48025311,1.08204887,-5.06832155,-5.589801,-7.57691231,-3.25248434,-13.25391879,1.17243124,-10.37167738,-8.7621573,3.44062368,4.62396518
21.935,33.34297656,1.50288679,-5.02919412,-6.08127201,-7.97332953,-3.67220199,-13.00449752,0.60763355,-10.66057603,-9.7964898,2.49045024,4.83334982
21.94,33.17768266,1.91345535,-4.99577201,-6.52901728,-8.33466487,-4.10061717,-12.7100829,0.03517806,-10.93365769,-10.90191546,1.46959756,4.97893756
21.945,32.97799862,2.31200722,-4.95487852,-6.90820186,-8.65601853,-4.48449505,-12.3607486,-0.54220932,-11.18747218,-12.08816345,0.38771771,5.04466862
21.95,32.74941953,2.69986655,-4.92673067,-7.24238303,-8.93975553,-4.88308887,-11.96248511,-1.12814469,-11.42029464,-13.3502096,-0.76492616,5.02601844
21.955,32.49491804,3.07793223,-4.89209349,-7.53286287,-9.17669888,-5.26627282,-11.51296696,-1.71820863,-11.61784159,-14.68532804,-1.9842653,4.91623597
21.96,32.20715463,3.43784153,-4.86612311,-7.76158342,-9.36755803,-5.63355523,-11.00554254,-2.30880555,-11.79589442,-16.10060085,-3.2650898,4.70184379
21.965,31.89618904,3.78633507,-4.84428479,-7.95289608,-9.50069825,-5.98403438,-10.44443627,-2.9014594,-11.94388489,-17.58767833,-4.61331339,4.38467576
21.97,31.56077806,4.12130797,-4.82813538,-8.10241199,-9.58875201,-6.3104134,-9.82761968,-3.49354456,-12.06508761,-19.1450697,-6.01789852,3.96013812
21.975,31.20370205,4.43821976,-4.81905772,-8.21711764,-9.62318892,-6.6272718,-9.15467445,-4.08007358,-12.14891227,-20.76873828,-7.48174983,3.41369854
21.98,30.82800602,4.74514907,-4.81514038,-8.30278061,-9.60139218,-6.91900991,-8.42746941,-4.66490356,-12.20665643,-22.45467617,-8.99687308,2.77364249
21.985,30.43335871,5.03696494,-4.81933393,-8.35990827,-9.53272724,-7.18961159,-7.64633481,-5.24343507,-12.23496687,-24.19769503,-10.54860584,2.03157601
21.99,30.02525377,5.31435628,-4.83093505,-8.39669829,-9.41852388,-7.44198083,-6.81128204,-5.81293238,-12.22929935,-25.99386207,-12.13343444,1.18447626
21.995,29.6042208,5.58471754,-4.85241294,-8.41460872,-9.26174446,-7.6716859,-5.9256681,-6.37884623,-12.19798299,-27.83614108,-13.73634727,0.25773929
22,29.1758489,5.83608948,-4.88464545,-8.42256505,-9.06625354,-7.88426942,-4.9874859,-6.92770576,-12.12729663,-29.71962268,-15.35051739,-0.77606232
22.005,28.73612048,6.08444898,-4.92471252,-8.41386262,-8.83622913,-8.06971241,-4.00506432,-7.47330235,-12.03962497,-31.63556106,-16.94443255,-1.83579183
22.01,28.29230361,6.32134215,-4.97616117,-8.40308865,-8.57081404,-8.23735676,-2.97808641,-8.0035377,-11.91913133,-33.57752486,-18.51864316,-2.96155968
22.015,27.85743577,6.53274267,-5.03086886,-8.41990802,-8.24484554,-8.38796797,-1.91425076,-8.4963266,-11.78151375,-35.53363127,-20.07049122,-4.14078344
22.02,27.40047108,6.76693665,-5.11876299,-8.37700415,-7.97182136,-8.50021985,-0.79901901,-9.01573951,-11.58965064,-37.51262788,-21.52761863,-5.32305976
22.025,26.96901599,6.94949073,-5.18994771,-8.38979409,-7.60361023,-8.59661293,0.34686093,-9.46072092,-11.39006143,-39.47862997,-22.98286026,-6.57268317
22.03,26.52127563,7.14988057,-5.28357149,-8.37207775,-7.24952765,-8.66705376,1.52287045,-9.91481905,-11.15362678,-41.44311784,-24.31418477,-7.75930908
22.035,26.07782824,7.33786357,-5.40203813,-8.36358049,-6.90106263,-8.71612727,2.72960629,-10.34647613,-10.89560428,-43.4011826,-25.53878755,-8.93008648
22.04,25.63350146,7.51666917,-5.52098118,-8.3499794,-6.52857325,-8.74300713,3.96039746,-10.74718078,-10.60447186,-45.32897476,-26.66290367,-10.06614868
22.045,25.19216309,7.69851179,-5.67835118,-8.34917958,-6.20015775,-8.75266227,5.21134811,-11.13822988,-10.29048668,-47.23889747,-27.62018033,-11.14015617
22.05,24.75672187,7.84544612,-5.81564601,-8.34793755,-5.82276313,-8.73383171,6.48245423,-11.46490903,-9.95492308,-49.09771207,-28.50592273,-12.19307832
22.055,24.32123882,7.984875,-5.96626508,-8.34914141,-5.45164471,-8.69751846,7.76490009,-11.76354121,-9.6026724,-50.91311383,-29.24710612,-13.17204932
22.06,23.88864427,8.10496234,-6.1189812,-8.35186147,-5.07904814,-8.63944519,9.05720343,-12.01595173,-9.23560545,-52.67267649,-29.86095099,-14.08912339
22.065,23.4568177,8.19794917,-6.26998794,-8.36325251,-4.68522401,-8.56725495,10.35120137,-12.21801618,-8.8621248,-54.36881545,-30.351085,-14.92880473
22.07,23.02875134,8.29125972,-6.43094832,-8.3655072,-4.33593597,-8.46864712,11.6540007,-12.39304389,-8.47730738,-56.00225978,-30.69447457,-15.70622159
22.075,22.6157338,8.3329127,-6.60020233,-8.3823079,-3.93798392,-8.34007214,12.96498188,-12.48734778,-8.07613318,-57.55641328,-30.94492479,-16.43890392
22.08,22.16921059,8.39922796,-6.7416023,-8.36736819,-3.58705776,-8.23611945,14.24576179,-12.58830439,-7.70182493,-59.03500461,-31.01465785,-17.03397246
22.085,21.75813461,8.40824807,-6.91123373,-8.40409301,-3.21785838,-8.10429639,15.53418617,-12.6071754,-7.31952847,-60.43350828,-30.99030264,-17.5872164
22.09,21.31915527,8.42083291,-7.05022349,-8.38698226,-2.85014491,-7.97664536,16.8003657,-12.60258366,-6.95202892,-61.73587991,-30.83752981,-18.05687228
22.095,20.92985287,8.3798132,-7.23041394,-8.43032346,-2.50186336,-7.78733851,18.08041367,-12.52286344,-6.57657364,-62.95468583,-30.59808146,-18.46417564
22.1,20.50992325,8.32630776,-7.37955491,-8.43138595,-2.14797481,-7.61012375,19.32501626,-12.41166605,-6.22984834,-64.06636398,-30.24169025,-18.78029374
22.105,20.08977585,8.2816389,-7.51325824,-8.43690394,-1.79111928,-7.45979093,20.54425439,-12.29191291,-5.91025624,-65.08789371,-29.78155569,-19.03621964
22.11,19.67480064,8.20477719,-7.64309912,-8.45203425,-1.436786,-7.30646008,21.73861382,-12.12230387,-5.61255814,-66.00454031,-29.23315595,-19.22383664
22.115,19.26600169,8.09746923,-7.77325933,-8.46538953,-1.09418656,-7.13216867,22.91361452,-11.90815982,-5.3331895,-66.81367996,-28.61072624,-19.33116044
22.12,18.85640135,7.97311944,-7.89493609,-8.46940386,-0.75176528,-6.94984284,24.06126574,-11.66438594,-5.07960836,-67.51281484,-27.9198914,-19.364812
22.125,18.44524802,7.83090346,-8.01817235,-8.4516504,-0.40582606,-6.75232547,25.18294366,-11.39102758,-4.85218901,-68.09992879,-27.16523408,-19.31104345
22.13,18.03115979,7.67328406,-8.1178087,-8.45262938,-0.06757196,-6.58031807,26.25826965,-11.09654011,-4.66242233,-68.57840271,-26.3697122,-19.22892948
22.135,17.62285137,7.50027431,-8.20725302,-8.45825292,0.27325461,-6.40893995,27.30164387,-10.78202896,-4.50311456,-68.94772876,-25.53007379,-19.09397755
22.14,17.21664417,7.30849068,-8.28177655,-8.47857051,0.60367223,-6.25593996,28.30277509,-10.4462268,-4.37738275,-69.20487883,-24.6735262,-18.94467818
22.145,16.80349252,7.10600803,-8.36066594,-8.46243968,0.94209792,-6.07960951,29.27262466,-10.09812523,-4.28019055,-69.34595548,-23.79220335,-18.70713928
22.15,16.39055111,6.88947533,-8.42446352,-8.46214738,1.2712075,-5.92490509,30.1961088,-9.73731511,-4.21533194,-69.37820284,-22.91526528,-18.47894041
22.155,15.98341054,6.65708175,-8.46757636,-8.47573771,1.59948257,-5.7789254,31.0788947,-9.36408352,-4.1840345,-69.30278753,-22.04196374,-18.2463709
22.16,15.57537878,6.41789543,-8.51603642,-8.47413392,1.93023341,-5.62969915,31.92224443,-8.98958598,-4.18164995,-69.10996088,-21.17372511,-17.98696153
22.165,15.16873888,6.17072998,-8.55487637,-8.48026568,2.2575451,-5.4811911,32.72201414,-8.61282248,-4.20638284,-68.81046223,-20.32621462,-17.7229411
22.17,14.76661253,5.90982767,-8.57808146,-8.49745537,2.57998429,-5.346739,33.47804814,-8.22882596,-4.25870171,-68.4053317,-19.5081333,-17.48970377
22.175,14.3548177,5.65290152,-8.63681983,-8.49918407,2.89904669,-5.17161017,34.19442436,-7.85472079,-4.31722983,-67.90125288,-18.70502638,-17.18992837
22.18,13.94975723,5.38529614,-8.65735694,-8.51493421,3.217663,-5.02966933,34.85942685,-7.47904767,-4.41033814,-67.28270421,-17.95400691,-16.97498612
22.185,13.55596764,5.1110964,-8.63831467,-8.53656102,3.51478447,-4.95251561,35.48942869,-7.10377122,-4.52857445,-66.56443765,-17.27460295,-16.88582097
22.19,13.14877618,4.83181206,-8.66017672,-8.54411746,3.8444129,-4.79878871,36.05941238,-6.75098537,-4.6931634,-65.73886811,-16.60237541,-16.69399919
22.195,12.74756635,4.55539435,-8.66204408,-8.56442977,4.15086659,-4.66804182,36.59302073,-6.39777091,-4.84639477,-64.82359925,-15.98267388,-16.57920367
22.2,12.32971203,4.28356031,-8.68543144,-8.58618263,4.47091008,-4.47387603,37.06729778,-6.05653326,-5.00045093,-63.81626537,-15.39082184,-16.4510471
22.205,11.94298513,4.01324633,-8.66542767,-8.60640011,4.74970587,-4.39229929,37.52712876,-5.72474678,-5.17429458,-62.71433338,-14.88354701,-16.45182181
22.21,11.54108067,3.74335748,-8.66148456,-8.62902285,5.04509616,-4.25870476,37.92345835,-5.40943615,-5.36464908,-61.52023773,-14.40923654,-16.44990634
22.215,11.13203918,3.48375158,-8.66563548,-8.64675932,5.33848142,-4.10920872,38.27190602,-5.11172165,-5.55637127,-60.24131211,-13.98347105,-16.48304136
22.22,10.72104359,3.23431432,-8.6688934,-8.66410718,5.62489897,-3.95648159,38.57762154,-4.83079931,-5.74531441,-58.88076327,-13.60540364,-16.55977341
22.225,10.30449862,2.99722607,-8.68128001,-8.67681915,5.90691444,-3.79527625,38.83741606,-4.56886473,-5.93289461,-57.44025776,-13.2770011,-16.67920441
22.23,9.88600893,2.77231575,-8.69166272,-8.68754524,6.18119562,-3.63223521,39.05592129,-4.32496547,-6.11580949,-55.92347612,-12.99298245,-16.83904968
22.235,9.45849176,2.56144488,-8.70566683,-8.69087105,6.45455702,-3.454397,39.22652961,-4.10229332,-6.29605663,-54.33237546,-12.75933167,-17.03870596
22.24,9.03382239,2.36994496,-8.72612162,-8.69060363,6.71390809,-3.283041,39.36430616,-3.89954273,-6.45847954,-52.67416352,-12.55721813,-17.27113609
22.245,8.60066939,2.19558086,-8.75032354,-8.68311909,6.97067448,-3.09963691,39.45756726,-3.7202427,-6.61600824,-50.94877863,-12.39837961,-17.53579617
22.25,8.16631822,2.04456032,-8.78141212,-8.66815711,7.21712544,-2.91505463,39.51739498,-3.5653946,-6.75610609,-49.16293597,-12.26843919,-17.82363769
22.255,7.72578741,1.91230562,-8.82021517,-8.6465174,7.45953083,-2.72115275,39.53750944,-3.43359992,-6.88555629,-47.31839378,-12.17038302,-18.13452101
22.26,7.28003846,1.80656002,-8.86141617,-8.61374804,7.6956528,-2.51909457,39.52318965,-3.33091045,-7.00139899,-45.4183058,-12.10149443,-18.45783448
22.265,6.83289082,1.72418289,-8.91115029,-8.57301073,7.92398182,-2.31449898,39.47778268,-3.25368823,-7.10282211,-43.46763769,-12.04894124,-18.78673544
22.27,6.38381224,1.6626464,-8.96394957,-8.5252305,8.14472928,-2.10565541,39.4011934,-3.20015759,-7.19143674,-41.46853141,-12.00886754,-19.11439842
22.275,5.92603232,1.62887243,-9.02710133,-8.46474908,8.36484151,-1.88479608,39.28933881,-3.17914856,-7.27559054,-39.4242593,-11.98956551,-19.43734384
22.28,5.47133982,1.61464406,-9.09121164,-8.39868422,8.57501228,-1.66300312,39.15401338,-3.17948923,-7.3443925,-37.33970273,-11.96681429,-19.74028547
22.285,5.01726626,1.62664886,-9.15272446,-8.32473566,8.77733234,-1.43892177,38.99505679,-3.20699378,-7.39579642,-35.21918035,-11.94378814,-20.01160801
22.29,4.56302698,1.66232895,-9.22590039,-8.240373,8.97489098,-1.21402548,38.81538803,-3.26236989,-7.44740965,-33.06712864,-11.91413965,-20.24907764
22.295,4.10123958,1.72109515,-9.29964914,-8.15037622,9.17419143,-0.97434127,38.60443715,-3.34857273,-7.49165826,-30.88675509,-11.89028184,-20.44671895
22.3,3.64522467,1.79367844,-9.36885212,-8.05515425,9.36135964,-0.73531705,38.37657242,-3.44871346,-7.52844232,-28.67540605,-11.84792929,-20.59112032
22.305,3.18388401,1.8894808,-9.44406954,-7.95194851,9.55063051,-0.4884962,38.12683917,-3.57971474,-7.56478111,-26.44760665,-11.79948126,-20.67763739
22.31,2.72305978,1.99981404,-9.51745359,-7.84566528,9.73355037,-0.23592932,37.85870634,-3.73052592,-7.59738163,-24.2032787,-11.73927056,-20.69649248
22.315,2.26252897,2.1280412,-9.60253693,-7.73123504,9.90275605,0.01714109,37.57847255,-3.90561642,-7.63763434,-21.95144602,-11.67679169,-20.63850651
22.32,1.7993602,2.28497513,-9.6653471,-7.61745968,10.08913757,0.2769464,37.28365774,-4.11467455,-7.65817093,-19.70384538,-11.60714747,-20.49913462
22.325,1.32788739,2.43516988,-9.72394787,-7.50963425,10.28501527,0.55734742,36.96360143,-4.32150502,-7.66479941,-17.45875994,-11.4766241,-20.28543645
22.33,0.85561957,2.60607302,-9.79114113,-7.39165601,10.46924145,0.83567378,36.64027448,-4.55735609,-7.67748502,-15.23452197,-11.34762968,-19.97521044
22.335,0.38232514,2.79459576,-9.85162123,-7.27403247,10.64992858,1.11464635,36.31411526,-4.81718023,-7.67266725,-13.04840537,-11.20442531,-19.57227328
22.34,-0.08893996,2.99947618,-9.90547229,-7.1616938,10.8276209,1.39502469,35.99185084,-5.09849732,-7.64723759,-10.91776407,-11.04257683,-19.07642473
22.345,-0.56099098,3.21908507,-9.95677892,-7.0497621,11.01047705,1.67613704,35.67794922,-5.40455559,-7.60325848,-8.86216586,-10.84398586,-18.48856419
22.35,-1.0223263,3.45199461,-9.99652983,-6.94603912,11.1881013,1.94896771,35.38920645,-5.72713572,-7.52669969,-6.89826443,-10.62488028,-17.83084721
22.355,-1.48179287,3.69045357,-10.0347951,-6.84868711,11.36485337,2.22243953,35.11857908,-6.06466897,-7.41877476,-5.0379374,-10.36677671,-17.09664735
22.36,-1.93018102,3.9362557,-10.0661062,-6.76137285,11.53541026,2.48401989,34.87953481,-6.41646434,-7.25843149,-3.29419182,-10.09545012,-16.32367205
22.365,-2.37355722,4.15657841,-10.0698587,-6.68468876,11.72781676,2.74775798,34.65514943,-6.77077757,-7.14930364,-1.66416077,-9.78007032,-15.44642286
22.37,-2.80741085,4.40886674,-10.10596219,-6.61324791,11.87596609,2.98383253,34.48377274,-7.13489503,-6.87373831,-0.18179258,-9.46505456,-14.66050961
22.375,-3.24169906,4.62618106,-10.1232307,-6.5554238,12.04796104,3.23761078,34.32525945,-7.48908143,-6.6440555,1.17080963,-9.09900132,-13.74407291
22.38,-3.66519095,4.82679223,-10.12984136,-6.5107126,12.20949561,3.47181533,34.1982596,-7.83740953,-6.38539528,2.38295622,-8.72284278,-12.8485024
22.385,-4.08443782,5.00560614,-10.13426884,-6.47566318,12.36459243,3.70090758,34.09816824,-8.17292711,-6.10483237,3.45065265,-8.32108499,-11.94124946
22.39,-4.4962522,5.1367299,-10.11141125,-6.46105196,12.52524308,3.93369346,34.01047333,-8.48459606,-5.87658585,4.38416198,-7.91036143,-10.96425651
22.395,-4.91043539,5.28375338,-10.13357635,-6.44465703,12.64428063,4.13771768,33.96963783,-8.78650847,-5.50489434,5.14872663,-7.46478058,-10.14403842
22.4,-5.31920871,5.39028603,-10.13544049,-6.44304981,12.77056007,4.34604657,33.94507357,-9.06251652,-5.15511554,5.77300051,-7.01730947,-9.28712501
22.405,-5.72764763,5.45606341,-10.13877305,-6.45176716,12.88227229,4.5573186,33.93342539,-9.30574684,-4.83172647,6.25843426,-6.54944532,-8.41466553
22.41,-6.13676664,5.49243458,-10.14088935,-6.47052912,12.97790182,4.76613262,33.93543167,-9.52030996,-4.50662011,6.60634177,-6.07898196,-7.57147367
22.415,-6.5470441,5.50140665,-10.14738927,-6.49914033,13.0495736,4.97439977,33.95349778,-9.70505769,-4.16709119,6.81176238,-5.60740321,-6.77228794
22.42,-6.96095787,5.48402165,-10.15386821,-6.53721707,13.10703202,5.18671886,33.97924392,-9.86155713,-3.83590387,6.88763656,-5.14108328,-5.9986608
22.425,-7.38148967,5.44098597,-10.16728995,-6.57962092,13.15420352,5.40182201,34.00341533,-9.98990445,-3.51831837,6.8532915,-4.67316489,-5.256084
22.43,-7.80754286,5.3667184,-10.18381115,-6.62876922,13.17468991,5.62168514,34.03512537,-10.08043916,-3.20179857,6.69140984,-4.20863191,-4.5622208
22.435,-8.23912092,5.24925368,-10.2214391,-6.68037165,13.16905277,5.85003016,34.06510482,-10.12411504,-2.92009453,6.4213441,-3.73658011,-3.89495485
22.44,-8.67053061,5.11175794,-10.26685282,-6.75223701,13.11930122,6.08907559,34.08862393,-10.14419481,-2.64447009,6.06033713,-3.30166337,-3.27762112
22.445,-9.11473667,4.98503378,-10.30403107,-6.81575948,13.0227982,6.33566275,34.10637904,-10.16121194,-2.34284617,5.61958247,-2.90708421,-2.74331507
22.45,-9.56267792,4.79257999,-10.37346832,-6.89211913,12.9007878,6.61423894,34.10484943,-10.11712085,-2.13140901,5.10465975,-2.52146223,-2.17843087
22.455,-10.01390674,4.58122213,-10.44330207,-6.97086197,12.73392921,6.8971628,34.08705427,-10.05178999,-1.94038455,4.53728415,-2.19278151,-1.68546396
22.46,-10.4664228,4.34258107,-10.52554021,-7.06114898,12.52311414,7.19630478,34.04751584,-9.95947737,-1.78714534,3.9282276,-1.91501385,-1.2341572
22.465,-10.92183061,4.07677586,-10.61987327,-7.1611676,12.27078318,7.51369415,33.98050113,-9.84236707,-1.67991516,3.29112528,-1.69395627,-0.82311526
22.47,-11.36818334,3.78742451,-10.71837096,-7.27818864,11.96307265,7.83645868,33.88854879,-9.70542362,-1.59981655,2.6454078,-1.54233532,-0.47825351
22.475,-11.81388958,3.46504315,-10.83396064,-7.40945197,11.6142597,8.1767798,33.76089873,-9.5433641,-1.57407445,1.99744198,-1.45100491,-0.17767311
22.48,-12.16936206,3.14368291,-10.91825142,-7.55089076,11.16091027,8.41038712,33.69499788,-9.37742439,-1.52769879,1.3493969,-1.43568497,-0.06399785
22.485,-12.65274128,2.7409195,-11.08307461,-7.74225072,10.7425208,8.85511582,33.41918156,-9.16224116,-1.61645073,0.75831162,-1.4945887,0.21282775
22.49,-13.03894833,2.32985246,-11.21615876,-7.9505182,10.22274559,9.1949665,33.20157985,-8.9418484,-1.70459049,0.18688253,-1.61304137,0.32043727
22.495,-13.39559519,1.88995747,-11.35800931,-8.19556532,9.63905231,9.52295453,32.95224321,-8.70302203,-1.82031092,-0.33828951,-1.80933595,0.35797609
22.5,-13.70846932,1.41821303,-11.50259292,-8.48207895,8.99185395,9.82669453,32.67999703,-8.44537298,-1.9691568,-0.80866195,-2.09825232,0.33514343
22.505,-13.9955903,0.90745585,-11.65432027,-8.81071226,8.28639593,10.12604816,32.36761295,-8.16320183,-2.15432367,-1.22281504,-2.42885393,0.24584117
22.51,-14.2282939,0.36374088,-11.80603739,-9.19243189,7.51750862,10.389574,32.03692812,-7.86124612,-2.36436846,-1.57730519,-2.8250516,0.1012749
22.515,-14.41599049,-0.21798933,-11.95837386,-9.62887971,6.68266647,10.62569938,31.67735579,-7.53536377,-2.60178477,-1.86987203,-3.26995389,-0.10542394
22.52,-14.55054094,-0.83683322,-12.10624458,-10.12859363,5.79313459,10.82072076,31.29464551,-7.18626669,-2.86010843,-2.09973925,-3.76485302,-0.36833322
22.525,-14.62240787,-1.48757686,-12.24899788,-10.69503027,4.83880706,10.96644758,30.89945611,-6.81598681,-3.13187237,-2.27220628,-4.29656911,-0.67670436
22.53,-14.64087291,-2.17763841,-12.37891538,-11.32971876,3.82110808,11.06290596,30.48596378,-6.4187121,-3.42188066,-2.39692819,-4.85915516,-1.04774558
22.535,-14.58201227,-2.89309647,-12.4915471,-12.0419737,2.74776688,11.09544832,30.07084268,-5.99950066,-3.70007458,-2.46501954,-5.4389101,-1.43860889
22.54,-14.45750558,-3.64057705,-12.58870195,-12.83575377,1.62293471,11.05898146,29.6460157,-5.55999862,-3.98261175,-2.48802806,-6.03866878,-1.8733806
22.545,-14.25846313,-4.41200981,-12.6667463,-13.71130955,0.43214331,10.95682406,29.22555875,-5.09911798,-4.25814717,-2.47801734,-6.63068608,-2.33395871
22.55,-13.98988255,-5.20653257,-12.71608501,-14.67185292,-0.80439784,10.77786498,28.8044151,-4.62015479,-4.52711297,-2.44073053,-7.21838549,-2.83525798
22.555,-13.64292092,-6.01663878,-12.73381817,-15.71973843,-2.08920619,10.52457541,28.39686473,-4.12314924,-4.77420798,-2.38650449,-7.78790643,-3.34809213
22.56,-13.21765659,-6.83944737,-12.7189268,-16.85482149,-3.41839842,10.19131913,28.00245929,-3.61361825,-5.00288334,-2.3211297,-8.33437079,-3.87905862
22.565,-12.71168236,-7.66608065,-12.666241,-18.0803066,-4.79072197,9.79216819,27.62963018,-3.08928119,-5.205201,-2.25054756,-8.84099231,-4.40648147
22.57,-12.12501342,-8.49565398,-12.55814392,-19.3987961,-6.19005198,9.28408994,27.27835559,-2.56705253,-5.3896394,-2.20426873,-9.3042516,-5.00248092
22.575,-11.45794142,-9.32284369,-12.42500413,-20.79114422,-7.61926119,8.74746812,26.95360469,-2.02878988,-5.53226778,-2.15140427,-9.74083869,-5.510514
22.58,-10.72256911,-10.15099017,-12.25280822,-22.24995176,-9.07892815,8.19728605,26.64098823,-1.47235892,-5.62778074,-2.0891265,-10.10851512,-5.96225049
22.585,-9.89889578,-10.9601772,-12.01859978,-23.80615454,-10.53949726,7.54712994,26.36451586,-0.93281476,-5.7250527,-2.07480069,-10.43613427,-6.45706632
22.59,-8.99025219,-11.74096036,-11.73372572,-25.44546487,-11.99880076,6.84863402,26.13360539,-0.40819472,-5.80734112,-2.11317026,-10.68524484,-6.96256018
22.595,-8.0010134,-12.49227604,-11.37412861,-27.14614401,-13.44951968,6.13616812,25.92296915,0.10808407,-5.82377549,-2.15053255,-10.83765256,-7.44930674
22.6,-6.9593684,-13.23372323,-11.00392089,-28.90694468,-14.87936798,5.45584741,25.73170787,0.63426978,-5.84597085,-2.21837208,-10.96293451,-7.8442981
22.605,-5.87333475,-13.96269578,-10.61334597,-30.72114995,-16.27082733,4.80638637,25.54608577,1.16377188,-5.87187049,-2.31108659,-11.06829726,-8.15733695
22.61,-4.71867548,-14.64919111,-10.15550149,-32.58349,-17.62691041,4.16748445,25.38641263,1.67528161,-5.88016841,-2.42794633,-11.06313477,-8.46760131
22.615,-3.5084129,-15.29968978,-9.65183166,-34.48721663,-18.92151538,3.55595323,25.23994816,2.17241188,-5.88091774,-2.55884768,-11.01607571,-8.72866352
22.62,-2.225803,-15.87910384,-9.07237229,-36.42996412,-20.12758568,2.96810018,25.12388733,2.62204853,-5.86071443,-2.72223446,-10.85153968,-8.97858684
22.625,-0.95777796,-16.4695066,-8.52473676,-38.38231445,-21.28511211,2.48216717,24.97576445,3.10773646,-5.88009093,-2.88707232,-10.73168475,-9.12290057
22.63,0.36767095,-16.98628952,-7.90696491,-40.35704372,-22.3403983,2.03152339,24.84488966,3.54594253,-5.89553266,-3.06615842,-10.50768669,-9.24973609
22.635,1.71579013,-17.45780966,-7.26294801,-42.33484229,-23.29959274,1.6403877,24.70702953,3.96422726,-5.91995833,-3.24841031,-10.24960348,-9.32525875
22.64,3.0944951,-17.87032842,-6.58104571,-44.31063655,-24.15229383,1.3002839,24.57063727,4.3512742,-5.96320226,-3.43371488,-9.94218871,-9.35475199
22.645,4.46128582,-18.23772162,-5.89775406,-46.26867913,-24.90403589,1.03076302,24.40295393,4.72212933,-6.01710043,-3.60685698,-9.61661242,-9.33996312
22.65,5.86103108,-18.51711732,-5.1644109,-48.21080459,-25.52178646,0.80950735,24.2393599,5.0351627,-6.09090552,-3.77871485,-9.20638675,-9.27546061
22.655,7.23678148,-18.7679288,-4.44491103,-50.11973377,-26.04929715,0.63576049,24.03632396,5.34516245,-6.18519556,-3.92591452,-8.82313304,-9.17577914
22.66,8.59187153,-18.9881796,-3.7409587,-51.99330291,-26.48348873,0.49352403,23.79792494,5.64955352,-6.29114795,-4.04622912,-8.4683666,-9.05741883
22.665,9.95558931,-19.13024275,-3.00974405,-53.82829572,-26.79388709,0.38306158,23.5482903,5.90469143,-6.42005623,-4.14974751,-8.05523393,-8.91010569
22.67,11.3022904,-19.21521387,-2.28175872,-55.61527719,-26.99416685,0.29355862,23.26934346,6.12909504,-6.56188603,-4.22519726,-7.63651949,-8.73251754
22.675,12.62966317,-19.24869045,-1.56308507,-57.34985449,-27.09274163,0.21285432,22.96141069,6.32690273,-6.71676255,-4.2708943,-7.21882735,-8.53826811
22.68,13.93684471,-19.23335506,-0.85533799,-59.02697311,-27.09416687,0.13163755,22.62422053,6.49928312,-6.88067224,-4.28175207,-6.80331141,-8.33065804
22.685,15.22121933,-19.16658431,-0.16304194,-60.64351392,-27.00702478,0.04438687,22.26277108,6.6430618,-7.05745845,-4.26711974,-6.39204585,-8.112133
22.69,16.47730415,-19.0603321,0.5045718,-62.1936746,-26.83706923,-0.06333582,21.87183715,6.76778689,-7.23425597,-4.2166461,-5.99562523,-7.89410802
22.695,17.71017057,-18.91022915,1.15133933,-63.67517655,-26.59778512,-0.19053664,21.45889602,6.86766808,-7.41702652,-4.13610331,-5.60819181,-7.67213734
22.7,18.92194693,-18.70910096,1.78228219,-65.07942802,-26.31528362,-0.32751453,21.02216375,6.9353907,-7.60985285,-4.01302818,-5.21877062,-7.4262194
22.705,20.07060466,-18.52371557,2.33615975,-66.41246,-25.91287331,-0.56770423,20.54334078,7.02807938,-7.74035579,-3.85771538,-4.88368281,-7.2785454
22.71,21.2467468,-18.26262048,2.91917258,-67.6697388,-25.54651695,-0.76953515,20.08754486,7.06317687,-7.94865385,-3.69109736,-4.52936393,-7.03837759
22.715,22.32931509,-18.02150862,3.39534034,-68.84607879,-25.05802083,-1.08447691,19.58022539,7.12105155,-8.05370064,-3.50667279,-4.22443962,-6.91844837
22.72,23.43256511,-17.74249332,3.88126021,-69.93915524,-24.59242436,-1.4064443,19.08074953,7.15326892,-8.20101948,-3.27408483,-3.91469806,-6.74089246
22.725,24.48706193,-17.44553382,4.31340065,-70.94116058,-24.11280309,-1.76585089,18.5595066,7.17189873,-8.32418016,-3.02220231,-3.61441062,-6.58952198
22.73,25.51250307,-17.14567,4.70020055,-71.86357297,-23.61158218,-2.17509159,18.03650199,7.18878618,-8.41481126,-2.76855662,-3.33907058,-6.46041849
22.735,26.48334283,-16.82474012,5.03351328,-72.69853645,-23.09441286,-2.59644751,17.50130914,7.18369546,-8.46650912,-2.52964004,-3.08424828,-6.40449959
22.74,27.48599764,-16.5107307,5.3596713,-73.44437315,-22.64587111,-3.10230132,16.98726881,7.18779032,-8.55869744,-2.23375956,-2.80740828,-6.23452095
22.745,28.38934087,-16.19870285,5.59549351,-74.10218682,-22.11084444,-3.5559157,16.43842479,7.1805741,-8.54298202,-1.96566873,-2.58066665,-6.22161137
22.75,29.29481571,-15.89361604,5.80664406,-74.67320041,-21.62169009,-4.06375715,15.90762186,7.17373992,-8.52944687,-1.68527004,-2.35709761,-6.182525
22.755,30.1810338,-15.59380691,5.97766568,-75.15567546,-21.1664314,-4.60265436,15.38909774,7.16302917,-8.49688265,-1.40586941,-2.13341936,-6.13308952
22.76,31.0486389,-15.30918886,6.09531506,-75.54456495,-20.77684347,-5.19700192,14.88245415,7.15061228,-8.44305075,-1.11854621,-1.90418601,-6.06029242
22.765,31.85007719,-15.00919819,6.19152094,-75.84815228,-20.34185839,-5.59180419,14.34179671,7.11604677,-8.38248183,-0.8371657,-1.6848312,-6.08429614
22.77,32.6549337,-14.73185378,6.24790586,-76.07626188,-19.91873872,-6.13914954,13.86385657,7.09002891,-8.26524401,-0.61586448,-1.4755181,-6.05921943
22.775,33.43390297,-14.47864258,6.22690994,-76.20250859,-19.62248447,-6.72561944,13.39010208,7.05558275,-8.11991447,-0.36904405,-1.25052303,-6.00894728
22.78,34.17181918,-14.20324551,6.23825879,-76.2563186,-19.24848583,-7.10314104,12.90454305,7.0078121,-8.00757361,-0.15244785,-1.0374442,-6.02117551
22.785,34.88841221,-13.96261026,6.16134386,-76.22043203,-18.93834303,-7.56110235,12.45194053,6.95500966,-7.82800086,0.04610699,-0.81100285,-5.99063592
22.79,35.57741176,-13.72385531,6.11554333,-76.10088073,-18.60719492,-7.84917215,11.98276957,6.9084098,-7.72533903,0.25591808,-0.59513403,-6.00683108
22.795,36.2396785,-13.48760277,5.99391713,-75.90241151,-18.30134975,-8.2032478,11.56764075,6.83141642,-7.513187,0.39439691,-0.35618011,-5.96325623
22.8,36.87983569,-13.27100104,5.89230139,-75.62330637,-18.01029255,-8.42567512,11.1337434,6.77167777,-7.38946748,0.5590538,-0.13252925,-5.95608524
22.805,37.48076326,-13.05986806,5.70713531,-75.2580474,-17.74761946,-8.64082039,10.74421128,6.67578948,-7.15463789,0.66060824,0.1274981,-5.87000543
22.81,38.07114256,-12.84446597,5.58630789,-74.82623657,-17.44800399,-8.76395919,10.34055312,6.5992079,-7.05341133,0.77836984,0.35951272,-5.85447527
22.815,38.62695813,-12.63332766,5.41479967,-74.3098914,-17.13937662,-8.82934653,9.96476795,6.49675963,-6.89892344,0.86004716,0.61688986,-5.79742641
22.82,39.13942534,-12.46417984,5.17996125,-73.71273028,-16.86162986,-8.7742944,9.60218263,6.39160636,-6.70756612,0.91346936,0.90191928,-5.65465206
22.825,39.65059349,-12.24046697,5.04547101,-73.0523277,-16.54387303,-8.73645547,9.24488587,6.28585083,-6.62346317,0.96048764,1.14907269,-5.60325279
22.83,40.10439041,-12.07723383,4.80647013,-72.31101267,-16.2121072,-8.49968133,8.898586,6.1681603,-6.45254693,0.98017665,1.45737862,-5.40607358
22.835,40.54711946,-11.88873292,4.61793355,-71.50252898,-15.85902768,-8.26947864,8.56012971,6.05186988,-6.36178956,0.99407332,1.74218059,-5.25970931
22.84,40.96571606,-11.70556993,4.41651159,-70.61752585,-15.49963549,-8.01579509,8.2406579,5.92981303,-6.30559156,0.98838541,2.0211515,-5.1382908
22.845,41.3507829,-11.52472184,4.21878099,-69.66524368,-15.11709568,-7.66787828,7.92215467,5.80342598,-6.23151482,0.97333131,2.31444137,-4.97047927
22.85,41.70243083,-11.34359821,4.06008841,-68.65246289,-14.69982243,-7.23410532,7.59127859,5.69054035,-6.20403156,0.95363278,2.6220099,-4.75200857
22.855,42.04220429,-11.16022356,3.86436031,-67.55948712,-14.30769736,-6.8564234,7.29769974,5.55427437,-6.1431281,0.92175959,2.90421459,-4.60154792
22.86,42.33878281,-10.98642688,3.69889032,-66.40543614,-13.86050812,-6.38119361,6.9855071,5.43614568,-6.15993825,0.88188625,3.20594199,-4.40154036
22.865,42.62800708,-10.81279165,3.50091045,-65.17456234,-13.45336802,-5.98544382,6.71492776,5.29833514,-6.13572814,0.82662119,3.475325,-4.27308782
22.87,42.86951509,-10.64240002,3.34436962,-63.88983428,-12.98697763,-5.46816887,6.40515799,5.17750455,-6.12865003,0.7942556,3.77507861,-4.07078449
22.875,43.09241894,-10.4785403,3.18303256,-62.53495462,-12.52909148,-4.99534554,6.11414092,5.05744837,-6.14761775,0.74922621,4.06007981,-3.90333233
22.88,43.29654282,-10.32364625,3.00007181,-61.10950585,-12.07809926,-4.56774857,5.85097479,4.93016066,-6.15887665,0.68545012,4.32273661,-3.7777998
22.885,43.45724212,-10.17346953,2.85746279,-59.62932559,-11.59214574,-4.07340348,5.54903426,4.82184237,-6.17784888,0.6522625,4.60634865,-3.61049055
22.89,43.60773467,-10.03530078,2.68715507,-58.07943289,-11.12542392,-3.66015513,5.28374931,4.70589882,-6.1957827,0.5995103,4.86173809,-3.49719006
22.895,43.72282607,-9.90463261,2.5326592,-56.46865806,-10.64187639,-3.23805961,5.0027606,4.6001137,-6.2127529,0.56254985,5.11950093,-3.38241577
22.9,43.79637967,-9.78139598,2.40110271,-54.80052039,-10.14433669,-2.79460019,4.69751357,4.50719479,-6.23614708,0.53916599,5.38602646,-3.25053264
22.905,43.87205972,-9.6767172,2.23103893,-53.06167159,-9.67074603,-2.46364178,4.4409788,4.40702706,-6.23134891,0.50483243,5.61725349,-3.18808713
22.91,43.90112875,-9.58195266,2.07136856,-51.26476063,-9.17677427,-2.11041765,4.15681795,4.31562522,-6.22347676,0.48834509,5.85384226,-3.12024657
22.915,43.8997947,-9.50102635,1.91362783,-49.40612003,-8.68280728,-1.78106992,3.86958684,4.23248129,-6.20776728,0.48110415,6.08483022,-3.06537621
22.92,43.88274933,-9.42601607,1.76404499,-47.4865056,-8.18965712,-1.50827171,3.60723431,4.15058776,-6.1790901,0.4559822,6.29288299,-3.03736392
22.925,43.80791752,-9.38516225,1.58052793,-45.51128349,-7.69555498,-1.20176262,3.29473775,4.0802907,-6.13237096,0.48300697,6.52034064,-3.00442052
22.93,43.69068659,-9.3508728,1.41237703,-43.47924626,-7.19630779,-0.91171013,2.97444514,4.01761049,-6.09293346,0.50100027,6.7357049,-2.98606653
22.935,43.59775116,-9.34262684,1.2225787,-41.39521194,-6.71020562,-0.72116628,2.7116274,3.96270397,-6.0317837,0.51795837,6.92749143,-3.00019912
22.94,43.40786045,-9.34422805,1.02610549,-39.25417682,-6.22541727,-0.45512393,2.38288926,3.90014503,-5.91150749,0.55098581,7.13059231,-2.99691732
22.945,43.20012691,-9.37258017,0.82447684,-37.0759715,-5.74427173,-0.22259862,2.05526348,3.85806445,-5.8088707,0.59567028,7.32421661,-3.01123027
22.95,42.96521747,-9.42445756,0.60971925,-34.86257235,-5.27167797,-0.00095924,1.72541523,3.82411081,-5.68967753,0.64688671,7.51488605,-3.02990464
22.955,42.69231253,-9.50072455,0.38675623,-32.62256043,-4.81099868,0.2256867,1.3783439,3.80151206,-5.55372072,0.70602225,7.70339446,-3.04839038
22.96,42.38649721,-9.59885996,0.1585761,-30.36351583,-4.36140973,0.45484734,1.01695269,3.78995293,-5.40667974,0.77364225,7.89093755,-3.06605915
22.965,42.0502677,-9.72067982,-0.07450829,-28.09816003,-3.92914104,0.68925221,0.63974925,3.79036494,-5.24849434,0.8485648,8.07861991,-3.07947364
22.97,41.68840147,-9.86562882,-0.31267381,-25.83694278,-3.51438458,0.9235788,0.25116899,3.80241902,-5.07607064,0.92448311,8.26843804,-3.08484446
22.975,41.2962898,-10.03139472,-0.5475586,-23.59492904,-3.12134469,1.17270984,-0.16297291,3.82652205,-4.89631543,1.00960442,8.45899334,-3.08095373
22.98,40.88959144,-10.22094356,-0.78811826,-21.38367107,-2.7564341,1.41526804,-0.58094579,3.85992428,-4.70472461,1.08761969,8.65733563,-3.0647702
22.985,40.46800767,-10.42722804,-1.01501698,-19.22112341,-2.41196184,1.65858777,-1.01689016,3.90577502,-4.51040915,1.16861497,8.85737585,-3.03674561
22.99,40.06023185,-10.63715153,-1.23948463,-17.12338311,-2.04363519,1.83934454,-1.44473856,3.94757112,-4.31445603,1.25587513,9.07770599,-3.00482331
22.995,39.59554702,-10.89120169,-1.46070309,-15.09212638,-1.8013779,2.09127396,-1.92354535,4.01365379,-4.08974361,1.32649713,9.29745319,-2.94046164
23,39.14959927,-11.13635856,-1.65821714,-13.16157135,-1.51407278,2.30539246,-2.39779357,4.07417357,-3.88732632,1.39261065,9.52065425,-2.87382711
23.005,38.71209532,-11.403079,-1.84040083,-11.34427133,-1.27592889,2.50857986,-2.87690033,4.14976271,-3.68373593,1.44574734,9.75741429,-2.79440551
23.01,38.29012697,-11.66276418,-2.00220068,-9.65322437,-1.02884402,2.68659064,-3.35537508,4.21522494,-3.49287454,1.48750524,9.99898555,-2.70811594
23.015,37.8582623,-11.88735058,-2.16174812,-8.08292789,-0.79872341,2.89427936,-3.85505589,4.24167784,-3.3323177,1.52876337,10.21833855,-2.59700226
23.02,37.47024811,-12.13546368,-2.29124303,-6.67254328,-0.57000124,3.03222519,-4.33367522,4.28902546,-3.15831716,1.54063826,10.47665508,-2.4907337
23.025,37.09893676,-12.36863988,-2.40870686,-5.40677046,-0.35343027,3.14327402,-4.80699024,4.31816924,-2.9957586,1.529497,10.73916559,-2.37939008
23.03,36.7457275,-12.5827354,-2.51943642,-4.28657732,-0.14974479,3.23155521,-5.2740338,4.32662778,-2.84773565,1.49625859,11.00630804,-2.26233955
23.035,36.41361115,-12.77334546,-2.61954844,-3.31346433,0.04408668,3.28622602,-5.73033373,4.31198316,-2.71648407,1.43813162,11.27821788,-2.14608014
23.04,36.09872703,-12.9353764,-2.71645639,-2.48458499,0.22362884,3.31396689,-6.17688029,4.2696504,-2.60201556,1.35438122,11.55368138,-2.03028978
23.045,35.80139302,-13.06550223,-2.81175655,-1.79858369,0.38801792,3.31557244,-6.61238712,4.19815879,-2.50572655,1.24406384,11.83200417,-1.91760303
23.05,35.51988031,-13.15985351,-2.91052141,-1.25140853,0.53607759,3.29239037,-7.03601095,4.09469863,-2.42941699,1.10549826,12.11216972,-1.81010523
23.055,35.25408976,-13.21479509,-3.01141461,-0.84186598,0.6657747,3.24775069,-7.44264443,3.9555575,-2.377617,0.92907589,12.38916556,-1.7103464
23.06,35.00871162,-13.22698409,-3.11652296,-0.56333258,0.77076849,3.18593437,-7.8419274,3.78374033,-2.34409041,0.74463601,12.66152407,-1.61854444
23.065,34.77371883,-13.18932904,-3.23183075,-0.41068942,0.83668138,3.12522135,-8.23537931,3.57630977,-2.36090275,0.53308755,12.92169643,-1.52854565
23.07,34.5559122,-13.11658138,-3.35690205,-0.37814,0.8825105,3.03445909,-8.610089,3.33474612,-2.37851606,0.29344625,13.16868043,-1.44785202
23.075,34.35262196,-12.9978591,-3.48821729,-0.46074653,0.88804253,2.94059734,-8.9759359,3.06291966,-2.43412542,0.02888162,13.39573745,-1.37291722
23.08,34.17167328,-12.83752802,-3.62278257,-0.65531208,0.85929803,2.83362341,-9.325605,2.76090365,-2.51135327,-0.259227,13.60207655,-1.30981636
23.085,34.00902062,-12.63647422,-3.76058015,-0.95188258,0.79007367,2.71683047,-9.66234397,2.43133731,-2.61553357,-0.57030736,13.78216578,-1.25549591
23.09,33.86815555,-12.39667478,-3.8985632,-1.34312413,0.67960262,2.58900231,-9.98355351,2.07556861,-2.74361926,-0.90219767,13.93180697,-1.21180471
23.095,33.74524291,-12.11971464,-4.03520596,-1.82119993,0.52497801,2.45107709,-10.29240089,1.69709223,-2.90007555,-1.25625005,14.04877516,-1.17506712
23.1,33.64548525,-11.80563866,-4.16665381,-2.37608272,0.32814377,2.30257423,-10.58477386,1.29817318,-3.07731138,-1.63128287,14.12637301,-1.14722349
23.105,33.56436682,-11.46106202,-4.29067671,-2.99860154,0.08673385,2.14058569,-10.86182662,0.8811523,-3.27966666,-2.02727167,14.161945,-1.12505799
23.11,33.49791305,-11.08721406,-4.40382323,-3.67814393,-0.19824661,1.96053517,-11.12637205,0.44934586,-3.50665283,-2.44509456,14.15501148,-1.10400563
23.115,33.45617713,-10.68398261,-4.49981034,-4.40711019,-0.5183457,1.76890582,-11.36908083,0.00430664,-3.75410367,-2.88302435,14.09730293,-1.09170012
23.12,33.43187881,-10.25703769,-4.58011503,-5.17148582,-0.874689,1.55952311,-11.59196231,-0.45124966,-4.02030143,-3.34306349,13.9854221,-1.08374493
23.125,33.42535407,-9.80772877,-4.64037319,-5.96398647,-1.25910315,1.33514371,-11.79279603,-0.91441618,-4.30477983,-3.8260518,13.81661051,-1.08068394
23.13,33.43144895,-9.33870874,-4.67821781,-6.77287767,-1.66678238,1.09077036,-11.97097561,-1.38209852,-4.60946325,-4.33580642,13.58937592,-1.0811817
23.135,33.4987319,-8.85489555,-4.67186717,-7.62162262,-2.00682763,0.94737641,-12.10788955,-1.83814884,-4.9274155,-4.84729533,13.28276642,-1.11941427
23.14,33.48747085,-8.35175731,-4.69148281,-8.4105899,-2.51569684,0.57446778,-12.24597272,-2.33150121,-5.23700648,-5.43164097,12.94704931,-1.10527023
23.145,33.56505855,-7.84731028,-4.6495421,-9.24747577,-2.83438866,0.43243558,-12.33014452,-2.79144324,-5.57730854,-6.00178763,12.49122884,-1.13030705
23.15,33.57827023,-7.31398752,-4.60908956,-10.01149516,-3.34313715,0.02508183,-12.40222014,-3.28281326,-5.9093724,-6.64701558,12.02651229,-1.14551584
23.155,33.63150507,-6.78406903,-4.53543697,-10.78647054,-3.72034039,-0.24826447,-12.43150918,-3.75603782,-6.25096754,-7.30309495,11.4523497,-1.16694181
23.16,33.6949722,-6.26761511,-4.46287737,-11.54886713,-3.96872638,-0.39177885,-12.42419566,-4.21754222,-6.578674,-7.98264141,10.76955684,-1.17456387
23.165,33.72010723,-5.71192358,-4.33290283,-12.23202194,-4.3838673,-0.79538624,-12.38402921,-4.70006039,-6.89969498,-8.73337751,10.08282773,-1.2506786
23.17,33.75831335,-5.18050979,-4.22694613,-12.90619549,-4.64946144,-1.04367246,-12.30228544,-5.16593477,-7.22099012,-9.51020208,9.28917654,-1.30459685
23.175,33.7814104,-4.65506653,-4.11246519,-13.53705605,-4.86058067,-1.27185282,-12.18233511,-5.62800273,-7.52532077,-10.33070083,8.42126302,-1.37102458
23.18,33.78246951,-4.15393834,-4.01507086,-14.14271288,-4.92518507,-1.40317469,-12.03541798,-6.08483464,-7.79028671,-11.1842184,7.4546865,-1.35687684
23.185,33.7757801,-3.62215866,-3.84722788,-14.66247041,-5.12339444,-1.70902417,-11.82340332,-6.53976259,-8.04993258,-12.1053351,6.45122878,-1.55372736
23.19,33.7427229,-3.12863912,-3.71761829,-15.15725232,-5.16092448,-1.89507572,-11.58029985,-6.98358311,-8.28648,-13.06888838,5.36292579,-1.66571689
23.195,33.6855719,-2.65129187,-3.59015723,-15.60627611,-5.14356716,-2.06017235,-11.29529522,-7.42173989,-8.49065902,-14.07916081,4.20918566,-1.80483075
23.2,33.60041488,-2.1880872,-3.46871507,-16.00639513,-5.05929718,-2.193671,-10.97065334,-7.85575884,-8.66806477,-15.1357293,2.99002693,-1.94579888
23.205,33.48768947,-1.75178433,-3.35349908,-16.35922665,-4.92425839,-2.31390089,-10.59945094,-8.27627266,-8.80542755,-16.24397082,1.70869887,-2.13119664
23.21,33.34066193,-1.3492966,-3.24217207,-16.6533083,-4.73261131,-2.41095805,-10.18045086,-8.67726419,-8.89727472,-17.3996883,0.3680551,-2.35561028
23.215,33.16302291,-0.96959421,-3.14903684,-16.90956033,-4.48692865,-2.47821474,-9.72219773,-9.07206379,-8.95376762,-18.59992267,-1.01582471,-2.5914108
23.22,32.95524486,-0.64364689,-3.08035814,-17.13248122,-4.18250814,-2.52805339,-9.21745578,-9.43510021,-8.94464316,-19.84619794,-2.45694775,-2.87303294
23.225,32.70575702,-0.3220161,-3.01899914,-17.29420223,-3.8496192,-2.54223724,-8.67725661,-9.80517638,-8.93269028,-21.13089923,-3.90093676,-3.13750145
23.23,32.42026316,-0.02972555,-2.97357587,-17.40868506,-3.48421741,-2.53569699,-8.09586629,-10.1623325,-8.88364809,-22.45409375,-5.3640001,-3.42088517
23.235,32.09506665,0.25084225,-2.93831047,-17.46289447,-3.10397951,-2.50685808,-7.47646299,-10.52082628,-8.8188764,-23.80917102,-6.82167476,-3.70604957
23.24,31.73804651,0.47933549,-2.93037837,-17.48993339,-2.69050367,-2.46672497,-6.81619223,-10.84746979,-8.69604957,-25.20056891,-8.28513281,-4.0161312
23.245,31.35288268,0.6911107,-2.95520998,-17.48700118,-2.27682295,-2.41429207,-6.12075152,-11.17545911,-8.56796658,-26.62164519,-9.72331003,-4.32663351
23.25,30.92765297,0.85518387,-2.98664755,-17.42230781,-1.84237049,-2.34150412,-5.38112267,-11.46696576,-8.3653907,-28.0636787,-11.1435517,-4.67664275
23.255,30.470581,0.99416505,-3.03743919,-17.32058142,-1.40872843,-2.26185462,-4.61003949,-11.74536147,-8.14250107,-29.52425595,-12.51284755,-5.01177291
23.26,29.99121178,1.09389637,-3.11601667,-17.19771214,-0.97684673,-2.17018759,-3.80349559,-11.99623023,-7.88300608,-31.00258567,-13.83305375,-5.36862749
23.265,29.47834847,1.17807593,-3.20491759,-17.02082243,-0.56195071,-2.0737766,-2.96548452,-12.23807332,-7.60080705,-32.48555326,-15.08119644,-5.71961633
23.27,28.94924292,1.22849091,-3.3195182,-16.8327886,-0.15908196,-1.97471449,-2.09904227,-12.45321005,-7.29659758,-33.97645244,-16.25547965,-6.07438939
23.275,28.39811222,1.25409524,-3.44694282,-16.61308385,0.22573901,-1.87428668,-1.20582729,-12.64632602,-6.9717533,-35.46388425,-17.34493292,-6.42619363
23.28,27.8294162,1.25752144,-3.59227793,-16.36367422,0.58559314,-1.77247539,-0.28473604,-12.81853172,-6.62344018,-36.94393998,-18.34327813,-6.78854329
23.285,27.2475987,1.2368841,-3.75028047,-16.09503485,0.92193544,-1.67305644,0.65890637,-12.96507227,-6.26014601,-38.41067755,-19.24396257,-7.15079652
23.29,26.65584817,1.19378182,-3.92000125,-15.80972762,1.23315805,-1.57746462,1.62314638,-13.08552264,-5.88504927,-39.85876272,-20.0435207,-7.51443948
23.295,26.05741783,1.12939472,-4.09997318,-15.51041283,1.51787177,-1.48682166,2.60547824,-13.17886419,-5.50063823,-41.28175902,-20.73841576,-7.88113768
23.3,25.45497614,1.04553101,-4.28644275,-15.20162722,1.77604414,-1.40403873,3.60177423,-13.24463317,-5.11269642,-42.67380555,-21.3263757,-8.24841906
23.305,24.85161411,0.94236952,-4.47893103,-14.88815136,2.00810461,-1.3310784,4.61005757,-13.28293407,-4.72547273,-44.03081244,-21.80770836,-8.617828
23.31,24.24990542,0.81787697,-4.67206842,-14.57065852,2.21783691,-1.26572896,5.62756901,-13.29077767,-4.34359287,-45.34463598,-22.18464215,-8.99000012
23.315,23.65618326,0.67831239,-4.87143633,-14.26054001,2.40639987,-1.20942902,6.65215955,-13.2698078,-3.96579032,-46.61352822,-22.46011421,-9.36784404
23.32,23.06702925,0.51984834,-5.06397688,-13.95305714,2.57479873,-1.16593607,7.67731588,-13.22027977,-3.60794945,-47.83075913,-22.63104616,-9.74371575
23.325,22.49002434,0.34605065,-5.25727395,-13.65537382,2.72550144,-1.13143462,8.70545912,-13.1439727,-3.26379619,-48.99254552,-22.70613475,-10.12720703
23.33,21.92457861,0.15629085,-5.44539251,-13.36996382,2.86238252,-1.10708711,9.73087733,-13.04144074,-2.9427882,-50.09419031,-22.68805173,-10.51371993
23.335,21.37288546,-0.04804518,-5.62780755,-13.10049041,2.9880054,-1.09288304,10.75133549,-12.91489481,-2.64805566,-51.13235523,-22.58140459,-10.90290238
23.34,20.83063227,-0.26523791,-5.8035326,-12.83935289,3.10944634,-1.09333366,11.76012032,-12.76585647,-2.38470865,-52.09934736,-22.38791564,-11.29277226
23.345,20.31552991,-0.49662428,-5.96981571,-12.61891963,3.21673077,-1.09218026,12.7666082,-12.59716323,-2.15012318,-53.00436378,-22.12781826,-11.68690412
23.35,19.79988098,-0.73688297,-6.13225779,-12.39028923,3.33700604,-1.11379795,13.74838896,-12.41440562,-1.96100211,-53.82317806,-21.784465,-12.080397
23.355,19.31491132,-0.98892539,-6.28782597,-12.20557031,3.44683056,-1.13095601,14.72694634,-12.21513956,-1.79727196,-54.57722593,-21.39054096,-12.47784508
23.36,18.84777839,-1.24882694,-6.43660511,-12.04883017,3.56151416,-1.15262925,15.68911897,-12.00633452,-1.6718048,-55.25528722,-20.94199713,-12.87607376
23.365,18.4072464,-1.51957272,-6.58739425,-11.93026739,3.67306299,-1.16877423,16.64253593,-11.78452158,-1.57218779,-55.86238855,-20.45586764,-13.27584868
23.37,17.90947804,-1.80143668,-6.70052579,-11.8069445,3.77118007,-1.2364253,17.48698651,-11.55561778,-1.56419682,-56.36013361,-19.88858069,-13.62477265
23.375,17.54908052,-2.07465405,-6.85485535,-11.73866542,3.95302428,-1.24213213,18.46274024,-11.33371285,-1.51658887,-56.81745368,-19.33641959,-14.0673102
23.38,17.08631783,-2.36041421,-6.99448862,-11.65868757,4.05051037,-1.30577251,19.28470738,-11.10624657,-1.55336342,-57.16064063,-18.73219369,-14.4240732
23.385,16.74912911,-2.65185887,-7.13024432,-11.64631635,4.25801506,-1.29868196,20.19667486,-10.87350503,-1.59382327,-57.44809087,-18.13034131,-14.84921767
23.39,16.32519256,-2.93543009,-7.29117821,-11.61501956,4.38046135,-1.36526092,20.99102194,-10.6568379,-1.6822462,-57.63226172,-17.49446597,-15.2166866
23.395,15.94746656,-3.22421242,-7.44154007,-11.63212185,4.55539657,-1.41218778,21.78866011,-10.4405074,-1.79787697,-57.75018683,-16.84816205,-15.60160016
23.4,15.64108186,-3.52935526,-7.55578014,-11.68530165,4.80927436,-1.37422885,22.61559225,-10.20555973,-1.93296902,-57.78759548,-16.2358463,-16.00564669
23.405,15.30466646,-3.82480205,-7.72712357,-11.73640568,5.03744484,-1.36069819,23.38158614,-9.99698529,-2.11020969,-57.73463438,-15.62219357,-16.39851159
23.41,14.96605305,-4.11432141,-7.89750448,-11.814104,5.26185637,-1.3648299,24.10993806,-9.79731063,-2.3009949,-57.60801189,-15.00999337,-16.77717374
23.415,14.60467028,-4.37781063,-8.08403627,-11.88534346,5.43629631,-1.4238279,24.80930494,-9.61687098,-2.46776056,-57.41789102,-14.39221937,-17.13200727
23.42,14.30946388,-4.69001725,-8.24068029,-12.01176358,5.75321637,-1.34811886,25.48820467,-9.41302432,-2.73302602,-57.12198511,-13.83657323,-17.51278666
23.425,13.96122215,-4.93350386,-8.44903035,-12.10054107,5.94210336,-1.40266088,26.14360058,-9.25814277,-2.91789336,-56.78104937,-13.25494536,-17.85600011
23.43,13.67041112,-5.24319763,-8.62165487,-12.2625756,6.28313729,-1.30093728,26.75407098,-9.0685054,-3.21292006,-56.33246686,-12.75570601,-18.22613472
23.435,13.34424812,-5.50851103,-8.82921358,-12.38593544,6.56487692,-1.23866467,27.34262744,-8.90992718,-3.45898433,-55.82458093,-12.2679449,-18.5865374
23.44,13.02116539,-5.73361018,-9.06165061,-12.52183205,6.78530079,-1.27667983,27.918029,-8.78204424,-3.66833921,-55.25806999,-11.76651474,-18.90123756
23.445,12.70011269,-6.01393394,-9.25754851,-12.66117145,7.12610201,-1.15753803,28.43643003,-8.62367189,-3.96349896,-54.60080275,-11.3661215,-19.24228966
23.45,12.37130295,-6.25041905,-9.49097467,-12.80007301,7.41086765,-1.09510215,28.93919001,-8.49679977,-4.20886591,-53.88671371,-10.96829194,-19.56564339
23.455,12.0400562,-6.47940154,-9.72536692,-12.93599804,7.69600035,-1.03310972,29.41320901,-8.37721128,-4.4523517,-53.10409649,-10.60277364,-19.8709984
23.46,11.71736946,-6.64503162,-9.97433444,-13.0437754,7.90355581,-1.08781866,29.90718784,-8.2987783,-4.63031666,-52.28029444,-10.2113267,-20.11937457
23.465,11.36738184,-6.89779402,-10.19667346,-13.18700544,8.24954136,-0.9290317,30.28147734,-8.17000344,-4.91603992,-51.34501752,-9.96046532,-20.41768432
23.47,11.04353747,-7.03388396,-10.45186026,-13.27963583,8.44942353,-0.976867,30.73030971,-8.11503711,-5.07181859,-50.39863819,-9.63070534,-20.63664558
23.475,10.66943504,-7.26300854,-10.68351707,-13.40213308,8.7793522,-0.80485332,31.03641134,-8.0031353,-5.33005378,-49.337346,-9.44854744,-20.91282997
23.48,10.30862266,-7.42385108,-10.93506037,-13.49061452,9.03181848,-0.73699357,31.37329764,-7.93376986,-5.51092644,-48.24550831,-9.23559592,-21.14473308
23.485,9.98449834,-7.53174703,-11.17824648,-13.5553842,9.22032028,-0.77979834,31.74846982,-7.89766406,-5.63183386,-47.11774579,-8.9873605,-21.30980769
23.49,9.57891969,-7.70961324,-11.39993466,-13.62007496,9.49709367,-0.63635477,31.96936127,-7.82356286,-5.84248698,-45.88264342,-8.87442936,-21.51842322
23.495,9.25020427,-7.78909995,-11.63678014,-13.65798187,9.66582755,-0.6777904,32.30061117,-7.80603126,-5.92983285,-44.64518738,-8.66649017,-21.65175346
23.5,8.8347293,-7.94032553,-11.85594333,-13.69644249,9.90572762,-0.55367892,32.46282376,-7.75492094,-6.11336197,-43.2984191,-8.58640243,-21.81509598
23.505,8.50075784,-7.99585087,-12.07439815,-13.69575685,10.0544861,-0.58549687,32.74531301,-7.75241554,-6.16376017,-41.94998217,-8.41170276,-21.91741342
23.51,8.11730196,-8.1090227,-12.28575794,-13.69318707,10.22614857,-0.55758738,32.92223368,-7.70879227,-6.25859949,-40.51337253,-8.28787774,-22.01682557
23.515,7.66946853,-8.1930546,-12.44371771,-13.65546383,10.4075683,-0.42884584,32.99962597,-7.71186711,-6.38815547,-39.01415571,-8.23518833,-22.11236465
23.52,7.28068287,-8.25033322,-12.62315985,-13.61142252,10.54185556,-0.39159085,33.13059198,-7.72314465,-6.45378022,-37.48470236,-8.12672158,-22.16570339
23.525,6.89031442,-8.29997595,-12.7799318,-13.55008345,10.65779406,-0.36426229,33.23318555,-7.74164849,-6.50806924,-35.90383945,-8.01288643,-22.18732808
23.53,6.54202563,-8.32520222,-12.93045527,-13.47572679,10.73776441,-0.37750605,33.36871025,-7.76681792,-6.49862346,-34.28945303,-7.8745948,-22.18830243
23.535,6.14228843,-8.37165078,-13.05177778,-13.38236018,10.81513275,-0.35190492,33.4054617,-7.79179567,-6.53802943,-32.60452448,-7.75011536,-22.15034694
23.54,5.74764481,-8.39277207,-13.16021814,-13.27609748,10.87886706,-0.32482673,33.4249931,-7.84413391,-6.56262975,-30.88305871,-7.61226362,-22.08258431
23.545,5.33326825,-8.39892325,-13.24697572,-13.15847944,10.94306071,-0.28658448,33.38988553,-7.92685179,-6.61356664,-29.11625651,-7.45873229,-21.96121184
23.55,4.94488125,-8.40056454,-13.32204665,-13.02834848,10.97156981,-0.26465436,33.36335108,-8.00448114,-6.61926903,-27.31522044,-7.28459356,-21.80774692
23.555,4.58956393,-8.39488283,-13.39192543,-12.89034343,10.95739927,-0.25273204,33.3523862,-8.07979751,-6.5736915,-25.48356513,-7.11353974,-21.64918246
23.56,4.16738243,-8.37557957,-13.41515974,-12.73897821,10.98121938,-0.21776749,33.22842069,-8.20554434,-6.62160261,-23.61378469,-6.89655689,-21.37043414
23.565,3.77975134,-8.34789461,-13.43749098,-12.58228394,10.96042074,-0.18385001,33.12585696,-8.33053073,-6.61631474,-21.72672871,-6.67666352,-21.06662301
23.57,3.40183678,-8.31270126,-13.4390073,-12.4210736,10.91009881,-0.14164142,33.0120764,-8.46386838,-6.58413823,-19.82542205,-6.46478628,-20.73193809
23.575,2.99666962,-8.26407081,-13.43137543,-12.251136,10.88050945,-0.09518518,32.84407683,-8.63250008,-6.60666665,-17.91334803,-6.20860828,-20.3036796
23.58,2.60046354,-8.21086929,-13.40615972,-12.07885646,10.81808664,-0.03266881,32.66944383,-8.80632888,-6.60494506,-16.00472377,-5.96013799,-19.82608107
23.585,2.19838713,-8.14926169,-13.36899366,-11.90530951,10.74192559,0.04307206,32.47409933,-8.99732987,-6.60823997,-14.11472913,-5.70568118,-19.28753979
23.59,1.79357887,-8.07938607,-13.31957849,-11.73125888,10.65105008,0.13519095,32.2660326,-9.20332446,-6.61160944,-12.25725181,-5.4490453,-18.68122251
23.595,1.38507601,-8.00257131,-13.25785025,-11.55997521,10.54961903,0.24324766,32.04833406,-9.42369832,-6.61831989,-10.44882111,-5.18882681,-18.00677911
23.6,0.97377358,-7.92166264,-13.18515419,-11.39323918,10.43727182,0.36772883,31.82732363,-9.65452274,-6.62586775,-8.7064102,-4.92516057,-17.26999992
23.605,0.5610784,-7.84203781,-13.10603917,-11.23486263,10.30819365,0.50926591,31.60719432,-9.88933324,-6.63135632,-7.04251123,-4.65875867,-16.47953694
23.61,0.14861647,-7.76832347,-13.0205933,-11.08660641,10.16596508,0.66680865,31.39365659,-10.12293674,-6.63554062,-5.46971814,-4.39594277,-15.64199507
23.615,-0.26215644,-7.70649036,-12.92809,-10.95210646,10.01317103,0.83874882,31.1888915,-10.34888292,-6.63860882,-3.99653188,-4.14120129,-14.76749226
23.62,-0.67280232,-7.66409534,-12.83245324,-10.83274429,9.83905293,1.02759543,30.99353625,-10.55836716,-6.63702728,-2.63203198,-3.8946257,-13.85991207
23.625,-1.08121607,-7.64528815,-12.73454846,-10.73193347,9.65279174,1.22767717,30.80985133,-10.74643306,-6.63452236,-1.38190406,-3.65986518,-12.93483776
23.63,-1.48559553,-7.6571601,-12.63609401,-10.6514298,9.44604934,1.43979403,30.64015719,-10.90581879,-6.62664095,-0.25258043,-3.44366123,-12.00258899
23.635,-1.88567406,-7.70506586,-12.53386372,-10.59440453,9.21312718,1.66370507,30.48503912,-11.02791413,-6.6075987,0.75290143,-3.25242882,-11.07330897
23.64,-2.2806939,-7.79012903,-12.43588741,-10.56820118,8.97775013,1.88869852,30.33909949,-11.11705698,-6.60098908,1.62959026,-3.07518533,-10.14371972
23.645,-2.67047392,-7.9196869,-12.35252295,-10.56285054,8.69240186,2.12204884,30.21410857,-11.15552045,-6.56995728,2.37484043,-2.92198104,-9.25123919
23.65,-3.0494979,-8.09446453,-12.26889129,-10.59223517,8.38473877,2.35538377,30.10242001,-11.14845698,-6.53932834,2.99275243,-2.80621978,-8.3864719
23.655,-3.42331695,-8.31860871,-12.19683251,-10.65364735,8.04858383,2.58644649,30.00118272,-11.0905729,-6.50756935,3.47843598,-2.70820316,-7.54689552
23.66,-3.78255675,-8.59177581,-12.12996517,-10.75587983,7.67484469,2.81262587,29.91696294,-10.98072,-6.46496567,3.83325746,-2.65095879,-6.75421776
23.665,-4.13223659,-8.91601573,-12.07521088,-10.89200459,7.26134577,3.03006507,29.8463957,-10.8157374,-6.41659989,4.05987255,-2.62035901,-6.00658828
23.67,-4.46903926,-9.29162583,-12.02600472,-11.06426176,6.80251078,3.23609118,29.79446769,-10.5937936,-6.36311114,4.15300229,-2.62559581,-5.31324897
23.675,-4.78623667,-9.71803257,-12.00001395,-11.28616359,6.29586604,3.42351163,29.75214267,-10.32042912,-6.29663917,4.13414165,-2.65575964,-4.67969058
23.68,-5.07947008,-10.19073335,-11.98343862,-11.55094533,5.73613249,3.58737401,29.72963097,-9.99553846,-6.20841427,3.99863342,-2.72235746,-4.12591675
23.685,-5.36245349,-10.71391669,-11.97850756,-11.85786452,5.1303076,3.73172734,29.72292234,-9.61585194,-6.12699809,3.7298289,-2.80646976,-3.61464053
23.69,-5.61828343,-11.27841345,-11.98614901,-12.21599116,4.46857938,3.84705615,29.73437241,-9.19155823,-6.03288403,3.35141546,-2.91916547,-3.18053167
23.695,-5.81012311,-11.84827121,-12.03206659,-12.61788085,3.73334703,3.92074303,29.8338311,-8.73819638,-5.8436777,2.83752487,-3.02966615,-2.94543254
23.7,-6.05078709,-12.52880022,-12.03424873,-13.0887056,2.97321169,3.97564956,29.7997815,-8.21472499,-5.82792026,2.28775876,-3.22214333,-2.52628577
23.705,-6.22557064,-13.20263856,-12.07370467,-13.60243505,2.12411676,4.00111135,29.84895058,-7.67627275,-5.71383295,1.61993051,-3.38255816,-2.28719048
23.71,-6.36283337,-13.90627994,-12.11431372,-14.17196639,1.21388034,3.9802299,29.91297885,-7.10671077,-5.58937085,0.87239214,-3.56839462,-2.13063746
23.715,-6.44641053,-14.61452382,-12.17016635,-14.78883612,0.23486979,3.95386713,30.02236323,-6.52121672,-5.39975869,0.04042057,-3.7063753,-2.06336848
23.72,-6.49913637,-15.36415487,-12.2162173,-15.46750126,-0.82256996,3.86865871,30.109063,-5.90795287,-5.25597514,-0.83026031,-3.90275887,-2.0368567
23.725,-6.54331891,-16.15700354,-12.19000405,-16.21219781,-1.92765095,3.61998338,30.12924396,-5.26821496,-5.17867509,-1.71368115,-4.21382418,-2.09710812
23.73,-6.51329839,-16.93121782,-12.19949433,-17.00477449,-3.12041964,3.39889795,30.2087706,-4.63512988,-5.04088984,-2.66022549,-4.43457584,-2.2252679
23.735,-6.42898945,-17.71181864,-12.17395164,-17.85111783,-4.37920823,3.09793018,30.28603315,-3.99716129,-4.89566154,-3.62303085,-4.6612609,-2.4370214
23.74,-6.28812056,-18.48813616,-12.12442723,-18.75050846,-5.69798889,2.74923213,30.36323706,-3.3668997,-4.74273229,-4.59755855,-4.86985494,-2.70404286
23.745,-6.08266719,-19.26560922,-12.03484651,-19.70793002,-7.08907847,2.32291537,30.43142814,-2.73751756,-4.59025608,-5.56465751,-5.06382865,-3.04026511
23.75,-5.81751243,-20.03441133,-11.94139116,-20.72402129,-8.52792716,1.87663777,30.48676184,-2.1220706,-4.46639769,-6.51448568,-5.23384806,-3.39033181
23.755,-5.47913626,-20.77330875,-11.73120824,-21.78055615,-10.01306892,1.29415521,30.53467291,-1.5364717,-4.31044151,-7.45617899,-5.34005257,-3.86522436
23.76,-5.09463363,-21.53231251,-11.54519833,-22.87953072,-11.52856837,0.77192473,30.55229169,-0.93248115,-4.19987788,-8.34054105,-5.47321245,-4.24452152
23.765,-4.62507224,-22.25185647,-11.26642883,-24.03882442,-13.07696311,0.13160373,30.54802494,-0.37195692,-4.09702892,-9.18355348,-5.54905993,-4.71550324
23.77,-4.09178131,-22.95552319,-10.93730503,-25.23383158,-14.63570328,-0.52639741,30.52143167,0.1738622,-4.01065667,-9.98027953,-5.58090241,-5.19120815
23.775,-3.48395315,-23.62440443,-10.5339822,-26.47245356,-16.19166508,-1.23269535,30.46849409,0.6879937,-3.94062596,-10.72207607,-5.56139808,-5.69559331
23.78,-2.81019835,-24.26423881,-10.07245029,-27.74766487,-17.72900843,-1.95062504,30.38426009,1.17855587,-3.89212511,-11.40192013,-5.50531735,-6.19601401
23.785,-2.07068953,-24.86667569,-9.54280477,-29.05791178,-19.23173358,-2.67376364,30.26747135,1.64065235,-3.8584029,-12.01953113,-5.39940078,-6.69702452
23.79,-1.23904342,-25.39714452,-8.9082924,-30.40484147,-20.67466222,-3.46261436,30.13970305,2.0438871,-3.85221299,-12.59122917,-5.23035941,-7.2419457
23.795,-0.37993037,-25.92877654,-8.26589743,-31.76410269,-22.08387817,-4.17093266,29.94862083,2.46465914,-3.86008496,-13.05732943,-5.08091338,-7.7074702
23.8,0.54662052,-26.39244362,-7.54825615,-33.1488684,-23.41590059,-4.88630258,29.73998478,2.83482437,-3.90233836,-13.4865527,-4.87246442,-8.19116603
23.805,1.53241988,-26.79086106,-6.76043131,-34.55375236,-24.65603681,-5.58440844,29.49684507,3.16753184,-3.94941363,-13.84228477,-4.62902082,-8.66382673
23.81,2.56583549,-27.11752396,-5.9121389,-35.96774246,-25.78934042,-6.25451654,29.2186897,3.46205484,-4.00080618,-14.12931235,-4.34616077,-9.12451815
23.815,3.64928721,-27.37014453,-5.02161496,-37.39757032,-26.80143038,-6.90237798,28.93020806,3.71241252,-4.08600906,-14.38892131,-4.0411613,-9.57285907
23.82,4.75930441,-27.5572428,-4.09504214,-38.82284748,-27.71082877,-7.49327221,28.59755707,3.93537949,-4.17338328,-14.57136683,-3.71860076,-9.9934442
23.825,5.8914282,-27.66690437,-3.14573909,-40.24393355,-28.49744424,-8.04066426,28.23714988,4.12136388,-4.26769789,-14.70480324,-3.38593674,-10.38934494
23.83,7.03809896,-27.69941687,-2.1815521,-41.65588015,-29.16462293,-8.54061698,27.8480154,4.27077516,-4.37347723,-14.79242021,-3.03930938,-10.76475414
23.835,8.19092484,-27.656238,-1.21619267,-43.05207339,-29.70526945,-8.9913273,27.43173214,4.38603424,-4.48392927,-14.83582012,-2.69312022,-11.11137651
23.84,9.33984359,-27.53707096,-0.26104755,-44.42776988,-30.12157262,-9.3899987,26.99174429,4.46801172,-4.59968133,-14.840734,-2.34519305,-11.43158961
23.845,10.47587319,-27.34439879,0.67036257,-45.77721742,-30.4159046,-9.73720331,26.52754961,4.51800747,-4.71632173,-14.8101886,-2.00250351,-11.72283201
23.85,11.59546402,-27.08277828,1.57199152,-47.09685211,-30.59359293,-10.03889131,26.04250143,4.5370048,-4.83726852,-14.74908275,-1.6711661,-11.98639773
23.855,12.68956897,-26.75965822,2.4296147,-48.38175126,-30.65743709,-10.29212049,25.53736487,4.52792896,-4.96007802,-14.66484845,-1.34739703,-12.22300371
23.86,13.75311708,-26.37571979,3.23338747,-49.62675818,-30.61337578,-10.50212404,25.01712539,4.49209226,-5.07836069,-14.55656797,-1.04666435,-12.42783973
23.865,14.78164763,-25.93874883,3.97878112,-50.82962952,-30.4662869,-10.67148904,24.48151409,4.4306721,-5.19658469,-14.43091058,-0.76027933,-12.60718526
23.87,15.77251267,-25.45442543,4.65726252,-51.98790922,-30.22379114,-10.80282853,23.93575977,4.34488423,-5.31537649,-14.29595474,-0.49169558,-12.76057562
23.875,16.72915822,-24.93840688,5.26587001,-53.09496319,-29.89601537,-10.89622409,23.38159892,4.24421827,-5.42864389,-14.14494484,-0.24582434,-12.88161788
23.88,17.64448519,-24.38808059,5.79853987,-54.15107849,-29.48598752,-10.95719158,22.82281164,4.12273501,-5.54048682,-13.99118404,-0.01873525,-12.97789393
23.885,18.51634561,-23.81289377,6.24733412,-55.15173526,-29.0002847,-10.99400637,22.25912575,3.98397807,-5.6421732,-13.83257677,0.18648374,-13.0506995
23.89,19.35396469,-23.22423585,6.61990526,-56.0972758,-28.45283439,-10.99916049,21.69746622,3.83360583,-5.7432545,-13.67372692,0.37348208,-13.09614637
23.895,20.12883116,-22.61932162,6.88923777,-56.96753017,-27.85957589,-11.01852547,21.11740765,3.66633988,-5.8233609,-13.49078408,0.5418419,-13.13677486
23.9,20.92087501,-22.0301043,7.12302052,-57.81335519,-27.19799501,-10.92986957,20.58399732,3.50257101,-5.93190202,-13.36268205,0.69849914,-13.11313922
23.905,21.65200851,-21.43842914,7.25216332,-58.58183632,-26.50383387,-10.87013142,20.0359973,3.32583936,-6.01086363,-13.21947139,0.83805504,-13.08458422
23.91,22.32608548,-20.84758638,7.30389181,-59.27631738,-25.88759086,-10.95141714,19.46781194,3.13935196,-6.09139362,-13.06496971,0.92759167,-13.1136814
23.915,23.01830483,-20.28859824,7.26520637,-59.92606896,-25.02417265,-10.71283031,18.96457736,2.95495595,-6.13514003,-12.9386606,1.08151182,-12.98506668
23.92,23.66986047,-19.74835374,7.18330594,-60.51436995,-24.24998853,-10.59907181,18.44413589,2.7723404,-6.20789929,-12.81786049,1.19146739,-12.88697194
23.925,24.29692442,-19.22714984,7.03246133,-61.04047922,-23.46580009,-10.4611403,17.93811919,2.58477394,-6.26422188,-12.71150431,1.30357513,-12.77357112
23.93,24.90279129,-18.73340136,6.81984857,-61.50739027,-22.67119289,-10.317763,17.44410763,2.39851763,-6.31415792,-12.61736071,1.41032355,-12.6459853
23.935,25.48920342,-18.27370487,6.56099359,-61.90957664,-21.87771419,-10.09722346,16.94909016,2.21654841,-6.38246286,-12.51593858,1.54017164,-12.47591943
23.94,26.05810832,-17.84037216,6.23171046,-62.25105507,-21.08057531,-9.95161388,16.48094011,2.03400741,-6.40664462,-12.43621152,1.64623549,-12.32789384
23.945,26.61352821,-17.44022845,5.86932096,-62.53514135,-20.28858982,-9.75799501,16.01817891,1.855541,-6.44450254,-12.36306119,1.76316752,-12.15431455
23.95,27.15918646,-17.06555858,5.47576069,-62.76441433,-19.50153453,-9.56640215,15.57151134,1.67922141,-6.46589069,-12.30578696,1.88016415,-11.9736383
23.955,27.69396637,-16.72356354,5.05192093,-62.93505987,-18.72564504,-9.3581954,15.13277994,1.50740091,-6.49114717,-12.25356451,2.00384148,-11.7838502
23.96,28.21725027,-16.41252191,4.60096896,-63.04668453,-17.95993068,-9.12812377,14.70376759,1.33919961,-6.52651289,-12.21112613,2.13750223,-11.58491346
23.965,28.73327513,-16.12718485,4.1366675,-63.10402901,-17.20455197,-8.88070416,14.28400655,1.17476925,-6.55830374,-12.17777093,2.27918916,-11.37743635
23.97,29.24329191,-15.85875499,3.67628631,-63.10684921,-16.46133929,-8.61217952,13.86613856,1.01271068,-6.59054865,-12.14351197,2.42946212,-11.16007986
23.975,29.74995206,-15.61634347,3.20097691,-63.05166772,-15.73526434,-8.36989951,13.47155128,0.85404499,-6.64206618,-12.13382778,2.57112903,-10.96735711
23.98,30.24577357,-15.39006512,2.73180445,-62.94468586,-15.01779985,-8.06887581,13.06408939,0.69933259,-6.6701045,-12.10681832,2.7365463,-10.7491104
23.985,30.73925023,-15.17847676,2.28020644,-62.78096356,-14.31747686,-7.75924826,12.66164731,0.55098644,-6.70950751,-12.08208552,2.90583953,-10.53365039
23.99,31.22965982,-14.97988491,1.83160594,-62.56375441,-13.62886697,-7.47572944,12.27892286,0.40043439,-6.77981421,-12.08824214,3.06245659,-10.34789143
23.995,31.71121088,-14.78943947,1.41031916,-62.28801004,-12.95670778,-7.12934974,11.87653887,0.26035979,-6.81733945,-12.05738585,3.24479087,-10.13732136
24,32.1895656,-14.60498175,1.00972154,-61.95827371,-12.29974687,-6.7972057,11.48381962,0.12088905,-6.88573913,-12.04475202,3.41905705,-9.94800554
24.005,32.66237297,-14.42248683,0.63700912,-61.57190092,-11.65794236,-6.45916131,11.09040371,-0.01502345,-6.96329889,-12.03212214,3.59319104,-9.76962799
24.01,33.13148765,-14.2403905,0.29140657,-61.13072206,-11.03620342,-6.12532117,10.69704598,-0.14750557,-7.04536124,-12.01686915,3.76248456,-9.60788639
24.015,33.59329103,-14.05959726,-0.03153081,-60.62981115,-10.42829308,-5.80270624,10.30881662,-0.27804388,-7.14950693,-12.01284027,3.92250374,-9.46895625
24.02,34.04697655,-13.86837448,-0.30770894,-60.07069754,-9.84165471,-5.46279151,9.90405947,-0.40150928,-7.24083398,-11.98072127,4.08790271,-9.3302652
24.025,34.49066302,-13.67646929,-0.55866306,-59.45213809,-9.26911142,-5.12908062,9.49933263,-0.52038292,-7.34746831,-11.95482195,4.24574338,-9.20752195
24.03,34.92953482,-13.47275051,-0.7733859,-58.77435277,-8.72173149,-4.82786478,9.09331175,-0.63779376,-7.46594455,-11.92059189,4.38942291,-9.11278511
24.035,35.3519515,-13.2644911,-0.9546224,-58.03524518,-8.18859719,-4.5148323,8.67550267,-0.74709384,-7.5828889,-11.87764539,4.53248164,-9.02156123
24.04,35.76650533,-13.04596765,-1.10543091,-57.23367865,-7.67746264,-4.23939651,8.25782678,-0.85342408,-7.70800821,-11.82817945,4.65814989,-8.95658458
24.045,36.21538711,-12.80842607,-1.19008211,-56.37484222,-7.24227726,-4.12784991,7.87216849,-0.94615853,-7.86989092,-11.77848847,4.75208527,-8.98345981
24.05,36.54644616,-12.59265992,-1.33224147,-55.44029921,-6.70962781,-3.73226283,7.40127954,-1.05003511,-7.98266024,-11.70314079,4.88487786,-8.88270003
24.055,36.9230388,-12.35103517,-1.39369288,-54.4476229,-6.25510197,-3.5433405,6.97414981,-1.13570257,-8.11359084,-11.6267808,4.96987696,-8.86510917
24.06,37.26199816,-12.11279944,-1.46168039,-53.38671097,-5.80448731,-3.33791696,6.5260044,-1.22265736,-8.26224635,-11.53320268,5.05524224,-8.85619677
24.065,37.6076708,-11.85342681,-1.48311632,-52.26202812,-5.37529617,-3.20769621,6.09854184,-1.30474327,-8.3889189,-11.43764103,5.11150897,-8.87663546
24.07,37.96481313,-11.61498438,-1.50691936,-51.07300031,-4.97769713,-3.14671336,5.69884273,-1.36699458,-8.54862465,-11.33036687,5.16326677,-8.93595094
24.075,38.19697482,-11.34958789,-1.53813008,-49.80117527,-4.54224636,-2.9674719,5.20321058,-1.45574471,-8.65156916,-11.19589277,5.19394668,-8.94296662
24.08,38.5084857,-11.11757597,-1.55286744,-48.47666062,-4.14607078,-2.93915666,4.79800259,-1.50499434,-8.8108971,-11.05977304,5.22201779,-9.00636257
24.085,38.75819674,-10.86677609,-1.57635444,-47.07308836,-3.73659518,-2.89177741,4.36309117,-1.57359328,-8.93770019,-10.90458744,5.22345334,-9.0609872
24.09,38.86028286,-10.62626418,-1.6406763,-45.58513457,-3.35168911,-2.78748268,3.80980757,-1.64722746,-9.03172059,-10.71540248,5.2185787,-9.09424113
24.095,39.11330323,-10.40474501,-1.65369373,-44.05717242,-2.95047146,-2.81209207,3.42300187,-1.68161459,-9.16276551,-10.5430867,5.2000055,-9.15678753
24.1,39.16330136,-10.16572538,-1.75502113,-42.42208749,-2.58217428,-2.7799841,2.8884731,-1.76808223,-9.23295444,-10.33103561,5.15960047,-9.21671199
24.105,39.35805367,-9.96377807,-1.79818129,-40.75915022,-2.17733625,-2.81960183,2.50387137,-1.7957264,-9.3515297,-10.12722202,5.1090417,-9.27183775
24.11,39.32306472,-9.74815514,-1.96190326,-38.98342748,-1.83670537,-2.8112819,1.95956469,-1.88736558,-9.38453601,-9.88680191,5.04719682,-9.33689012
24.115,39.34361866,-9.56032297,-2.1073846,-37.16851562,-1.47298409,-2.82751204,1.48856233,-1.9452529,-9.43725186,-9.64312742,4.97072466,-9.38517954
24.12,39.3437254,-9.37963327,-2.26494123,-35.29664851,-1.11472758,-2.83678728,1.03363153,-2.00401706,-9.47046989,-9.3919036,4.87863668,-9.423688
24.125,39.27817967,-9.2287121,-2.49952961,-33.37037151,-0.78079518,-2.83073798,0.54673769,-2.06270246,-9.49684031,-9.11839393,4.7861309,-9.46025428
24.13,39.20651274,-9.0858934,-2.73051595,-31.4033203,-0.45452676,-2.80983993,0.08730664,-2.11809715,-9.50683482,-8.83717662,4.67457366,-9.47507706
24.135,39.05584187,-8.97584647,-3.05430968,-29.39582294,-0.16311818,-2.75878723,-0.41511728,-2.17485517,-9.50145928,-8.54080009,4.56962599,-9.48443383
24.14,38.88975962,-8.86916303,-3.38091856,-27.36377234,0.11045385,-2.68112261,-0.90252126,-2.2345226,-9.47459717,-8.23813534,4.44470418,-9.46819526
24.145,38.69006916,-8.77784629,-3.74513328,-25.31883244,0.3503271,-2.5739102,-1.39736032,-2.29480471,-9.43089031,-7.92491173,4.31410959,-9.43238563
24.15,38.46335877,-8.6976585,-4.13545991,-23.2723344,0.55593104,-2.43695198,-1.89411377,-2.35720617,-9.37317856,-7.6070921,4.1713404,-9.37414343
24.155,38.20689326,-8.63164208,-4.55797699,-21.24331045,0.72236841,-2.26822015,-2.40389735,-2.41803797,-9.2993262,-7.28284477,4.02697739,-9.29494699
24.16,37.93474717,-8.5695911,-4.98770497,-19.24330951,0.84563863,-2.07319473,-2.91267644,-2.48367289,-9.21199552,-6.95942163,3.86945438,-9.19151763
24.165,37.63681859,-8.51770892,-5.44581278,-17.2882871,0.92689571,-1.85515743,-3.43637094,-2.55218984,-9.11460705,-6.63233874,3.71026244,-9.06579512
24.17,37.33577899,-8.46616232,-5.894212,-15.39627223,0.96309936,-1.62391102,-3.95734996,-2.62451094,-9.01049038,-6.30841603,3.53503927,-8.91513796
24.175,37.02553852,-8.42168092,-6.35131501,-13.588939,0.96410525,-1.38066599,-4.48800619,-2.69903152,-8.89908429,-5.98696059,3.35886954,-8.74421472
24.18,36.72563969,-8.3720808,-6.78819054,-11.88393897,0.92993107,-1.13600795,-5.0149984,-2.77603103,-8.78107091,-5.67855076,3.16224368,-8.54868448
24.185,36.43458211,-8.31740119,-7.18627676,-10.29309144,0.85973129,-0.8953447,-5.53768044,-2.86432858,-8.66187084,-5.38179027,2.96535445,-8.34190864
24.19,36.17073263,-8.25716948,-7.55362236,-8.83757974,0.76613121,-0.67171647,-6.05082805,-2.95375515,-8.54438571,-5.10217193,2.74000745,-8.11435553
24.195,35.92199547,-8.19078408,-7.88270356,-7.51962627,0.64888326,-0.4671317,-6.55712994,-3.05645353,-8.43405718,-4.84329605,2.50806358,-7.87760652
24.2,35.69477968,-8.10546509,-8.17426783,-6.3478279,0.51259543,-0.29039015,-7.05751147,-3.1756399,-8.32539788,-4.609145,2.258858,-7.62743064
24.205,35.50217816,-8.00009216,-8.41003569,-5.32383288,0.35055571,-0.15520941,-7.53785149,-3.31134758,-8.23452281,-4.40007161,1.99132913,-7.37923048
24.21,35.33552779,-7.8756983,-8.60698951,-4.45308738,0.17385053,-0.06141959,-8.00433565,-3.46361723,-8.15501451,-4.2273868,1.69336948,-7.12234535
24.215,35.19111106,-7.72726545,-8.75912416,-3.7327529,-0.02126458,-0.01056485,-8.45853958,-3.6412428,-8.09375615,-4.0860341,1.37797039,-6.86702605
24.22,35.07091318,-7.55469818,-8.86870486,-3.1650948,-0.22866461,-0.00518533,-8.8976897,-3.84221161,-8.05073994,-3.98257653,1.03393609,-6.60986851
24.225,34.97462816,-7.35365083,-8.93769064,-2.74572249,-0.45310546,-0.04674415,-9.31899282,-4.06971422,-8.03573601,-3.91936801,0.66171962,-6.35962752
24.23,34.99782068,-7.16918144,-8.93293515,-2.51098874,-0.61082912,-0.08279852,-9.64695692,-4.26566958,-8.02724992,-3.90792098,0.1896084,-6.13476299
24.235,34.84423192,-6.86857982,-8.95987053,-2.34885279,-0.94058099,-0.28487684,-10.11302519,-4.6012116,-8.06967064,-3.92784849,-0.17510956,-5.88590939
24.24,34.8195638,-6.58136937,-8.90490081,-2.37370301,-1.1940293,-0.46464821,-10.48228758,-4.89931787,-8.14481594,-4.00033303,-0.64732427,-5.65369245
24.245,34.81699892,-6.26662327,-8.81848182,-2.53304391,-1.46170143,-0.6938142,-10.82660648,-5.22295725,-8.24687052,-4.12565668,-1.15693272,-5.44986904
24.25,34.83613945,-5.92520194,-8.69451523,-2.82836894,-1.73841299,-0.97239348,-11.15187356,-5.56509004,-8.378256,-4.30161938,-1.7052995,-5.26703748
24.255,34.87944053,-5.56044869,-8.53482441,-3.25243242,-2.01595706,-1.29061426,-11.4499909,-5.92391608,-8.54203478,-4.53374901,-2.29966347,-5.10952144
24.26,34.94525767,-5.1749078,-8.34131916,-3.79822022,-2.29457783,-1.64763708,-11.72080239,-6.29543268,-8.73599632,-4.82343539,-2.93856398,-4.98280289
24.265,35.03416904,-4.76945349,-8.11922747,-4.45667254,-2.56895422,-2.02173007,-11.95990451,-6.67889771,-8.95930777,-5.17301496,-3.62256976,-4.89427216
24.27,35.13969792,-4.34991632,-7.86790852,-5.2189684,-2.83632534,-2.43747519,-12.17030031,-7.06840832,-9.20855289,-5.58334865,-4.35812105,-4.84462594
24.275,35.28565329,-3.93834811,-7.65149882,-6.09163815,-2.96468751,-2.69274219,-12.32502368,-7.46974455,-9.44853231,-6.04405766,-5.14977447,-4.77164358
24.28,35.3931598,-3.47515721,-7.31303795,-7.00278292,-3.32586633,-3.27681356,-12.48869207,-7.86466957,-9.76814652,-6.59341583,-5.97775116,-4.89161333
24.285,35.53840391,-3.0431197,-7.00927903,-8.00695787,-3.52023856,-3.76150345,-12.58769713,-8.25417107,-10.05534143,-7.1959807,-6.87922655,-4.98746405
24.29,35.68050219,-2.58123467,-6.7180548,-9.04200956,-3.72244944,-4.12502551,-12.64793014,-8.6665848,-10.38277827,-7.86718155,-7.80589372,-5.14290977
24.295,35.81497482,-2.1368581,-6.41842304,-10.11887406,-3.86199189,-4.54852182,-12.66966299,-9.06647011,-10.68222848,-8.60632107,-8.80911504,-5.36834805
24.3,35.93900333,-1.68462436,-6.14450221,-11.20537815,-3.9905413,-4.90046271,-12.64837269,-9.47666996,-11.00759451,-9.40986077,-9.84643473,-5.65041025
24.305,36.03755875,-1.24379412,-5.86548813,-12.27834781,-4.06282691,-5.27125817,-12.57867332,-9.88404581,-11.28784711,-10.28529665,-10.96331916,-6.02598733
24.31,36.11572487,-0.80557614,-5.65503332,-13.34326023,-4.10785095,-5.5651776,-12.46703321,-10.30266933,-11.59167281,-11.22633034,-12.08767045,-6.43592126
24.315,36.1586456,-0.37823587,-5.44931271,-14.36412613,-4.10328249,-5.85063801,-12.30270494,-10.72423702,-11.84215973,-12.2383332,-13.28491686,-6.94645743
24.32,36.16347509,0.03639776,-5.27027319,-15.33297359,-4.0381845,-6.10146875,-12.08255251,-11.15314107,-12.03035946,-13.32216787,-14.52699366,-7.52253094
24.325,36.13374816,0.45420666,-5.15765621,-16.2418768,-3.95165687,-6.29315265,-11.81088259,-11.60413681,-12.24107741,-14.47175323,-15.77606298,-8.1376251
24.33,36.05911733,0.85517642,-5.07975983,-17.07634831,-3.80484782,-6.45841362,-11.47990156,-12.06160051,-12.39740893,-15.69255501,-17.05464895,-8.80306353
24.335,35.94719287,1.19846072,-5.03725878,-17.86135118,-3.58128833,-6.61209676,-11.08724545,-12.48849447,-12.4270216,-16.97062356,-18.39701837,-9.5899444
24.34,35.79486168,1.60371731,-5.03639716,-18.5324716,-3.37973785,-6.69138175,-10.63731573,-12.98548603,-12.51167235,-18.31335482,-19.66350942,-10.31493851
24.345,35.60001148,1.94699626,-5.07944233,-19.14266047,-3.09735897,-6.76648963,-10.12274957,-13.44798746,-12.47069554,-19.71159964,-20.98288714,-11.14924225
24.35,35.36646845,2.27835537,-5.15559661,-19.66414374,-2.78460859,-6.80776417,-9.54278158,-13.91544778,-12.38867762,-21.16568332,-22.26150318,-11.9673766
24.355,35.09606543,2.5937024,-5.2707032,-20.1059673,-2.4359806,-6.8287859,-8.89861188,-14.38248752,-12.23953291,-22.66974476,-23.51079175,-12.78777494
24.36,34.78870194,2.88282431,-5.41190077,-20.46727835,-2.05840417,-6.82468882,-8.18805812,-14.83227713,-12.01073443,-24.22201661,-24.72063788,-13.61597022
24.365,34.44793506,3.15035176,-5.5849196,-20.75055023,-1.6574275,-6.80276606,-7.41344989,-15.26890929,-11.71687586,-25.81249707,-25.87060484,-14.42114518
24.37,34.07319716,3.38861012,-5.77493561,-20.96205281,-1.23648046,-6.76378941,-6.58083541,-15.67395254,-11.35259004,-27.43566247,-26.95004629,-15.1908225
24.375,33.66719883,3.60831001,-5.98420997,-21.09881061,-0.80360283,-6.71372273,-5.68784225,-16.05851307,-10.92490061,-29.08961458,-27.94533636,-15.91007523
24.38,33.2428876,3.76991364,-6.19893293,-21.19306032,-0.33652581,-6.63794067,-4.739365,-16.37052276,-10.42265068,-30.75831427,-28.89777973,-16.61054847
24.385,32.77653069,3.97480943,-6.45899528,-21.19728114,0.05856616,-6.58513149,-3.7457118,-16.72760897,-9.90384766,-32.45791923,-29.63948304,-17.18463077
24.39,32.28516178,4.11426388,-6.69950695,-21.13958408,0.48989187,-6.51276252,-2.69840339,-16.9911288,-9.2903725,-34.15481446,-30.33408743,-17.73040962
24.395,31.77166765,4.22991291,-6.93746282,-21.0263106,0.90785437,-6.42906465,-1.61078833,-17.20452763,-8.63804119,-35.84888886,-30.91692758,-18.20890932
24.4,31.23903267,4.3149819,-7.17486089,-20.88016587,1.31395478,-6.35086448,-0.49457122,-17.36190215,-7.96118779,-37.53752657,-31.38385185,-18.60201116
24.405,30.69363922,4.37437227,-7.41830533,-20.7025508,1.6981259,-6.27019039,0.65570604,-17.46853632,-7.25488512,-39.21675125,-31.73423754,-18.92648397
24.41,30.12252433,4.40960657,-7.64574535,-20.47607215,2.05503554,-6.19933046,1.82253998,-17.51638911,-6.53079085,-40.87230162,-31.95483043,-19.16974216
24.415,29.53964532,4.41713515,-7.86582674,-20.21892021,2.38762195,-6.12906394,3.00952825,-17.50440455,-5.79382958,-42.50028332,-32.0576546,-19.34013567
24.42,28.93848152,4.40037909,-8.07303019,-19.93510939,2.68716378,-6.07311036,4.20058934,-17.43473115,-5.0595618,-44.09462736,-32.03898289,-19.43844854
24.425,28.32747306,4.35546652,-8.26593586,-19.63122821,2.95793188,-6.02381967,5.39634184,-17.30423404,-4.33385836,-45.64933912,-31.90517105,-19.46631667
24.43,27.70698045,4.28519838,-8.44397832,-19.31070551,3.19753416,-5.98380538,6.58964931,-17.11670827,-3.62564383,-47.15802506,-31.65792551,-19.42791084
24.435,27.07590816,4.19171237,-8.60425056,-18.97588797,3.40513267,-5.95636389,7.77201825,-16.8744481,-2.94332427,-48.61488166,-31.30603727,-19.33063804
24.44,26.4406527,4.07165471,-8.75169303,-18.63611317,3.5818253,-5.93761029,8.94667682,-16.58170067,-2.29402935,-50.02281581,-30.85201123,-19.1742677
24.445,25.79630067,3.9275101,-8.87887582,-18.28815707,3.7309871,-5.93201416,10.09929351,-16.23920162,-1.68693763,-51.36709898,-30.31024713,-18.97521164
24.45,25.15557051,3.76364204,-8.99992117,-17.94585356,3.85144646,-5.93197863,11.23863097,-15.85773607,-1.11917641,-52.65453853,-29.67773414,-18.72280592
24.455,24.51065247,3.58324665,-9.10258401,-17.59843933,3.9496465,-5.93897609,12.35359998,-15.43989683,-0.60048342,-53.87371419,-28.97527308,-18.43137269
24.46,23.86298873,3.37907962,-9.19860492,-17.24984855,4.03318982,-5.95577536,13.44575606,-14.98789143,-0.13342354,-55.02331922,-28.20445053,-18.10778118
24.465,23.21615263,3.15993083,-9.2790905,-16.91545336,4.09361046,-5.97397711,14.50436263,-14.50817473,0.27609199,-56.10194954,-27.3900894,-17.77923731
24.47,22.57284238,2.92442066,-9.35604516,-16.58689605,4.14341592,-5.9934246,15.54212078,-14.01165936,0.6295704,-57.11014401,-26.52623864,-17.4217276
24.475,21.93484277,2.67738896,-9.42969305,-16.27580196,4.17952272,-6.01003521,16.55306392,-13.50005373,0.93212599,-58.04918414,-25.6248677,-17.04992722
24.48,21.30100051,2.41742004,-9.49877405,-15.97915637,4.21047069,-6.02447269,17.53558389,-12.97846325,1.17784502,-58.91497198,-24.70276463,-16.67777131
24.485,20.67079088,2.1489892,-9.57080982,-15.69333908,4.23544127,-6.03248072,18.49079426,-12.45246449,1.37203765,-59.7066037,-23.76744967,-16.30748559
24.49,20.03308036,1.87931499,-9.66555566,-15.38257423,4.2639143,-6.03170762,19.41876829,-11.93659462,1.50841958,-60.41023449,-22.81222961,-15.90778278
24.495,19.40368872,1.59751419,-9.74908629,-15.10542502,4.2964545,-6.02514453,20.31510937,-11.41625164,1.59482989,-61.04327446,-21.86999886,-15.54872627
24.5,18.7785491,1.30893403,-9.83758605,-14.84232525,4.33465957,-6.00904128,21.18166316,-10.90116104,1.62978007,-61.60020822,-20.93686318,-15.2150838
24.505,18.15314301,1.02379991,-9.94530135,-14.58183012,4.37769494,-5.97783935,22.02274182,-10.40394024,1.62340992,-62.08110236,-20.01182348,-14.87979046
24.51,17.52978574,0.73367447,-10.05545528,-14.33361557,4.43162251,-5.93656511,22.83197678,-9.91603039,1.56924229,-62.48481527,-19.10856987,-14.574718
24.515,16.90619172,0.44703336,-10.18112758,-14.09258481,4.49426242,-5.87938137,23.6131144,-9.44739649,1.47784346,-62.81491722,-18.22461782,-14.28156125
24.52,16.28227164,0.16071318,-10.31640917,-13.85662606,4.56784973,-5.80909708,24.36512568,-8.99509176,1.34788454,-63.06660117,-17.36592417,-14.01190654
24.525,15.65593167,-0.12036927,-10.46814305,-13.62515533,4.65029382,-5.72637459,25.08813364,-8.56343412,1.18695587,-63.24554079,-16.5376839,-13.76712617
24.53,15.02631523,-0.39649135,-10.63094067,-13.39483853,4.74331152,-5.63106727,25.78166301,-8.15191662,0.99653859,-63.34873232,-15.74020122,-13.54282653
24.535,14.39310682,-0.66935847,-10.80663255,-13.16784932,4.84788552,-5.51911523,26.44455868,-7.7592973,0.77869087,-63.37733757,-14.96416229,-13.32592619
24.54,13.74962651,-0.92427277,-11.00528728,-12.93664134,4.9643273,-5.38566583,27.07911738,-7.39730639,0.54998139,-63.33560857,-14.21895025,-13.11227614
24.545,13.11108329,-1.18875296,-11.19718506,-12.70755642,5.08098032,-5.2630237,27.68382151,-7.04131688,0.28421184,-63.21430886,-13.50887513,-12.94439444
24.55,12.46341378,-1.43903036,-11.39971086,-12.47118441,5.20220163,-5.12545187,28.26231974,-6.70597094,0.01690206,-63.02549695,-12.82642163,-12.78118952
24.555,11.80375766,-1.67317946,-11.61777693,-12.22953444,5.33282319,-4.97241671,28.8054534,-6.40098953,-0.26360055,-62.76032806,-12.16877906,-12.6110937
24.56,11.13735543,-1.9001127,-11.85156544,-11.98074434,5.46560019,-4.81480063,29.3192701,-6.11485951,-0.55813044,-62.42537784,-11.54112974,-12.44732745
24.565,10.46224972,-2.11505669,-12.09169846,-11.72288863,5.59862563,-4.65179342,29.80455906,-5.84561813,-0.8505811,-62.01994464,-10.93921778,-12.2874807
24.57,9.77569535,-2.31617342,-12.33606103,-11.45236644,5.73164308,-4.48257255,30.25920566,-5.59614731,-1.14434792,-61.54405207,-10.36544708,-12.12540732
24.575,9.08481146,-2.50481095,-12.58838269,-11.17085632,5.85721084,-4.3184272,30.68759169,-5.36616779,-1.44115946,-60.99747808,-9.81982559,-11.96878624
24.58,8.38082125,-2.67721353,-12.83051339,-10.87271186,5.97998861,-4.14792185,31.08716557,-5.14695642,-1.71612907,-60.38050405,-9.29854651,-11.80918932
24.585,7.68181283,-2.83664774,-13.09035435,-10.56581809,6.08672693,-3.99736581,31.47052094,-4.95133058,-1.99932194,-59.69914258,-8.80633796,-11.6641679
24.59,6.95741008,-2.97908454,-13.32628563,-10.23149585,6.19621813,-3.829079,31.81366971,-4.76192928,-2.25357249,-58.94318572,-8.33637388,-11.50217135
24.595,6.23270271,-3.11592017,-13.57944814,-9.8945301,6.28364294,-3.67368961,32.12587432,-4.59477866,-2.52645665,-58.11522337,-7.89202233,-11.34174467
24.6,5.50933808,-3.22761691,-13.81481425,-9.53285309,6.35965378,-3.5302498,32.42898162,-4.43832763,-2.76280584,-57.22385187,-7.47511338,-11.20067225
24.605,4.78390214,-3.32929331,-14.04863269,-9.15968659,6.4201897,-3.39595415,32.70538911,-4.29581339,-2.99347336,-56.26151302,-7.08245385,-11.06481764
24.61,4.05178556,-3.4167779,-14.27041531,-8.76832627,6.46773329,-3.26596335,32.95510832,-4.16566345,-3.21051963,-55.23075068,-6.71422619,-10.93587861
24.615,3.32974744,-3.49076617,-14.48455124,-8.3659358,6.49611729,-3.15038838,33.19006254,-4.0479654,-3.41139574,-54.13115575,-6.37020924,-10.82701774
24.62,2.61152469,-3.5531434,-14.68238735,-7.94817421,6.50701151,-3.04458142,33.40616092,-3.93895744,-3.59539517,-52.96269535,-6.04869029,-10.73620032
24.625,1.89320065,-3.60515028,-14.87485494,-7.52304435,6.50519236,-2.94603734,33.59308857,-3.84522781,-3.77559703,-51.72384163,-5.74791146,-10.66229667
24.63,1.1967933,-3.64349937,-15.05408844,-7.08852656,6.48814619,-2.86319241,33.77517866,-3.76397023,-3.93682806,-50.41867123,-5.46897388,-10.61951271
24.635,0.63658718,-3.63795369,-15.25422608,-6.66566125,6.44666396,-2.84803128,34.07831486,-3.70485513,-4.03143721,-49.07136658,-5.18086915,-10.66027379
24.64,-0.15321254,-3.70293893,-15.35461651,-6.20210141,6.39429856,-2.73936116,34.08715653,-3.62349212,-4.22438566,-47.59621229,-4.96556027,-10.6126443
24.645,-0.81449372,-3.71752764,-15.5060378,-5.75915379,6.34288138,-2.67550009,34.20383786,-3.58352496,-4.37514379,-46.08106901,-4.73846037,-10.65301189
24.65,-1.33022501,-3.69253741,-15.65752641,-5.32944501,6.25814693,-2.65907302,34.44831544,-3.55312527,-4.43846267,-44.52588162,-4.47522489,-10.73877542
24.655,-2.04411299,-3.742136,-15.71824386,-4.87875481,6.17528785,-2.60110996,34.41432011,-3.51285382,-4.62902649,-42.83955046,-4.3308727,-10.82011468
24.66,-2.62226303,-3.74758119,-15.80488834,-4.44800505,6.075163,-2.5609463,34.49358561,-3.49326794,-4.74420046,-41.11511905,-4.14157952,-10.94434632
24.665,-3.17330257,-3.75183844,-15.87435133,-4.02989651,5.9701318,-2.53385898,34.5534131,-3.48682379,-4.86338454,-39.32209365,-3.96416961,-11.0912246
24.67,-3.6940213,-3.75205003,-15.92805379,-3.62601188,5.85718827,-2.51029103,34.59715818,-3.49357286,-4.9798365,-37.46454967,-3.79397726,-11.25383395
24.675,-4.19207901,-3.74893179,-15.96796339,-3.23803128,5.74624856,-2.48998108,34.61328836,-3.51717504,-5.10328817,-35.54386658,-3.63457922,-11.43055779
24.68,-4.65565502,-3.740577,-15.99503496,-2.8705067,5.62848933,-2.46753882,34.61717002,-3.55493922,-5.22338342,-33.56870989,-3.47776521,-11.6065543
24.685,-5.08957107,-3.73174507,-15.99847907,-2.52576187,5.505174,-2.43906984,34.5997125,-3.60324568,-5.33965328,-31.53784365,-3.32920502,-11.77325503
24.69,-5.5134404,-3.71402236,-16.00694824,-2.20120197,5.40037594,-2.41575325,34.54226171,-3.68178826,-5.48622532,-29.46071701,-3.18756728,-11.94049151
24.695,-5.89170396,-3.69290122,-15.98926382,-1.90760343,5.27538896,-2.37310427,34.48236757,-3.76659338,-5.6062905,-27.34417967,-3.05468366,-12.06417566
24.7,-6.26659788,-3.66488483,-15.9683216,-1.63411277,5.17195135,-2.33039372,34.38016621,-3.87798764,-5.75858851,-25.19790457,-2.93137331,-12.16951087
24.705,-6.57952117,-3.59323597,-15.99381686,-1.38403779,5.02504934,-2.26993269,34.32104592,-4.01861341,-5.86609418,-23.05988998,-2.74818039,-12.24489292
24.71,-6.97131801,-3.58555859,-15.90187072,-1.17026953,4.99911946,-2.21711185,34.096816,-4.16108513,-6.08759798,-20.86627843,-2.70376172,-12.25247766
24.715,-7.30630397,-3.53482439,-15.86229319,-0.98052157,4.91261419,-2.13546515,33.91962955,-4.3257568,-6.24983189,-18.70607978,-2.60485103,-12.20449464
24.72,-7.63454107,-3.47739543,-15.81579295,-0.81713722,4.84003926,-2.03978642,33.71844419,-4.50886578,-6.42137653,-16.56873681,-2.50839218,-12.10251657
24.725,-7.95477972,-3.41244835,-15.76669038,-0.68236107,4.76756872,-1.92576579,33.50037643,-4.70707164,-6.58846856,-14.4730701,-2.4216997,-11.93870049
24.73,-8.27490484,-3.33891611,-15.71158524,-0.57615676,4.70297389,-1.79292023,33.26530597,-4.9210322,-6.75163302,-12.44210085,-2.34047715,-11.7066237
24.735,-8.60650895,-3.25131325,-15.64386655,-0.50364471,4.66908403,-1.64211166,33.00679126,-5.15753425,-6.90913241,-10.49827809,-2.24549467,-11.38231833
24.74,-8.86084201,-3.1140956,-15.61226127,-0.46846018,4.56132435,-1.50013203,32.8384585,-5.41646728,-6.95975281,-8.67282947,-2.24192756,-11.13539499
24.745,-9.2288133,-3.08625581,-15.54625138,-0.43622892,4.57486818,-1.30315067,32.52615033,-5.6195989,-7.14096682,-6.92483611,-2.0839452,-10.64195362
24.75,-9.55151074,-3.00135866,-15.51083409,-0.44604025,4.53783916,-1.10825691,32.28380923,-5.85134594,-7.22198277,-5.32752171,-1.97798927,-10.16146525
24.755,-9.86529101,-2.93310111,-15.4755054,-0.48493465,4.50840822,-0.90809685,32.05522993,-6.06887544,-7.27056734,-3.86161911,-1.88175007,-9.68686203
24.76,-10.18199633,-2.88122164,-15.45098577,-0.55119963,4.47538879,-0.69683117,31.83241953,-6.2692705,-7.28863698,-2.53316594,-1.78785548,-9.19400004
24.765,-10.50099116,-2.853193,-15.43601441,-0.64491142,4.43695061,-0.474558,31.61603756,-6.44527288,-7.27807099,-1.34456145,-1.70028128,-8.69459235
24.77,-10.82270894,-2.85334495,-15.43148995,-0.76508799,4.3925786,-0.24458896,31.40665995,-6.59151323,-7.24093575,-0.29762495,-1.62238286,-8.19877189
24.775,-11.15016517,-2.88741271,-15.44030049,-0.91013953,4.33798637,-0.00397529,31.20176357,-6.70241958,-7.18056024,0.60709375,-1.55263542,-7.70867922
24.78,-11.48123324,-2.9565817,-15.46196732,-1.08001462,4.27014058,0.24241109,31.00379102,-6.77525645,-7.09804217,1.36997436,-1.49902598,-7.23726988
24.785,-11.81948103,-3.06552343,-15.49912155,-1.27240116,4.18883643,0.49721959,30.80982055,-6.80472631,-6.99923331,1.99263135,-1.4578023,-6.78371474
24.79,-12.16184095,-3.21458174,-15.55057554,-1.48705757,4.08519299,0.75684338,30.62346508,-6.78898979,-6.88150014,2.47674334,-1.43784478,-6.35909593
24.795,-12.50842129,-3.40420637,-15.61295103,-1.72351187,3.96157832,1.02121037,30.44444424,-6.72728973,-6.74896998,2.82585588,-1.44073565,-5.96419595
24.8,-12.85925352,-3.63560657,-15.69133585,-1.98622241,3.810769,1.29315759,30.27210578,-6.61766547,-6.60669499,3.04088627,-1.47191388,-5.59680959
24.805,-13.15360907,-3.8841994,-15.78259812,-2.26282849,3.57375301,1.49125273,30.16998107,-6.47113726,-6.41363351,3.14135699,-1.58506812,-5.32684936
24.81,-13.56242398,-4.21553552,-15.90354886,-2.58389022,3.40902818,1.83181595,29.96056221,-6.25374415,-6.29272347,3.09328705,-1.63392444,-4.98231372
24.815,-13.89846702,-4.56710131,-16.02910116,-2.9174821,3.1389622,2.09349565,29.83449838,-5.99803765,-6.12516656,2.94507555,-1.76324088,-4.73564074
24.82,-14.24216914,-4.95569095,-16.17790377,-3.27543947,2.83841077,2.35620369,29.7165169,-5.69258194,-5.95452449,2.6777664,-1.92464721,-4.52819337
24.825,-14.51331973,-5.35482671,-16.32889324,-3.64684672,2.46517995,2.51786649,29.70503008,-5.3526405,-5.7481956,2.27555941,-2.10966205,-4.39402948
24.83,-14.90930099,-5.83347747,-16.5327962,-4.07770122,2.11584082,2.85137419,29.52850954,-4.94764853,-5.61099871,1.8310407,-2.35471384,-4.25602482
24.835,-15.1383312,-6.28701842,-16.71097956,-4.51850365,1.64007405,2.9834955,29.5653673,-4.53898087,-5.40971936,1.2379683,-2.57622995,-4.18521276
24.84,-15.49845044,-6.82450364,-16.93963663,-5.00958544,1.18238535,3.26821701,29.43469988,-4.05170472,-5.27468749,0.62759213,-2.91813149,-4.17402275
24.845,-15.69446617,-7.33265813,-17.14991811,-5.52397879,0.60378453,3.37621468,29.49926034,-3.57139979,-5.08728839,-0.11307514,-3.17505212,-4.16699683
24.85,-16.00061833,-7.90964553,-17.40482687,-6.09153822,0.03246271,3.58708753,29.41317291,-3.02640954,-4.95209725,-0.85447219,-3.59520186,-4.28902811
24.855,-16.14672229,-8.45809142,-17.63201552,-6.68887907,-0.65719312,3.65186554,29.50458938,-2.49506248,-4.78350636,-1.70066911,-3.87433932,-4.34559838
24.86,-16.29561243,-9.04514444,-17.87003253,-7.33758406,-1.39690541,3.70065309,29.55839465,-1.92782873,-4.65270139,-2.55764803,-4.23936676,-4.47349809
24.865,-16.49590215,-9.65699211,-18.1365478,-8.04778809,-2.14260977,3.73774061,29.51884567,-1.33038284,-4.51260151,-3.41103646,-4.73886843,-4.80363922
24.87,-16.57686059,-10.26388794,-18.37627397,-8.80213067,-2.99374626,3.69229726,29.57683316,-0.73640694,-4.36264259,-4.29959538,-5.11768273,-5.06267338
24.875,-16.60924079,-10.8791273,-18.61135356,-9.61243461,-3.90683042,3.56345299,29.64489445,-0.13775471,-4.23798405,-5.19991399,-5.49122602,-5.35544268
24.88,-16.56801799,-11.4999402,-18.84505888,-10.47147253,-4.88516606,3.43751833,29.75386538,0.45896003,-4.14751981,-6.11888743,-5.72441637,-5.54510068
24.885,-16.51499327,-12.13786928,-19.02303825,-11.41260552,-5.92320109,3.05744923,29.78281432,1.06800886,-4.03430922,-6.96388392,-6.19396146,-6.00444347
24.89,-16.37660403,-12.77800101,-19.2351324,-12.39929902,-7.02750823,2.72574345,29.86064201,1.66464474,-3.98411308,-7.82300634,-6.47712973,-6.3120286
24.895,-16.18698302,-13.43089643,-19.36087241,-13.45168906,-8.19820908,2.23443737,29.90628076,2.26768692,-3.89075773,-8.62440423,-6.76276831,-6.69565455
24.9,-15.92907309,-14.07260851,-19.46218465,-14.5705152,-9.43353994,1.62767465,29.95244256,2.84171944,-3.8279782,-9.4113681,-6.96029686,-7.13225247
24.905,-15.61576723,-14.75228597,-19.57168268,-15.74134856,-10.70505625,1.04177834,29.9739596,3.43631694,-3.81137238,-10.12672909,-7.14658202,-7.42122371
24.91,-15.23293505,-15.42433633,-19.60344297,-16.98217523,-12.04541651,0.27383326,29.97037016,4.00267794,-3.78914053,-10.7932383,-7.25763913,-7.78552163
24.915,-14.78567143,-16.08818333,-19.57668092,-18.27678413,-13.42832633,-0.59153072,29.95744401,4.54398812,-3.78845949,-11.43463933,-7.28874323,-8.15846597
24.92,-14.27913934,-16.76951079,-19.52348744,-19.6225406,-14.84300453,-1.49657845,29.90870999,5.08672396,-3.81235631,-11.99812131,-7.28459774,-8.47671876
24.925,-13.71945838,-17.48043982,-19.45443536,-21.01957485,-16.27395772,-2.40943239,29.81789013,5.64338652,-3.84992362,-12.47508609,-7.2714862,-8.72913131
24.93,-13.07510429,-18.13905415,-19.25131926,-22.46814834,-17.74753123,-3.52423401,29.71579376,6.12192703,-3.90383459,-12.93991142,-7.12363071,-9.05111227
24.935,-12.38677309,-18.84884014,-19.05591945,-23.95629584,-19.19972067,-4.56640324,29.55800806,6.64173571,-3.96865059,-13.29019299,-7.01309023,-9.27330573
24.94,-11.61231707,-19.49340357,-18.72841433,-25.49219084,-20.66599972,-5.75626798,29.39468931,7.07878554,-4.05365204,-13.63657536,-6.76723027,-9.53795454
24.945,-10.7877195,-20.15655092,-18.36620948,-27.05912599,-22.09310827,-6.91705773,29.18292273,7.52479177,-4.15251658,-13.8955733,-6.53247124,-9.7465886
24.95,-9.93271121,-20.85101254,-18.01040697,-28.6501512,-23.47092436,-7.96815611,28.92615215,7.99871816,-4.27379994,-14.08240455,-6.31046454,-9.9122781
24.955,-8.95754423,-21.40964227,-17.41625021,-30.27751756,-24.81498401,-9.22825463,28.65392523,8.33368823,-4.36044191,-14.23382087,-5.93242819,-10.10997036
24.96,-7.97995189,-22.05238653,-16.89920385,-31.91058767,-26.08116365,-10.28694408,28.32604608,8.7515285,-4.49123363,-14.29799338,-5.6708223,-10.23763608
24.965,-6.89228464,-22.53530413,-16.18138498,-33.56887325,-27.2790253,-11.46388967,28.00453587,9.02366804,-4.60153946,-14.36865648,-5.25259002,-10.38863157
24.97,-5.78011322,-23.03425377,-15.45228438,-35.22587111,-28.37766382,-12.51693881,27.63088094,9.32043736,-4.72991696,-14.35874683,-4.89258622,-10.50537039
24.975,-4.61894527,-23.47739751,-14.6551978,-36.88231637,-29.37580392,-13.51327914,27.2290116,9.58091428,-4.85567052,-14.30470353,-4.52795169,-10.6099532
24.98,-3.41572289,-23.86291134,-13.79443511,-38.53276351,-30.26200212,-14.44023483,26.7977213,9.80686431,-4.98402414,-14.20860986,-4.16624032,-10.7079087
24.985,-2.19444909,-24.21967379,-12.89310077,-40.1717603,-31.0204618,-15.27930582,26.31801761,10.02491213,-5.12798637,-14.05937251,-3.8634543,-10.80355104
24.99,-0.91644741,-24.46111275,-11.91169029,-41.78986911,-31.67057492,-16.06733938,25.83600073,10.16726936,-5.25355274,-13.89191833,-3.51651425,-10.89975426
24.995,0.38487573,-24.63179099,-10.8987693,-43.38146219,-32.19138407,-16.76588161,25.3319977,10.27616732,-5.3716197,-13.6923757,-3.1909717,-10.98921231
25,1.7052541,-24.72443766,-9.85171394,-44.94208082,-32.58723174,-17.38205882,24.80598062,10.34710424,-5.48820165,-13.46418509,-2.88540176,-11.08268706
